#=====================================================
# File created:        Sat-18-Oct-2025-at-08-22-11PM
# Size of lattice:     72x72
# Number of MC steps:  206
# Reduced temperature: 0.500
# Run time (s):        10.549143
#=====================================================
# MC step:  Ratio:     Energy:   Order:
#=====================================================
   00000    0.5000   -5207.4313  0.2634 
   00001    0.6769   -7629.3007  0.2787 
   00002    0.6142   -9269.8283  0.2868 
   00003    0.5835  -10498.2065  0.2826 
   00004    0.5739  -11371.3213  0.2807 
   00005    0.5201  -12152.7801  0.2860 
   00006    0.5156  -12811.4799  0.2870 
   00007    0.5052  -13156.3067  0.2860 
   00008    0.5012  -13579.5689  0.2883 
   00009    0.4986  -13936.4981  0.2966 
   00010    0.4805  -14257.8638  0.2965 
   00011    0.4838  -14556.5099  0.2941 
   00012    0.4635  -14768.9239  0.2961 
   00013    0.4655  -14970.1646  0.2972 
   00014    0.4614  -15115.0547  0.3019 
   00015    0.4444  -15279.9211  0.3002 
   00016    0.4502  -15372.1150  0.3040 
   00017    0.4551  -15508.1838  0.3074 
   00018    0.4487  -15619.7856  0.3087 
   00019    0.4498  -15720.3959  0.3089 
   00020    0.4444  -15838.1518  0.3080 
   00021    0.4466  -15876.1549  0.3121 
   00022    0.4454  -15917.1173  0.3079 
   00023    0.4416  -16013.5347  0.3087 
   00024    0.4321  -16097.1598  0.3084 
   00025    0.4389  -16177.5957  0.3067 
   00026    0.4462  -16238.7791  0.3020 
   00027    0.4277  -16248.5503  0.3001 
   00028    0.4400  -16339.7402  0.3026 
   00029    0.4385  -16300.2128  0.3035 
   00030    0.4352  -16355.4587  0.3067 
   00031    0.4217  -16354.7459  0.3131 
   00032    0.4377  -16372.1191  0.3120 
   00033    0.4369  -16371.4720  0.3142 
   00034    0.4228  -16422.8374  0.3171 
   00035    0.4273  -16446.0543  0.3144 
   00036    0.4298  -16493.3242  0.3167 
   00037    0.4259  -16529.1287  0.3188 
   00038    0.4246  -16485.3855  0.3240 
   00039    0.4313  -16519.5608  0.3170 
   00040    0.4294  -16554.5053  0.3176 
   00041    0.4371  -16566.2693  0.3167 
   00042    0.4275  -16601.0221  0.3140 
   00043    0.4352  -16583.1345  0.3083 
   00044    0.4226  -16621.0729  0.3067 
   00045    0.4198  -16615.6511  0.3046 
   00046    0.4342  -16691.9953  0.3086 
   00047    0.4377  -16798.3979  0.3125 
   00048    0.4213  -16801.6832  0.3128 
   00049    0.4186  -16692.1585  0.3127 
   00050    0.4323  -16752.3307  0.3147 
   00051    0.4184  -16755.1040  0.3135 
   00052    0.4381  -16771.6328  0.3174 
   00053    0.4358  -16778.9313  0.3228 
   00054    0.4184  -16777.4907  0.3250 
   00055    0.4375  -16841.0273  0.3271 
   00056    0.4192  -16828.9101  0.3259 
   00057    0.4215  -16868.8219  0.3267 
   00058    0.4271  -16836.5289  0.3256 
   00059    0.4360  -16923.6796  0.3276 
   00060    0.4284  -16889.6413  0.3232 
   00061    0.4296  -16886.5518  0.3233 
   00062    0.4282  -16910.8658  0.3265 
   00063    0.4167  -16901.5810  0.3289 
   00064    0.4315  -16912.5670  0.3310 
   00065    0.4198  -16968.8506  0.3311 
   00066    0.4298  -16984.0716  0.3277 
   00067    0.4255  -17008.2974  0.3294 
   00068    0.4167  -16999.7193  0.3351 
   00069    0.4252  -17009.5781  0.3379 
   00070    0.4209  -16962.4570  0.3399 
   00071    0.4296  -17004.4413  0.3389 
   00072    0.4226  -16926.5967  0.3357 
   00073    0.4296  -16959.0677  0.3293 
   00074    0.4207  -16975.7399  0.3310 
   00075    0.4159  -17006.0322  0.3301 
   00076    0.4149  -17061.4870  0.3256 
   00077    0.4194  -16984.2126  0.3213 
   00078    0.4174  -17042.6261  0.3236 
   00079    0.4279  -17004.2395  0.3262 
   00080    0.4269  -16984.9576  0.3271 
   00081    0.4180  -17055.1915  0.3265 
   00082    0.4182  -17095.5272  0.3262 
   00083    0.4217  -17030.6325  0.3231 
   00084    0.4290  -17068.5136  0.3235 
   00085    0.4203  -17086.3395  0.3222 
   00086    0.4269  -17069.8313  0.3270 
   00087    0.4124  -17119.3851  0.3283 
   00088    0.4039  -17166.4010  0.3319 
   00089    0.4097  -17183.8999  0.3326 
   00090    0.4248  -17177.2094  0.3337 
   00091    0.4176  -17172.2075  0.3345 
   00092    0.4232  -17157.2136  0.3354 
   00093    0.4265  -17167.7379  0.3345 
   00094    0.4286  -17187.5054  0.3353 
   00095    0.4319  -17174.1344  0.3378 
   00096    0.4223  -17212.9191  0.3412 
   00097    0.4120  -17151.5635  0.3427 
   00098    0.4223  -17184.5484  0.3435 
   00099    0.4217  -17295.2569  0.3444 
   00100    0.4219  -17300.2443  0.3463 
   00101    0.4253  -17291.0135  0.3474 
   00102    0.4080  -17256.1525  0.3475 
   00103    0.4182  -17302.3717  0.3503 
   00104    0.4307  -17320.2075  0.3499 
   00105    0.4132  -17303.9964  0.3477 
   00106    0.4134  -17292.4413  0.3481 
   00107    0.4240  -17234.8773  0.3509 
   00108    0.4304  -17216.0680  0.3479 
   00109    0.4115  -17204.6343  0.3504 
   00110    0.4188  -17306.9255  0.3507 
   00111    0.4128  -17318.9480  0.3534 
   00112    0.4062  -17316.7015  0.3583 
   00113    0.4103  -17295.4182  0.3635 
   00114    0.4192  -17213.1966  0.3619 
   00115    0.4207  -17213.6565  0.3630 
   00116    0.4165  -17227.6089  0.3655 
   00117    0.4252  -17218.4336  0.3677 
   00118    0.4111  -17199.6408  0.3665 
   00119    0.4275  -17191.0516  0.3647 
   00120    0.4198  -17190.7422  0.3645 
   00121    0.4163  -17274.7980  0.3634 
   00122    0.4188  -17298.0870  0.3634 
   00123    0.4059  -17330.8966  0.3696 
   00124    0.4086  -17345.7153  0.3726 
   00125    0.4039  -17361.4412  0.3724 
   00126    0.4118  -17387.7327  0.3755 
   00127    0.4180  -17377.1516  0.3757 
   00128    0.4047  -17373.2267  0.3762 
   00129    0.4136  -17385.6965  0.3780 
   00130    0.4165  -17422.1229  0.3755 
   00131    0.4315  -17470.4229  0.3797 
   00132    0.4140  -17439.3896  0.3825 
   00133    0.4059  -17460.8142  0.3795 
   00134    0.4213  -17439.9801  0.3774 
   00135    0.4045  -17394.0419  0.3753 
   00136    0.4149  -17471.2337  0.3799 
   00137    0.4093  -17447.7089  0.3850 
   00138    0.4145  -17389.0808  0.3817 
   00139    0.4095  -17438.9571  0.3801 
   00140    0.4211  -17438.0303  0.3793 
   00141    0.4055  -17370.3756  0.3772 
   00142    0.4257  -17272.2079  0.3738 
   00143    0.4140  -17284.0723  0.3822 
   00144    0.4134  -17254.5248  0.3824 
   00145    0.4134  -17322.5626  0.3834 
   00146    0.4142  -17399.7010  0.3826 
   00147    0.4309  -17386.0927  0.3851 
   00148    0.4217  -17427.0539  0.3834 
   00149    0.4304  -17454.1294  0.3880 
   00150    0.4097  -17404.3863  0.3853 
   00151    0.4084  -17368.4576  0.3842 
   00152    0.4122  -17421.4368  0.3829 
   00153    0.4082  -17401.2357  0.3847 
   00154    0.4182  -17313.2647  0.3820 
   00155    0.4213  -17362.9616  0.3817 
   00156    0.4228  -17303.3414  0.3821 
   00157    0.4159  -17330.6395  0.3823 
   00158    0.4159  -17365.8263  0.3854 
   00159    0.4199  -17383.2170  0.3888 
   00160    0.4132  -17439.2762  0.3905 
   00161    0.4124  -17378.4267  0.3927 
   00162    0.4064  -17399.9229  0.3904 
   00163    0.4167  -17397.2582  0.3861 
   00164    0.4049  -17386.2362  0.3862 
   00165    0.4111  -17339.5672  0.3873 
   00166    0.4122  -17293.5831  0.3893 
   00167    0.4147  -17331.8809  0.3874 
   00168    0.4290  -17350.1109  0.3924 
   00169    0.4120  -17320.0929  0.3954 
   00170    0.4192  -17360.6779  0.3966 
   00171    0.4219  -17366.4121  0.3938 
   00172    0.4236  -17324.7712  0.3911 
   00173    0.4151  -17352.1608  0.3923 
   00174    0.4188  -17446.6771  0.3933 
   00175    0.4180  -17498.6987  0.3980 
   00176    0.4062  -17382.7429  0.3964 
   00177    0.4028  -17406.0580  0.3981 
   00178    0.4142  -17361.3533  0.3971 
   00179    0.4211  -17393.4518  0.3973 
   00180    0.4103  -17363.1317  0.3994 
   00181    0.4184  -17387.7263  0.3994 
   00182    0.4234  -17385.4647  0.3993 
   00183    0.4207  -17449.7131  0.4017 
   00184    0.4151  -17517.7969  0.4001 
   00185    0.3989  -17469.3222  0.4007 
   00186    0.4138  -17463.1847  0.4057 
   00187    0.4049  -17489.9699  0.4014 
   00188    0.4072  -17513.4368  0.4010 
   00189    0.4203  -17490.2406  0.3993 
   00190    0.4163  -17490.2552  0.4006 
   00191    0.4134  -17445.1826  0.3981 
   00192    0.4049  -17450.8130  0.3959 
   00193    0.4084  -17425.9837  0.3968 
   00194    0.4138  -17397.6430  0.3972 
   00195    0.4290  -17432.1870  0.3992 
   00196    0.4171  -17455.0321  0.3995 
   00197    0.4068  -17374.7636  0.3961 
   00198    0.4082  -17455.9992  0.3948 
   00199    0.4107  -17429.7757  0.3981 
   00200    0.4118  -17417.9184  0.4005 
   00201    0.4064  -17453.5718  0.3990 
   00202    0.4201  -17442.1628  0.3958 
   00203    0.4304  -17439.0861  0.3971 
   00204    0.4118  -17434.1849  0.3986 
   00205    0.4101  -17481.5182  0.3949 
   00206    0.4120  -17415.9725  0.3965 
