#=====================================================
# File created:        Sat-18-Oct-2025-at-06-51-51PM
# Size of lattice:     72x72
# Number of MC steps:  132
# Reduced temperature: 0.500
# Run time (s):        9.045245
#=====================================================
# MC step:  Ratio:     Energy:   Order:
#=====================================================
   00000    0.5000   -5307.1434  0.2681 
   00001    0.6738   -7757.7436  0.2772 
   00002    0.6260   -9281.0467  0.2824 
   00003    0.5982  -10413.8345  0.2791 
   00004    0.5662  -11294.8348  0.2870 
   00005    0.5469  -11981.9923  0.2833 
   00006    0.5204  -12602.1882  0.2937 
   00007    0.5191  -13015.7265  0.3017 
   00008    0.5015  -13451.6283  0.3014 
   00009    0.4932  -13848.1927  0.3109 
   00010    0.4884  -14081.9877  0.3150 
   00011    0.4983  -14282.5860  0.3152 
   00012    0.4763  -14460.8225  0.3200 
   00013    0.4824  -14611.0053  0.3221 
   00014    0.4686  -14859.6729  0.3248 
   00015    0.4466  -15035.1146  0.3243 
   00016    0.4552  -15171.1602  0.3253 
   00017    0.4543  -15342.9692  0.3274 
   00018    0.4547  -15448.3689  0.3283 
   00019    0.4568  -15526.8924  0.3269 
   00020    0.4643  -15611.9558  0.3246 
   00021    0.4431  -15717.2268  0.3277 
   00022    0.4439  -15797.7261  0.3350 
   00023    0.4433  -15964.6470  0.3419 
   00024    0.4487  -15923.7314  0.3410 
   00025    0.4346  -16036.3414  0.3436 
   00026    0.4423  -16124.2680  0.3438 
   00027    0.4446  -16116.0690  0.3475 
   00028    0.4473  -16138.6149  0.3474 
   00029    0.4527  -16234.9634  0.3425 
   00030    0.4458  -16207.4735  0.3441 
   00031    0.4302  -16189.2420  0.3457 
   00032    0.4336  -16269.0671  0.3409 
   00033    0.4292  -16340.4846  0.3407 
   00034    0.4421  -16337.2335  0.3383 
   00035    0.4433  -16394.8140  0.3391 
   00036    0.4277  -16396.5616  0.3424 
   00037    0.4381  -16434.1629  0.3414 
   00038    0.4360  -16510.7997  0.3456 
   00039    0.4520  -16513.1240  0.3445 
   00040    0.4226  -16523.7186  0.3489 
   00041    0.4228  -16498.4247  0.3496 
   00042    0.4300  -16480.1755  0.3450 
   00043    0.4253  -16554.7697  0.3416 
   00044    0.4182  -16578.3028  0.3473 
   00045    0.4414  -16570.2065  0.3493 
   00046    0.4338  -16640.3052  0.3481 
   00047    0.4383  -16652.3463  0.3517 
   00048    0.4184  -16690.6226  0.3558 
   00049    0.4325  -16732.7185  0.3573 
   00050    0.4394  -16790.9139  0.3589 
   00051    0.4159  -16776.6300  0.3564 
   00052    0.4352  -16773.9193  0.3575 
   00053    0.4186  -16805.2257  0.3552 
   00054    0.4250  -16893.0804  0.3545 
   00055    0.4172  -16831.2358  0.3625 
   00056    0.4296  -16887.2665  0.3599 
   00057    0.4302  -16893.8035  0.3609 
   00058    0.4174  -16907.1149  0.3614 
   00059    0.4255  -16838.7821  0.3573 
   00060    0.4271  -16860.1306  0.3595 
   00061    0.4192  -16852.5773  0.3548 
   00062    0.4267  -16854.1268  0.3614 
   00063    0.4198  -16880.9682  0.3617 
   00064    0.4196  -16838.1685  0.3600 
   00065    0.4338  -16819.0934  0.3627 
   00066    0.4375  -16848.6074  0.3613 
   00067    0.4346  -16808.0051  0.3645 
   00068    0.4203  -16894.5185  0.3607 
   00069    0.4267  -16910.2905  0.3655 
   00070    0.4290  -16903.7686  0.3641 
   00071    0.4142  -16927.9870  0.3631 
   00072    0.4280  -16855.4819  0.3597 
   00073    0.4244  -16867.6731  0.3560 
   00074    0.4246  -16923.7561  0.3542 
   00075    0.4290  -16959.1866  0.3521 
   00076    0.4234  -16941.2337  0.3522 
   00077    0.4215  -16938.7994  0.3575 
   00078    0.4174  -17052.3328  0.3596 
   00079    0.4423  -17062.9670  0.3630 
   00080    0.4169  -17004.9927  0.3639 
   00081    0.4136  -17079.4599  0.3661 
   00082    0.4236  -17054.1505  0.3615 
   00083    0.4333  -17082.8901  0.3631 
   00084    0.4174  -17047.8771  0.3612 
   00085    0.4196  -17063.2730  0.3608 
   00086    0.4219  -17015.5302  0.3552 
   00087    0.4207  -17023.7797  0.3536 
   00088    0.4236  -17120.6527  0.3567 
   00089    0.4292  -17049.8932  0.3537 
   00090    0.4078  -17015.9574  0.3514 
   00091    0.4232  -17097.9769  0.3481 
   00092    0.4186  -17122.9721  0.3480 
   00093    0.4190  -17177.5138  0.3494 
   00094    0.4035  -17173.1104  0.3481 
   00095    0.4171  -17161.1974  0.3501 
   00096    0.4234  -17197.0813  0.3489 
   00097    0.4105  -17209.6593  0.3444 
   00098    0.4163  -17129.8003  0.3434 
   00099    0.4161  -17112.1950  0.3449 
   00100    0.4304  -17103.9368  0.3449 
   00101    0.4219  -17100.4190  0.3454 
   00102    0.4267  -17216.7095  0.3444 
   00103    0.4163  -17218.0591  0.3438 
   00104    0.4248  -17166.6471  0.3419 
   00105    0.4055  -17182.7693  0.3431 
   00106    0.4232  -17178.9287  0.3439 
   00107    0.4072  -17222.3728  0.3452 
   00108    0.4275  -17218.1027  0.3454 
   00109    0.4082  -17192.1069  0.3441 
   00110    0.4205  -17229.7428  0.3449 
   00111    0.4238  -17204.4136  0.3415 
   00112    0.4255  -17265.7286  0.3387 
   00113    0.4228  -17275.9804  0.3386 
   00114    0.4142  -17246.8199  0.3384 
   00115    0.4269  -17251.8397  0.3390 
   00116    0.4280  -17228.7238  0.3347 
   00117    0.4122  -17229.9798  0.3330 
   00118    0.4300  -17289.5055  0.3355 
   00119    0.4178  -17320.0358  0.3408 
   00120    0.4159  -17340.7090  0.3424 
   00121    0.4111  -17307.0956  0.3424 
   00122    0.4022  -17334.6040  0.3442 
   00123    0.4294  -17315.7266  0.3462 
   00124    0.4188  -17287.6570  0.3448 
   00125    0.4225  -17250.2270  0.3425 
   00126    0.4132  -17305.5429  0.3423 
   00127    0.4192  -17328.2392  0.3414 
   00128    0.4163  -17336.7237  0.3415 
   00129    0.4049  -17322.9892  0.3415 
   00130    0.4163  -17338.7130  0.3379 
   00131    0.4230  -17330.0365  0.3324 
   00132    0.4138  -17299.2276  0.3294 
