#=====================================================
# File created:        Sat-18-Oct-2025-at-08-22-53PM
# Size of lattice:     52x52
# Number of MC steps:  321
# Reduced temperature: 0.500
# Run time (s):        8.502774
#=====================================================
# MC step:  Ratio:     Energy:   Order:
#=====================================================
   00000    0.5000   -2613.5660  0.2587 
   00001    0.6879   -3995.5796  0.2693 
   00002    0.6176   -4833.9770  0.2770 
   00003    0.5921   -5451.0236  0.2837 
   00004    0.5444   -5947.1253  0.2872 
   00005    0.5322   -6358.3614  0.2821 
   00006    0.5100   -6687.6397  0.2813 
   00007    0.5070   -6912.7265  0.2863 
   00008    0.4982   -7136.2240  0.2893 
   00009    0.4830   -7268.6915  0.2858 
   00010    0.5041   -7434.7110  0.2971 
   00011    0.4893   -7591.7473  0.3073 
   00012    0.4660   -7712.5046  0.3066 
   00013    0.4586   -7784.6018  0.3057 
   00014    0.4527   -7834.8614  0.3069 
   00015    0.4682   -7918.4628  0.3108 
   00016    0.4575   -7994.2644  0.3144 
   00017    0.4534   -8034.0754  0.3130 
   00018    0.4549   -8101.5537  0.3167 
   00019    0.4456   -8175.1750  0.3149 
   00020    0.4556   -8240.2948  0.3209 
   00021    0.4575   -8324.0095  0.3249 
   00022    0.4360   -8340.1450  0.3300 
   00023    0.4353   -8351.5791  0.3345 
   00024    0.4449   -8427.4881  0.3345 
   00025    0.4538   -8426.0165  0.3381 
   00026    0.4301   -8487.4714  0.3426 
   00027    0.4393   -8505.7788  0.3411 
   00028    0.4301   -8562.4440  0.3386 
   00029    0.4083   -8544.9165  0.3417 
   00030    0.4316   -8543.9102  0.3413 
   00031    0.4238   -8579.3133  0.3464 
   00032    0.4379   -8658.5904  0.3459 
   00033    0.4124   -8687.5701  0.3465 
   00034    0.4087   -8690.5454  0.3424 
   00035    0.4294   -8697.7837  0.3489 
   00036    0.4412   -8694.4518  0.3542 
   00037    0.4153   -8719.8474  0.3647 
   00038    0.4342   -8733.8031  0.3675 
   00039    0.4264   -8736.2126  0.3678 
   00040    0.4345   -8696.0630  0.3714 
   00041    0.4179   -8724.3447  0.3729 
   00042    0.4249   -8756.4739  0.3730 
   00043    0.4297   -8736.7422  0.3720 
   00044    0.4131   -8775.8155  0.3746 
   00045    0.4116   -8749.3163  0.3683 
   00046    0.4186   -8708.2370  0.3722 
   00047    0.4331   -8697.2082  0.3724 
   00048    0.4305   -8711.1735  0.3770 
   00049    0.4327   -8766.7783  0.3823 
   00050    0.4264   -8753.1349  0.3772 
   00051    0.4553   -8744.9401  0.3755 
   00052    0.4131   -8703.8881  0.3700 
   00053    0.4220   -8720.7364  0.3698 
   00054    0.4238   -8701.7017  0.3677 
   00055    0.4283   -8734.3347  0.3648 
   00056    0.4286   -8705.5412  0.3587 
   00057    0.4375   -8762.6318  0.3605 
   00058    0.4242   -8795.9698  0.3612 
   00059    0.4209   -8741.6653  0.3645 
   00060    0.4257   -8760.0218  0.3637 
   00061    0.4157   -8833.0902  0.3662 
   00062    0.4334   -8838.6395  0.3658 
   00063    0.4175   -8839.2913  0.3700 
   00064    0.4220   -8873.9870  0.3697 
   00065    0.4205   -8923.2382  0.3683 
   00066    0.4186   -8856.3337  0.3627 
   00067    0.4427   -8878.9987  0.3625 
   00068    0.4179   -8917.5914  0.3637 
   00069    0.4109   -8920.1154  0.3680 
   00070    0.4168   -8914.9011  0.3687 
   00071    0.4430   -8914.3669  0.3671 
   00072    0.4183   -8946.4597  0.3622 
   00073    0.4190   -8901.7965  0.3624 
   00074    0.4127   -8907.2399  0.3635 
   00075    0.4283   -8877.6052  0.3601 
   00076    0.4175   -8895.3698  0.3699 
   00077    0.4124   -8872.9366  0.3614 
   00078    0.4209   -8878.4521  0.3579 
   00079    0.4161   -8964.7544  0.3588 
   00080    0.4201   -8947.0221  0.3557 
   00081    0.4205   -8938.1204  0.3541 
   00082    0.4297   -8931.0108  0.3566 
   00083    0.4179   -8948.4523  0.3604 
   00084    0.4146   -8941.9702  0.3578 
   00085    0.4205   -8956.6583  0.3627 
   00086    0.4194   -8998.4565  0.3666 
   00087    0.4131   -8932.3861  0.3639 
   00088    0.4216   -8969.9181  0.3619 
   00089    0.4142   -8957.8192  0.3656 
   00090    0.4345   -9016.9373  0.3648 
   00091    0.4109   -8996.8599  0.3565 
   00092    0.4205   -9003.1050  0.3595 
   00093    0.4238   -8951.8352  0.3620 
   00094    0.4364   -8959.9219  0.3676 
   00095    0.4164   -8949.3932  0.3637 
   00096    0.4157   -8958.1222  0.3622 
   00097    0.4249   -8977.7315  0.3608 
   00098    0.4175   -8999.0090  0.3637 
   00099    0.3916   -9034.9764  0.3718 
   00100    0.4083   -8987.8739  0.3695 
   00101    0.4283   -8990.3877  0.3758 
   00102    0.4179   -8995.2118  0.3681 
   00103    0.4075   -8991.4220  0.3726 
   00104    0.4124   -8965.8175  0.3680 
   00105    0.4260   -9006.7100  0.3748 
   00106    0.4124   -9007.7436  0.3756 
   00107    0.4268   -8948.0161  0.3780 
   00108    0.4345   -8989.6692  0.3807 
   00109    0.4283   -8981.9314  0.3716 
   00110    0.4131   -8992.1437  0.3729 
   00111    0.4083   -9055.1501  0.3716 
   00112    0.4031   -9033.2556  0.3739 
   00113    0.4212   -9032.2804  0.3713 
   00114    0.4035   -9014.7809  0.3756 
   00115    0.4157   -9006.6142  0.3789 
   00116    0.4246   -9002.8470  0.3778 
   00117    0.4087   -9050.5278  0.3788 
   00118    0.4042   -9040.2941  0.3801 
   00119    0.4257   -9064.5412  0.3775 
   00120    0.4135   -9071.8624  0.3767 
   00121    0.4038   -9063.5496  0.3779 
   00122    0.4075   -9070.1741  0.3768 
   00123    0.4090   -9069.3705  0.3808 
   00124    0.4186   -9064.1406  0.3715 
   00125    0.4075   -9063.7168  0.3765 
   00126    0.4190   -9054.1365  0.3745 
   00127    0.4035   -9081.0413  0.3709 
   00128    0.4201   -9078.9457  0.3691 
   00129    0.4197   -9055.3315  0.3706 
   00130    0.4183   -9045.0954  0.3669 
   00131    0.4271   -9045.2829  0.3709 
   00132    0.4112   -9033.7565  0.3742 
   00133    0.4116   -9059.2590  0.3672 
   00134    0.4393   -9060.1661  0.3647 
   00135    0.4120   -9081.2338  0.3610 
   00136    0.4053   -9043.4829  0.3620 
   00137    0.4098   -9070.0654  0.3591 
   00138    0.4246   -9074.9873  0.3633 
   00139    0.4175   -9115.8678  0.3652 
   00140    0.4175   -9160.3498  0.3584 
   00141    0.4053   -9179.3177  0.3614 
   00142    0.4205   -9166.8243  0.3626 
   00143    0.4146   -9148.2099  0.3639 
   00144    0.4001   -9131.1810  0.3715 
   00145    0.4124   -9123.8317  0.3717 
   00146    0.4268   -9122.1162  0.3812 
   00147    0.4249   -9104.4970  0.3896 
   00148    0.4109   -9096.8305  0.3908 
   00149    0.4112   -9053.6510  0.3868 
   00150    0.4183   -9002.0558  0.3803 
   00151    0.4197   -9048.2585  0.3824 
   00152    0.4216   -9076.9549  0.3817 
   00153    0.4297   -9080.9233  0.3798 
   00154    0.4161   -9081.0778  0.3814 
   00155    0.4320   -9059.2993  0.3788 
   00156    0.4020   -9030.0911  0.3793 
   00157    0.4120   -9021.6844  0.3805 
   00158    0.4024   -9066.4940  0.3832 
   00159    0.4157   -9099.3701  0.3785 
   00160    0.4194   -9059.5547  0.3796 
   00161    0.4283   -9083.0088  0.3746 
   00162    0.4146   -9061.1184  0.3723 
   00163    0.4179   -9051.6888  0.3779 
   00164    0.4072   -9049.2001  0.3778 
   00165    0.4408   -9102.8178  0.3797 
   00166    0.4090   -9057.7074  0.3806 
   00167    0.4120   -9036.7829  0.3791 
   00168    0.4068   -9026.5049  0.3775 
   00169    0.4072   -9034.8622  0.3803 
   00170    0.4105   -9013.6773  0.3827 
   00171    0.4186   -9031.5070  0.3778 
   00172    0.4042   -9035.8016  0.3763 
   00173    0.4216   -9113.8087  0.3778 
   00174    0.4064   -9112.0627  0.3772 
   00175    0.3961   -9142.4829  0.3794 
   00176    0.4005   -9146.5141  0.3775 
   00177    0.4138   -9127.7320  0.3810 
   00178    0.4209   -9090.1764  0.3884 
   00179    0.4205   -9096.0529  0.3886 
   00180    0.4149   -9109.6955  0.3867 
   00181    0.4216   -9136.0187  0.3810 
   00182    0.4253   -9118.5128  0.3766 
   00183    0.4135   -9059.8697  0.3745 
   00184    0.4253   -9059.4554  0.3798 
   00185    0.4090   -9034.9327  0.3734 
   00186    0.4101   -9078.9483  0.3738 
   00187    0.4031   -9067.5329  0.3736 
   00188    0.4168   -9119.4480  0.3743 
   00189    0.4190   -9147.6818  0.3681 
   00190    0.3987   -9158.9305  0.3705 
   00191    0.4260   -9185.4065  0.3707 
   00192    0.3998   -9181.5552  0.3771 
   00193    0.4042   -9195.8925  0.3718 
   00194    0.3976   -9230.5981  0.3769 
   00195    0.4164   -9181.2422  0.3724 
   00196    0.4227   -9169.1554  0.3669 
   00197    0.4146   -9193.8857  0.3671 
   00198    0.4175   -9160.1524  0.3683 
   00199    0.4238   -9176.5370  0.3654 
   00200    0.4268   -9084.4951  0.3582 
   00201    0.4124   -9095.9237  0.3565 
   00202    0.4142   -9016.5292  0.3553 
   00203    0.4146   -9078.2370  0.3559 
   00204    0.4146   -9073.7858  0.3616 
   00205    0.4357   -9100.6824  0.3633 
   00206    0.4290   -9091.3510  0.3600 
   00207    0.4194   -9111.8808  0.3623 
   00208    0.4212   -9110.7750  0.3675 
   00209    0.4027   -9120.8201  0.3713 
   00210    0.4290   -9110.0360  0.3651 
   00211    0.4057   -9111.4220  0.3668 
   00212    0.4005   -9107.1403  0.3684 
   00213    0.4101   -9097.7744  0.3703 
   00214    0.4246   -9178.7995  0.3749 
   00215    0.4146   -9166.0131  0.3720 
   00216    0.4083   -9184.7043  0.3683 
   00217    0.3968   -9178.8525  0.3689 
   00218    0.4083   -9198.6684  0.3691 
   00219    0.4234   -9184.4833  0.3674 
   00220    0.4068   -9144.7826  0.3614 
   00221    0.4146   -9196.4754  0.3629 
   00222    0.4242   -9189.1291  0.3589 
   00223    0.4183   -9196.5471  0.3617 
   00224    0.4098   -9162.1633  0.3588 
   00225    0.4186   -9186.6595  0.3578 
   00226    0.4135   -9175.8690  0.3679 
   00227    0.4105   -9150.4199  0.3660 
   00228    0.4105   -9191.4631  0.3657 
   00229    0.4031   -9180.9371  0.3654 
   00230    0.4038   -9171.5669  0.3694 
   00231    0.4257   -9166.5356  0.3680 
   00232    0.4223   -9129.9129  0.3653 
   00233    0.4146   -9120.6999  0.3646 
   00234    0.4253   -9103.5789  0.3638 
   00235    0.4194   -9089.7115  0.3704 
   00236    0.4212   -9156.1113  0.3710 
   00237    0.4068   -9153.6297  0.3782 
   00238    0.4205   -9158.8875  0.3802 
   00239    0.4209   -9126.0669  0.3745 
   00240    0.4064   -9113.5418  0.3738 
   00241    0.4279   -9119.4370  0.3749 
   00242    0.4020   -9097.9834  0.3737 
   00243    0.4098   -9117.9122  0.3720 
   00244    0.4105   -9154.7557  0.3747 
   00245    0.4194   -9189.9107  0.3724 
   00246    0.4116   -9176.1504  0.3700 
   00247    0.4001   -9160.6129  0.3709 
   00248    0.3957   -9168.1622  0.3713 
   00249    0.4153   -9157.6569  0.3739 
   00250    0.4223   -9114.5485  0.3703 
   00251    0.4109   -9097.2964  0.3681 
   00252    0.4331   -9119.2804  0.3691 
   00253    0.4127   -9167.3837  0.3680 
   00254    0.4135   -9172.0059  0.3712 
   00255    0.4161   -9175.2507  0.3722 
   00256    0.4175   -9191.6744  0.3739 
   00257    0.4172   -9115.6811  0.3729 
   00258    0.3939   -9176.3133  0.3754 
   00259    0.3994   -9204.4030  0.3775 
   00260    0.4109   -9192.9337  0.3773 
   00261    0.4127   -9183.0295  0.3725 
   00262    0.3968   -9158.7827  0.3695 
   00263    0.4183   -9136.9755  0.3704 
   00264    0.4138   -9185.2166  0.3730 
   00265    0.4238   -9186.5741  0.3725 
   00266    0.4194   -9148.3581  0.3718 
   00267    0.4246   -9135.2681  0.3729 
   00268    0.4138   -9137.7591  0.3713 
   00269    0.4172   -9171.4018  0.3715 
   00270    0.4068   -9168.1736  0.3753 
   00271    0.4131   -9136.2458  0.3714 
   00272    0.3865   -9178.7795  0.3720 
   00273    0.4079   -9166.6475  0.3757 
   00274    0.4116   -9185.7241  0.3742 
   00275    0.4227   -9152.7403  0.3712 
   00276    0.4312   -9130.0066  0.3687 
   00277    0.4249   -9142.3044  0.3744 
   00278    0.4227   -9151.6822  0.3749 
   00279    0.4190   -9111.2001  0.3694 
   00280    0.4201   -9122.9025  0.3684 
   00281    0.4201   -9140.6989  0.3654 
   00282    0.4131   -9139.7786  0.3628 
   00283    0.4168   -9089.3141  0.3605 
   00284    0.4260   -9110.6184  0.3622 
   00285    0.4124   -9092.2478  0.3635 
   00286    0.4105   -9110.1536  0.3604 
   00287    0.4068   -9091.9774  0.3620 
   00288    0.4183   -9092.0589  0.3603 
   00289    0.4035   -9122.5700  0.3574 
   00290    0.3979   -9100.8172  0.3599 
   00291    0.4179   -9112.5945  0.3606 
   00292    0.4183   -9104.4887  0.3616 
   00293    0.4175   -9157.9380  0.3584 
   00294    0.4205   -9127.0697  0.3576 
   00295    0.4271   -9166.4993  0.3550 
   00296    0.4050   -9196.9591  0.3557 
   00297    0.4138   -9226.5933  0.3548 
   00298    0.4172   -9189.0186  0.3524 
   00299    0.4138   -9183.0884  0.3502 
   00300    0.4327   -9180.7234  0.3488 
   00301    0.4101   -9131.8806  0.3472 
   00302    0.4286   -9106.9034  0.3484 
   00303    0.4157   -9106.7541  0.3461 
   00304    0.4194   -9128.1996  0.3471 
   00305    0.4246   -9148.1573  0.3471 
   00306    0.4072   -9138.2852  0.3424 
   00307    0.4249   -9126.4506  0.3384 
   00308    0.4116   -9136.1577  0.3427 
   00309    0.4072   -9132.4881  0.3368 
   00310    0.4101   -9098.6426  0.3383 
   00311    0.4201   -9079.8430  0.3414 
   00312    0.4353   -9093.1647  0.3413 
   00313    0.4175   -9129.0892  0.3393 
   00314    0.4157   -9121.2911  0.3409 
   00315    0.4135   -9103.2245  0.3389 
   00316    0.3931   -9123.5756  0.3438 
   00317    0.4035   -9160.4615  0.3420 
   00318    0.4120   -9189.8576  0.3367 
   00319    0.4061   -9168.7608  0.3352 
   00320    0.4001   -9175.1841  0.3417 
   00321    0.4175   -9122.5845  0.3380 
