#=====================================================
# File created:        Thu-23-Oct-2025-at-12-14-37PM
# Size of lattice:     52x52
# Number of MC steps:  321
# Reduced temperature: 0.500
# Run time (s):        3.706370
#=====================================================
# MC step:  Ratio:     Energy:   Order:
#=====================================================
   00000    0.5000   -2696.2041  0.2567 
   00001    0.6679   -3959.0844  0.2601 
   00002    0.6158   -4877.8109  0.2657 
   00003    0.5891   -5473.5433  0.2695 
   00004    0.5481   -5979.0636  0.2776 
   00005    0.5392   -6315.9571  0.2810 
   00006    0.5141   -6612.1582  0.2736 
   00007    0.5237   -6862.2072  0.2737 
   00008    0.4871   -7130.1643  0.2717 
   00009    0.4719   -7343.0914  0.2790 
   00010    0.4723   -7426.9251  0.2725 
   00011    0.4774   -7548.0557  0.2777 
   00012    0.4756   -7632.5401  0.2775 
   00013    0.4675   -7768.1516  0.2826 
   00014    0.4479   -7864.7155  0.2814 
   00015    0.4593   -7943.7148  0.2822 
   00016    0.4593   -7970.6557  0.2857 
   00017    0.4475   -8051.1551  0.2805 
   00018    0.4479   -8095.1164  0.2887 
   00019    0.4342   -8162.7382  0.2862 
   00020    0.4615   -8215.0612  0.2868 
   00021    0.4323   -8218.2464  0.2916 
   00022    0.4460   -8301.7409  0.2969 
   00023    0.4271   -8292.0368  0.3017 
   00024    0.4449   -8333.1106  0.3061 
   00025    0.4604   -8354.4753  0.3095 
   00026    0.4371   -8426.6769  0.3070 
   00027    0.4342   -8430.2669  0.3144 
   00028    0.4242   -8446.8814  0.3169 
   00029    0.4408   -8470.2266  0.3104 
   00030    0.4283   -8483.9088  0.3178 
   00031    0.4257   -8530.5366  0.3162 
   00032    0.4242   -8548.8424  0.3139 
   00033    0.4368   -8563.5649  0.3146 
   00034    0.4434   -8589.6360  0.3179 
   00035    0.4271   -8609.8400  0.3170 
   00036    0.4320   -8644.9883  0.3186 
   00037    0.4205   -8620.2090  0.3182 
   00038    0.4456   -8676.9269  0.3197 
   00039    0.4301   -8705.2314  0.3183 
   00040    0.4290   -8706.4755  0.3196 
   00041    0.4246   -8687.9838  0.3168 
   00042    0.4386   -8730.6208  0.3176 
   00043    0.4253   -8743.8406  0.3087 
   00044    0.4416   -8782.1496  0.3111 
   00045    0.4338   -8796.4767  0.3185 
   00046    0.4379   -8772.2456  0.3227 
   00047    0.4271   -8797.0746  0.3197 
   00048    0.4357   -8761.1768  0.3163 
   00049    0.4316   -8778.6550  0.3204 
   00050    0.4393   -8780.4231  0.3179 
   00051    0.4131   -8732.9826  0.3229 
   00052    0.4342   -8757.4679  0.3150 
   00053    0.4212   -8742.6034  0.3184 
   00054    0.4368   -8759.1597  0.3152 
   00055    0.4264   -8788.5448  0.3183 
   00056    0.4331   -8780.5965  0.3219 
   00057    0.4216   -8799.3074  0.3248 
   00058    0.4401   -8810.3779  0.3212 
   00059    0.4397   -8852.6455  0.3218 
   00060    0.4345   -8887.9438  0.3208 
   00061    0.4131   -8888.8181  0.3178 
   00062    0.4283   -8852.7061  0.3192 
   00063    0.4268   -8851.2680  0.3134 
   00064    0.4427   -8809.7939  0.3162 
   00065    0.4334   -8852.2132  0.3076 
   00066    0.4331   -8867.2237  0.3079 
   00067    0.4257   -8886.8268  0.3081 
   00068    0.4212   -8862.8476  0.3075 
   00069    0.4168   -8889.2828  0.3077 
   00070    0.4227   -8837.9241  0.3078 
   00071    0.4249   -8905.0912  0.3112 
   00072    0.4246   -8928.0884  0.3150 
   00073    0.4271   -8887.1549  0.3170 
   00074    0.4142   -8842.5824  0.3236 
   00075    0.4179   -8850.7439  0.3156 
   00076    0.4283   -8849.0324  0.3122 
   00077    0.4164   -8826.6721  0.3132 
   00078    0.4231   -8862.8619  0.3098 
   00079    0.4112   -8943.8191  0.3043 
   00080    0.4249   -8945.2695  0.3040 
   00081    0.4090   -8964.9818  0.3025 
   00082    0.4146   -8951.3967  0.3019 
   00083    0.4050   -8984.9764  0.3038 
   00084    0.4164   -8948.5415  0.3072 
   00085    0.4264   -8942.3543  0.3084 
   00086    0.4197   -8904.9296  0.3016 
   00087    0.4238   -8891.0482  0.3022 
   00088    0.4234   -8934.8344  0.3098 
   00089    0.4205   -8994.4012  0.3143 
   00090    0.4283   -8966.4398  0.3070 
   00091    0.4405   -9018.7552  0.3137 
   00092    0.4161   -8996.3287  0.3138 
   00093    0.4175   -8986.0244  0.3145 
   00094    0.4120   -9020.0364  0.3080 
   00095    0.4142   -8977.7764  0.3115 
   00096    0.4164   -8974.9327  0.3122 
   00097    0.4175   -8910.3925  0.3136 
   00098    0.4075   -8921.9563  0.3122 
   00099    0.4161   -8963.3088  0.3155 
   00100    0.4338   -8944.6071  0.3125 
   00101    0.4064   -8959.2843  0.3109 
   00102    0.4227   -8978.1538  0.3038 
   00103    0.4316   -8902.5274  0.3067 
   00104    0.4342   -8903.7880  0.3039 
   00105    0.4231   -8930.1766  0.3002 
   00106    0.4220   -8955.2573  0.3033 
   00107    0.4260   -8957.0312  0.2991 
   00108    0.4105   -8991.9495  0.3025 
   00109    0.4375   -8944.2933  0.2997 
   00110    0.4094   -8932.6411  0.3072 
   00111    0.4305   -8881.2178  0.3084 
   00112    0.4098   -8884.1390  0.3113 
   00113    0.4168   -8917.3598  0.3128 
   00114    0.4297   -8963.7376  0.3150 
   00115    0.4116   -8984.8625  0.3135 
   00116    0.4253   -8933.8028  0.3085 
   00117    0.4112   -8912.3469  0.3092 
   00118    0.4283   -8937.7758  0.3039 
   00119    0.4116   -8940.6064  0.3017 
   00120    0.4168   -8886.2763  0.3046 
   00121    0.4050   -8896.9847  0.2981 
   00122    0.4246   -8930.3996  0.3064 
   00123    0.4135   -8922.6921  0.3044 
   00124    0.4146   -8947.4226  0.3071 
   00125    0.4393   -8974.6266  0.3048 
   00126    0.4249   -8984.7709  0.3029 
   00127    0.4190   -8978.8098  0.2965 
   00128    0.4220   -8976.8753  0.3000 
   00129    0.4027   -8955.4852  0.2994 
   00130    0.4209   -8927.7998  0.2992 
   00131    0.4135   -8971.7256  0.2959 
   00132    0.4050   -8983.2463  0.2958 
   00133    0.4312   -8990.7058  0.2934 
   00134    0.4183   -9032.2094  0.2992 
   00135    0.4127   -9055.3186  0.2993 
   00136    0.4120   -9072.2102  0.2999 
   00137    0.4079   -9101.2602  0.3049 
   00138    0.4209   -9106.5962  0.3084 
   00139    0.4038   -9090.9093  0.3075 
   00140    0.4098   -9098.7985  0.3086 
   00141    0.4116   -9045.8737  0.3058 
   00142    0.4094   -9048.7396  0.3053 
   00143    0.4101   -9076.8771  0.3061 
   00144    0.4146   -9039.3169  0.3039 
   00145    0.4190   -9000.7560  0.3071 
   00146    0.4238   -9000.2592  0.3063 
   00147    0.4035   -8963.7617  0.3092 
   00148    0.4275   -8991.4531  0.3095 
   00149    0.4146   -9001.1563  0.3197 
   00150    0.4127   -9044.2251  0.3199 
   00151    0.4201   -9027.4370  0.3179 
   00152    0.4186   -9063.2838  0.3162 
   00153    0.4249   -9071.6153  0.3149 
   00154    0.4024   -9071.5288  0.3130 
   00155    0.4183   -9028.1079  0.3113 
   00156    0.4127   -9037.8761  0.3095 
   00157    0.4268   -9045.0958  0.3076 
   00158    0.4001   -9085.9144  0.3103 
   00159    0.4161   -9063.2238  0.3115 
   00160    0.4138   -9081.9017  0.3151 
   00161    0.4149   -9050.2474  0.3133 
   00162    0.4127   -9047.0893  0.3105 
   00163    0.4238   -9083.1099  0.3116 
   00164    0.4101   -9072.2639  0.3121 
   00165    0.4257   -9041.5538  0.3110 
   00166    0.4116   -9019.6231  0.3084 
   00167    0.4386   -9054.8389  0.3162 
   00168    0.4072   -9043.5850  0.3135 
   00169    0.4212   -9045.0642  0.3049 
   00170    0.4312   -9055.7523  0.3074 
   00171    0.3976   -9057.5573  0.3090 
   00172    0.4271   -9084.4174  0.3090 
   00173    0.4020   -9170.4656  0.3127 
   00174    0.3946   -9146.9045  0.3115 
   00175    0.4305   -9122.9314  0.3109 
   00176    0.4127   -9105.9222  0.3116 
   00177    0.4161   -9075.4248  0.3090 
   00178    0.3990   -9062.0470  0.3178 
   00179    0.4216   -9064.6693  0.3203 
   00180    0.4149   -9063.2571  0.3200 
   00181    0.4308   -9039.3899  0.3180 
   00182    0.4061   -9058.9047  0.3138 
   00183    0.4135   -9083.4123  0.3087 
   00184    0.4153   -9095.9265  0.3095 
   00185    0.4120   -9036.6176  0.3095 
   00186    0.4183   -9046.2534  0.3127 
   00187    0.4183   -9063.7656  0.3153 
   00188    0.4112   -9046.0724  0.3174 
   00189    0.4149   -9044.1306  0.3188 
   00190    0.4068   -9084.5569  0.3155 
   00191    0.4053   -9062.2730  0.3167 
   00192    0.4124   -9035.5443  0.3120 
   00193    0.4090   -9096.3843  0.3125 
   00194    0.4301   -9076.4069  0.3100 
   00195    0.4101   -9097.8266  0.3035 
   00196    0.4146   -9071.8034  0.3120 
   00197    0.4209   -9107.5396  0.3088 
   00198    0.4131   -9088.1200  0.3043 
   00199    0.4297   -9079.0884  0.3066 
   00200    0.3987   -9091.0192  0.3032 
   00201    0.3916   -9098.8917  0.2926 
   00202    0.3868   -9126.9410  0.2889 
   00203    0.4271   -9080.7449  0.2894 
   00204    0.4209   -9073.6435  0.2931 
   00205    0.4127   -9078.8841  0.2869 
   00206    0.4168   -9108.4949  0.2850 
   00207    0.4279   -9106.9703  0.2860 
   00208    0.4079   -9126.0280  0.2837 
   00209    0.4294   -9120.4769  0.2903 
   00210    0.4087   -9096.3873  0.2866 
   00211    0.4135   -9101.2818  0.2927 
   00212    0.4072   -9119.8899  0.2960 
   00213    0.4101   -9164.9084  0.2953 
   00214    0.4142   -9171.4575  0.2954 
   00215    0.4153   -9129.6049  0.2980 
   00216    0.4124   -9141.5474  0.2942 
   00217    0.4124   -9095.6726  0.2963 
   00218    0.4142   -9076.8970  0.2997 
   00219    0.4072   -9077.1430  0.3013 
   00220    0.4205   -9118.7655  0.3009 
   00221    0.4057   -9106.0313  0.2976 
   00222    0.4168   -9087.0195  0.3050 
   00223    0.4179   -9146.5969  0.3084 
   00224    0.4042   -9114.3492  0.3102 
   00225    0.4079   -9151.3457  0.3086 
   00226    0.4249   -9116.9800  0.3042 
   00227    0.4205   -9091.3823  0.3040 
   00228    0.4101   -9076.5914  0.3039 
   00229    0.3946   -9113.2702  0.2974 
   00230    0.4271   -9122.0365  0.2975 
   00231    0.4050   -9078.6220  0.3033 
   00232    0.4234   -9059.2330  0.3075 
   00233    0.4175   -9055.3445  0.3086 
   00234    0.4271   -9051.0718  0.3076 
   00235    0.4327   -9053.5672  0.3047 
   00236    0.4124   -9070.8466  0.3033 
   00237    0.4179   -9077.4853  0.2968 
   00238    0.4079   -9081.0442  0.3052 
   00239    0.4131   -9101.9490  0.3111 
   00240    0.4057   -9085.0804  0.3173 
   00241    0.4079   -9086.9340  0.3229 
   00242    0.4249   -9085.7613  0.3254 
   00243    0.4057   -9067.0913  0.3341 
   00244    0.4179   -9084.2831  0.3375 
   00245    0.4146   -9117.3321  0.3395 
   00246    0.4138   -9090.3250  0.3423 
   00247    0.4124   -9083.8779  0.3436 
   00248    0.4135   -9093.1788  0.3458 
   00249    0.4120   -9081.1350  0.3456 
   00250    0.4179   -9093.1264  0.3433 
   00251    0.4090   -9113.7041  0.3419 
   00252    0.4024   -9134.1936  0.3462 
   00253    0.4290   -9104.0269  0.3464 
   00254    0.4138   -9125.0394  0.3423 
   00255    0.4172   -9116.7887  0.3420 
   00256    0.4061   -9135.3467  0.3460 
   00257    0.4075   -9102.2489  0.3497 
   00258    0.4146   -9111.6920  0.3462 
   00259    0.4098   -9114.8418  0.3423 
   00260    0.4068   -9108.5184  0.3480 
   00261    0.4072   -9103.2246  0.3436 
   00262    0.4246   -9079.8871  0.3430 
   00263    0.4223   -9056.0383  0.3391 
   00264    0.4175   -9035.6819  0.3411 
   00265    0.4057   -9102.5390  0.3448 
   00266    0.4057   -9087.3886  0.3388 
   00267    0.4364   -9080.0106  0.3506 
   00268    0.4068   -9055.5088  0.3481 
   00269    0.4072   -9086.5959  0.3424 
   00270    0.4190   -9123.3388  0.3427 
   00271    0.4120   -9099.7367  0.3448 
   00272    0.4231   -9150.0286  0.3430 
   00273    0.4120   -9139.3300  0.3464 
   00274    0.3961   -9147.0261  0.3394 
   00275    0.4124   -9136.4293  0.3412 
   00276    0.4009   -9148.9614  0.3447 
   00277    0.4116   -9160.4017  0.3487 
   00278    0.4072   -9184.0769  0.3439 
   00279    0.3964   -9167.9975  0.3490 
   00280    0.4342   -9128.2470  0.3519 
   00281    0.4142   -9147.4899  0.3463 
   00282    0.4220   -9169.6937  0.3422 
   00283    0.4064   -9178.4368  0.3412 
   00284    0.4013   -9182.2631  0.3398 
   00285    0.4253   -9195.0263  0.3397 
   00286    0.4127   -9217.9280  0.3492 
   00287    0.4031   -9196.8176  0.3475 
   00288    0.3931   -9177.4201  0.3439 
   00289    0.4157   -9129.7569  0.3452 
   00290    0.4124   -9155.9196  0.3498 
   00291    0.4212   -9168.6046  0.3555 
   00292    0.4124   -9169.8928  0.3584 
   00293    0.4271   -9120.5481  0.3532 
   00294    0.4175   -9047.2883  0.3604 
   00295    0.4190   -9076.9545  0.3593 
   00296    0.4109   -9123.8427  0.3601 
   00297    0.3998   -9102.8095  0.3598 
   00298    0.4013   -9140.0664  0.3626 
   00299    0.4201   -9121.9058  0.3618 
   00300    0.4083   -9116.9109  0.3602 
   00301    0.4201   -9110.0479  0.3613 
   00302    0.4105   -9094.1525  0.3678 
   00303    0.4249   -9082.9008  0.3750 
   00304    0.4131   -9052.4022  0.3679 
   00305    0.4209   -9076.5561  0.3637 
   00306    0.4046   -9091.1596  0.3622 
   00307    0.4249   -9126.1896  0.3626 
   00308    0.4149   -9144.3606  0.3608 
   00309    0.4035   -9180.3455  0.3637 
   00310    0.4157   -9147.7752  0.3672 
   00311    0.4057   -9138.6751  0.3728 
   00312    0.3964   -9134.2079  0.3778 
   00313    0.4094   -9048.8395  0.3778 
   00314    0.4257   -9077.5169  0.3789 
   00315    0.4223   -9105.7573  0.3781 
   00316    0.4061   -9105.2844  0.3828 
   00317    0.4164   -9137.0341  0.3917 
   00318    0.4087   -9150.9913  0.3887 
   00319    0.4157   -9152.5557  0.3844 
   00320    0.4223   -9121.6923  0.3853 
   00321    0.4120   -9116.6193  0.3849 
