#=====================================================
# File created:        Sat-18-Oct-2025-at-08-22-36PM
# Size of lattice:     14x14
# Number of MC steps:  321
# Reduced temperature: 0.500
# Run time (s):        0.628765
#=====================================================
# MC step:  Ratio:     Energy:   Order:
#=====================================================
   00000    0.5000    -180.8926  0.2949 
   00001    0.7398    -292.8502  0.3721 
   00002    0.5918    -362.6984  0.3955 
   00003    0.5765    -403.5329  0.4235 
   00004    0.6020    -435.3882  0.4849 
   00005    0.5408    -453.6594  0.4936 
   00006    0.5102    -479.5126  0.4923 
   00007    0.4898    -508.6911  0.5388 
   00008    0.4796    -515.6423  0.5421 
   00009    0.4286    -545.8131  0.5662 
   00010    0.3724    -564.1513  0.5731 
   00011    0.4643    -580.1760  0.5952 
   00012    0.4949    -590.0665  0.5865 
   00013    0.4235    -590.7117  0.6018 
   00014    0.4337    -602.9937  0.6400 
   00015    0.3622    -607.6626  0.6426 
   00016    0.4847    -624.0316  0.6497 
   00017    0.3469    -628.4784  0.6511 
   00018    0.3929    -628.4489  0.6583 
   00019    0.3776    -632.8052  0.6576 
   00020    0.4184    -636.4180  0.6433 
   00021    0.4592    -624.2781  0.6237 
   00022    0.4490    -605.3862  0.6169 
   00023    0.4847    -625.5645  0.6295 
   00024    0.4541    -619.3004  0.6285 
   00025    0.4286    -627.2355  0.6124 
   00026    0.4337    -613.4781  0.6118 
   00027    0.4490    -624.4354  0.6201 
   00028    0.4745    -633.6986  0.6176 
   00029    0.4235    -629.3850  0.6123 
   00030    0.4439    -633.1896  0.6367 
   00031    0.3673    -636.8772  0.6514 
   00032    0.4490    -642.1216  0.6565 
   00033    0.4439    -637.7005  0.6621 
   00034    0.4745    -647.1297  0.6800 
   00035    0.3980    -653.9163  0.6888 
   00036    0.4286    -642.5388  0.6803 
   00037    0.4031    -635.2053  0.6764 
   00038    0.4490    -637.0728  0.6823 
   00039    0.4541    -637.2778  0.6836 
   00040    0.4745    -647.9959  0.7033 
   00041    0.4847    -634.2051  0.7185 
   00042    0.4541    -639.8092  0.7301 
   00043    0.4133    -644.7162  0.7166 
   00044    0.4388    -637.9044  0.7148 
   00045    0.4031    -636.8233  0.7297 
   00046    0.4184    -649.7434  0.7452 
   00047    0.4184    -653.5775  0.7500 
   00048    0.4235    -644.9533  0.7405 
   00049    0.4184    -642.4081  0.7365 
   00050    0.4439    -650.0433  0.7493 
   00051    0.3980    -669.8540  0.7632 
   00052    0.3622    -669.6247  0.7623 
   00053    0.3673    -660.6341  0.7826 
   00054    0.4184    -648.0031  0.7720 
   00055    0.4337    -645.4454  0.7673 
   00056    0.3929    -665.1092  0.7779 
   00057    0.4388    -665.1562  0.7404 
   00058    0.3980    -669.9750  0.7468 
   00059    0.4031    -666.4745  0.7428 
   00060    0.4643    -659.9389  0.7250 
   00061    0.4490    -659.3479  0.7321 
   00062    0.4337    -658.9132  0.7273 
   00063    0.4184    -656.2471  0.7203 
   00064    0.4031    -654.9903  0.7111 
   00065    0.3776    -664.7498  0.7365 
   00066    0.3776    -662.1161  0.7416 
   00067    0.4643    -656.4471  0.7373 
   00068    0.3929    -657.2927  0.7402 
   00069    0.4184    -656.1650  0.7491 
   00070    0.4286    -666.6597  0.7585 
   00071    0.3520    -659.4836  0.7766 
   00072    0.4235    -656.1369  0.7500 
   00073    0.3929    -650.5512  0.7551 
   00074    0.4184    -665.1273  0.7427 
   00075    0.3776    -659.1727  0.7428 
   00076    0.3980    -659.5986  0.7541 
   00077    0.4031    -667.8011  0.7611 
   00078    0.3929    -661.5896  0.7672 
   00079    0.4184    -657.2574  0.7692 
   00080    0.4031    -659.9314  0.7785 
   00081    0.4235    -662.7886  0.7858 
   00082    0.4286    -668.7417  0.7978 
   00083    0.4184    -670.0183  0.7981 
   00084    0.4286    -674.4479  0.8061 
   00085    0.4133    -658.3070  0.7882 
   00086    0.3929    -661.4729  0.7893 
   00087    0.3878    -656.7402  0.7955 
   00088    0.4490    -654.1165  0.7913 
   00089    0.3827    -648.6826  0.7865 
   00090    0.4031    -663.6430  0.7959 
   00091    0.4031    -667.2025  0.8010 
   00092    0.3827    -676.0813  0.8022 
   00093    0.3980    -665.4134  0.7954 
   00094    0.4031    -672.2506  0.8003 
   00095    0.4133    -658.2727  0.7992 
   00096    0.3878    -667.2426  0.7954 
   00097    0.4490    -666.1044  0.8020 
   00098    0.4439    -666.4371  0.7994 
   00099    0.3622    -669.1932  0.7912 
   00100    0.4337    -678.4465  0.7904 
   00101    0.4745    -669.1453  0.8026 
   00102    0.4490    -668.0856  0.8050 
   00103    0.3724    -662.8578  0.8053 
   00104    0.4082    -659.3165  0.8001 
   00105    0.3724    -660.7936  0.7970 
   00106    0.3776    -652.5149  0.8036 
   00107    0.4490    -655.0203  0.8069 
   00108    0.3878    -662.8969  0.8214 
   00109    0.4337    -687.9931  0.8269 
   00110    0.4031    -684.1099  0.8221 
   00111    0.3929    -682.4833  0.8257 
   00112    0.3367    -669.4315  0.8305 
   00113    0.4490    -660.7552  0.8241 
   00114    0.4541    -670.7739  0.8439 
   00115    0.3929    -671.6365  0.8534 
   00116    0.3980    -675.9449  0.8523 
   00117    0.5051    -675.9113  0.8451 
   00118    0.4439    -671.8988  0.8505 
   00119    0.4796    -668.0699  0.8554 
   00120    0.3980    -656.0885  0.8410 
   00121    0.3929    -658.9733  0.8360 
   00122    0.3673    -668.6233  0.8398 
   00123    0.3776    -669.1090  0.8375 
   00124    0.4184    -659.9560  0.8344 
   00125    0.3367    -664.9811  0.8330 
   00126    0.3469    -667.4589  0.8286 
   00127    0.4286    -682.2532  0.8493 
   00128    0.4031    -675.6180  0.8508 
   00129    0.4388    -675.7040  0.8555 
   00130    0.4694    -671.9268  0.8541 
   00131    0.3878    -667.3936  0.8409 
   00132    0.4592    -665.3675  0.8240 
   00133    0.4133    -667.9850  0.8280 
   00134    0.4439    -673.9669  0.8458 
   00135    0.4286    -677.6470  0.8573 
   00136    0.3622    -682.3503  0.8522 
   00137    0.3673    -683.5485  0.8595 
   00138    0.4337    -686.7083  0.8442 
   00139    0.4592    -670.3510  0.8375 
   00140    0.4082    -663.4369  0.8298 
   00141    0.4184    -651.6123  0.8192 
   00142    0.4235    -650.8832  0.8213 
   00143    0.4082    -648.1627  0.8071 
   00144    0.4337    -647.1683  0.8196 
   00145    0.4235    -654.7970  0.8362 
   00146    0.3980    -659.1265  0.8498 
   00147    0.3776    -651.7476  0.8497 
   00148    0.4541    -644.3034  0.8289 
   00149    0.4235    -666.7077  0.8394 
   00150    0.3724    -660.9934  0.8341 
   00151    0.4541    -680.5085  0.8678 
   00152    0.3878    -688.2142  0.8662 
   00153    0.4184    -683.4894  0.8589 
   00154    0.4388    -676.0508  0.8529 
   00155    0.4592    -671.2202  0.8531 
   00156    0.3980    -659.5939  0.8251 
   00157    0.4541    -674.8136  0.8464 
   00158    0.4898    -660.3490  0.8453 
   00159    0.4898    -666.6522  0.8358 
   00160    0.3929    -668.5839  0.8231 
   00161    0.4490    -672.6617  0.8468 
   00162    0.3418    -685.4058  0.8553 
   00163    0.4235    -674.1567  0.8322 
   00164    0.3980    -663.7345  0.8251 
   00165    0.4184    -659.6521  0.8261 
   00166    0.4286    -652.6640  0.8206 
   00167    0.4439    -649.4973  0.8255 
   00168    0.3724    -650.5624  0.8283 
   00169    0.3673    -660.3980  0.8203 
   00170    0.4235    -662.3024  0.8338 
   00171    0.3776    -659.9180  0.8392 
   00172    0.3776    -663.0824  0.8433 
   00173    0.3878    -661.0273  0.8443 
   00174    0.3878    -659.3739  0.8422 
   00175    0.4082    -652.0465  0.8390 
   00176    0.4031    -652.8787  0.8257 
   00177    0.4082    -656.7419  0.8231 
   00178    0.3776    -652.7811  0.8306 
   00179    0.4286    -660.6295  0.8363 
   00180    0.4082    -660.4608  0.8468 
   00181    0.4388    -653.4460  0.8461 
   00182    0.3418    -655.0143  0.8446 
   00183    0.3929    -668.0855  0.8389 
   00184    0.4439    -658.0634  0.8354 
   00185    0.4133    -670.0602  0.8454 
   00186    0.3878    -685.4084  0.8597 
   00187    0.3827    -688.9478  0.8581 
   00188    0.4439    -680.2256  0.8556 
   00189    0.4133    -674.3155  0.8497 
   00190    0.4592    -678.0285  0.8610 
   00191    0.3265    -689.1154  0.8610 
   00192    0.4337    -679.6305  0.8591 
   00193    0.4388    -676.1933  0.8566 
   00194    0.4031    -676.3367  0.8616 
   00195    0.4082    -677.0794  0.8488 
   00196    0.4337    -665.4190  0.8382 
   00197    0.3929    -668.7551  0.8497 
   00198    0.4133    -664.9669  0.8518 
   00199    0.4847    -672.0812  0.8555 
   00200    0.4694    -684.6811  0.8651 
   00201    0.4184    -693.9716  0.8702 
   00202    0.3163    -686.4340  0.8756 
   00203    0.3827    -690.9542  0.8722 
   00204    0.3827    -672.6295  0.8656 
   00205    0.4184    -669.1278  0.8618 
   00206    0.4082    -681.6638  0.8745 
   00207    0.4184    -684.5127  0.8739 
   00208    0.3673    -684.1226  0.8684 
   00209    0.3622    -672.9646  0.8634 
   00210    0.4388    -679.5436  0.8839 
   00211    0.4184    -669.1853  0.8764 
   00212    0.4337    -666.3486  0.8778 
   00213    0.3622    -680.2108  0.8780 
   00214    0.3622    -667.6470  0.8684 
   00215    0.4388    -666.8844  0.8561 
   00216    0.4439    -669.8607  0.8643 
   00217    0.4541    -673.5059  0.8672 
   00218    0.4133    -663.4192  0.8503 
   00219    0.3520    -670.2224  0.8577 
   00220    0.3827    -682.3455  0.8684 
   00221    0.3827    -679.6018  0.8684 
   00222    0.4286    -680.2660  0.8667 
   00223    0.3673    -662.1928  0.8503 
   00224    0.4490    -665.8239  0.8522 
   00225    0.4235    -662.9010  0.8302 
   00226    0.4184    -659.7131  0.8342 
   00227    0.4490    -668.4641  0.8402 
   00228    0.4184    -676.0241  0.8638 
   00229    0.4745    -684.1692  0.8781 
   00230    0.3878    -674.9399  0.8777 
   00231    0.4592    -681.6658  0.8687 
   00232    0.4031    -681.1278  0.8699 
   00233    0.3571    -687.4099  0.8661 
   00234    0.4133    -681.9453  0.8659 
   00235    0.4745    -693.3157  0.8669 
   00236    0.4388    -686.2337  0.8754 
   00237    0.3878    -684.7535  0.8741 
   00238    0.4031    -679.9828  0.8756 
   00239    0.4337    -666.8974  0.8687 
   00240    0.3980    -662.0921  0.8633 
   00241    0.4133    -654.9254  0.8482 
   00242    0.4286    -655.5864  0.8397 
   00243    0.3980    -664.9148  0.8427 
   00244    0.4184    -665.1629  0.8458 
   00245    0.3776    -669.0445  0.8419 
   00246    0.4082    -668.7026  0.8255 
   00247    0.4031    -668.1958  0.8236 
   00248    0.4082    -663.6369  0.8371 
   00249    0.3776    -668.8196  0.8464 
   00250    0.4184    -663.4924  0.8403 
   00251    0.4184    -669.6047  0.8370 
   00252    0.4184    -672.1878  0.8370 
   00253    0.4286    -676.8051  0.8418 
   00254    0.3827    -689.0820  0.8591 
   00255    0.3316    -678.8296  0.8471 
   00256    0.3980    -677.0713  0.8356 
   00257    0.4388    -675.8757  0.8573 
   00258    0.3980    -684.4754  0.8689 
   00259    0.4286    -695.3791  0.8809 
   00260    0.4541    -690.1672  0.8705 
   00261    0.4082    -691.0156  0.8763 
   00262    0.4133    -675.2279  0.8721 
   00263    0.4235    -661.0674  0.8620 
   00264    0.4184    -659.9969  0.8490 
   00265    0.4388    -677.7805  0.8728 
   00266    0.4133    -685.9313  0.8853 
   00267    0.3622    -684.8928  0.8799 
   00268    0.3929    -695.4762  0.8801 
   00269    0.3980    -680.6591  0.8633 
   00270    0.3776    -673.0891  0.8587 
   00271    0.4031    -682.5415  0.8863 
   00272    0.4082    -680.3474  0.8880 
   00273    0.4133    -677.9225  0.8974 
   00274    0.4184    -672.1457  0.8918 
   00275    0.3520    -680.0910  0.8968 
   00276    0.4031    -678.6502  0.8954 
   00277    0.4388    -677.2577  0.8904 
   00278    0.4184    -682.5000  0.8970 
   00279    0.3520    -685.4452  0.8955 
   00280    0.4490    -687.9388  0.8979 
   00281    0.3980    -683.9937  0.8990 
   00282    0.3878    -676.1393  0.8862 
   00283    0.4184    -683.6724  0.8865 
   00284    0.4286    -692.4676  0.8970 
   00285    0.3367    -695.0235  0.9017 
   00286    0.4082    -696.2065  0.8964 
   00287    0.4133    -692.4123  0.9097 
   00288    0.4235    -686.4496  0.9032 
   00289    0.4592    -684.7876  0.8960 
   00290    0.3622    -675.1929  0.8913 
   00291    0.3520    -685.5081  0.8974 
   00292    0.3980    -691.2893  0.9027 
   00293    0.3724    -691.3074  0.9042 
   00294    0.4439    -694.5541  0.8945 
   00295    0.4184    -690.8945  0.8941 
   00296    0.4439    -676.7262  0.8897 
   00297    0.4592    -678.9432  0.8917 
   00298    0.3724    -680.9970  0.8956 
   00299    0.3878    -676.2623  0.8954 
   00300    0.4286    -679.0813  0.8962 
   00301    0.4082    -686.9620  0.9008 
   00302    0.3724    -670.3075  0.8813 
   00303    0.3878    -665.8129  0.8802 
   00304    0.4184    -665.0822  0.8851 
   00305    0.4286    -673.7971  0.8936 
   00306    0.3418    -686.0569  0.9053 
   00307    0.4337    -681.6151  0.9005 
   00308    0.3520    -674.5292  0.8812 
   00309    0.3827    -687.2099  0.8848 
   00310    0.4031    -681.7904  0.8659 
   00311    0.4184    -679.6297  0.8589 
   00312    0.4337    -661.0032  0.8558 
   00313    0.4082    -661.3450  0.8606 
   00314    0.4286    -672.2164  0.8620 
   00315    0.3724    -670.1617  0.8601 
   00316    0.4286    -664.1076  0.8592 
   00317    0.4082    -678.3508  0.8629 
   00318    0.4694    -671.8896  0.8603 
   00319    0.3418    -671.0767  0.8652 
   00320    0.4184    -667.5506  0.8625 
   00321    0.3878    -671.4667  0.8698 
