#=====================================================
# File created:        Sat-18-Oct-2025-at-08-25-28PM
# Size of lattice:     100x100
# Number of MC steps:  500
# Reduced temperature: 0.500
# Run time (s):        48.930017
#=====================================================
# MC step:  Ratio:     Energy:   Order:
#=====================================================
   00000    0.5000  -10118.1410  0.2510 
   00001    0.6777  -15050.2251  0.2542 
   00002    0.6235  -18168.9289  0.2580 
   00003    0.5836  -20414.9359  0.2565 
   00004    0.5507  -22066.4952  0.2564 
   00005    0.5404  -23318.5240  0.2568 
   00006    0.5299  -24402.2884  0.2584 
   00007    0.5050  -25411.1871  0.2593 
   00008    0.5026  -26110.1372  0.2590 
   00009    0.4822  -26717.7301  0.2550 
   00010    0.4851  -27421.1516  0.2577 
   00011    0.4756  -27812.5414  0.2596 
   00012    0.4729  -28235.7127  0.2602 
   00013    0.4580  -28428.4567  0.2646 
   00014    0.4761  -28695.7928  0.2676 
   00015    0.4678  -29040.9038  0.2678 
   00016    0.4595  -29282.9531  0.2656 
   00017    0.4556  -29566.3062  0.2654 
   00018    0.4583  -29870.1031  0.2657 
   00019    0.4480  -30136.4799  0.2727 
   00020    0.4425  -30337.1557  0.2722 
   00021    0.4470  -30457.4287  0.2744 
   00022    0.4505  -30607.2839  0.2736 
   00023    0.4318  -30566.9796  0.2738 
   00024    0.4429  -30748.1640  0.2765 
   00025    0.4422  -30882.6870  0.2759 
   00026    0.4377  -31146.7758  0.2754 
   00027    0.4406  -31282.6276  0.2752 
   00028    0.4308  -31370.9870  0.2738 
   00029    0.4346  -31469.4291  0.2763 
   00030    0.4468  -31434.8821  0.2797 
   00031    0.4355  -31466.7091  0.2788 
   00032    0.4409  -31574.9003  0.2780 
   00033    0.4317  -31705.8432  0.2777 
   00034    0.4289  -31687.2721  0.2754 
   00035    0.4213  -31777.2277  0.2763 
   00036    0.4401  -31750.1580  0.2758 
   00037    0.4216  -31748.9835  0.2779 
   00038    0.4273  -31734.5151  0.2778 
   00039    0.4300  -31794.1225  0.2784 
   00040    0.4377  -31753.4894  0.2815 
   00041    0.4272  -31835.2455  0.2839 
   00042    0.4283  -31886.4832  0.2847 
   00043    0.4273  -31941.0379  0.2840 
   00044    0.4307  -31926.6550  0.2840 
   00045    0.4256  -32002.0273  0.2831 
   00046    0.4327  -32057.9669  0.2833 
   00047    0.4227  -32145.9838  0.2857 
   00048    0.4308  -32212.2341  0.2831 
   00049    0.4181  -32227.9285  0.2835 
   00050    0.4341  -32338.6223  0.2879 
   00051    0.4328  -32285.5557  0.2897 
   00052    0.4310  -32316.4835  0.2869 
   00053    0.4318  -32213.8702  0.2877 
   00054    0.4354  -32239.8486  0.2916 
   00055    0.4272  -32357.3798  0.2926 
   00056    0.4287  -32386.1444  0.2941 
   00057    0.4287  -32366.5501  0.2945 
   00058    0.4215  -32395.6156  0.2955 
   00059    0.4313  -32434.2096  0.2950 
   00060    0.4231  -32427.7435  0.2933 
   00061    0.4283  -32458.3786  0.2932 
   00062    0.4307  -32473.0053  0.2925 
   00063    0.4183  -32526.0896  0.2899 
   00064    0.4229  -32639.2701  0.2904 
   00065    0.4286  -32678.1271  0.2927 
   00066    0.4249  -32741.9347  0.2985 
   00067    0.4199  -32811.9917  0.3014 
   00068    0.4193  -32746.8359  0.3019 
   00069    0.4279  -32759.3427  0.3017 
   00070    0.4303  -32747.4305  0.3060 
   00071    0.4189  -32702.6035  0.3047 
   00072    0.4196  -32665.4017  0.3023 
   00073    0.4227  -32782.2528  0.3025 
   00074    0.4283  -32908.2880  0.3033 
   00075    0.4235  -32838.4979  0.3060 
   00076    0.4208  -32838.0624  0.3073 
   00077    0.4206  -32862.7422  0.3071 
   00078    0.4195  -33015.4401  0.3055 
   00079    0.4167  -33030.5159  0.3055 
   00080    0.4280  -32979.7306  0.3053 
   00081    0.4217  -32983.2133  0.3055 
   00082    0.4266  -32953.9305  0.3075 
   00083    0.4167  -32871.8294  0.3043 
   00084    0.4224  -32921.2249  0.3054 
   00085    0.4270  -32852.8974  0.3054 
   00086    0.4283  -32943.7984  0.3053 
   00087    0.4173  -33018.4557  0.3001 
   00088    0.4274  -32972.3189  0.3002 
   00089    0.4297  -32994.1172  0.3002 
   00090    0.4177  -33037.4146  0.3002 
   00091    0.4167  -33038.1327  0.3021 
   00092    0.4273  -33092.7198  0.3028 
   00093    0.4189  -33108.5483  0.2984 
   00094    0.4278  -33107.1489  0.3006 
   00095    0.4154  -33152.7136  0.3004 
   00096    0.4128  -33168.8501  0.3044 
   00097    0.4140  -33168.2291  0.3052 
   00098    0.4264  -33177.8687  0.3109 
   00099    0.4181  -33249.8772  0.3100 
   00100    0.4138  -33173.9319  0.3124 
   00101    0.4206  -33181.5390  0.3140 
   00102    0.4172  -33214.8853  0.3155 
   00103    0.4211  -33130.7402  0.3153 
   00104    0.4212  -33212.1066  0.3143 
   00105    0.4275  -33185.5907  0.3149 
   00106    0.4267  -33097.0721  0.3165 
   00107    0.4192  -33248.4820  0.3189 
   00108    0.4094  -33132.2682  0.3195 
   00109    0.4179  -33122.7055  0.3178 
   00110    0.4169  -33228.8535  0.3185 
   00111    0.4237  -33209.4960  0.3217 
   00112    0.4197  -33291.5065  0.3210 
   00113    0.4204  -33159.3790  0.3182 
   00114    0.4119  -33284.4872  0.3201 
   00115    0.4287  -33256.7799  0.3198 
   00116    0.4182  -33242.2811  0.3209 
   00117    0.4162  -33197.5945  0.3222 
   00118    0.4241  -33202.8905  0.3250 
   00119    0.4134  -33237.0308  0.3249 
   00120    0.4183  -33266.2909  0.3229 
   00121    0.4151  -33358.5096  0.3252 
   00122    0.4163  -33304.5400  0.3245 
   00123    0.4116  -33324.6763  0.3256 
   00124    0.4262  -33305.2170  0.3275 
   00125    0.4131  -33245.2206  0.3232 
   00126    0.4221  -33232.8125  0.3235 
   00127    0.4178  -33197.4604  0.3232 
   00128    0.4190  -33274.4360  0.3275 
   00129    0.4227  -33413.5311  0.3269 
   00130    0.4176  -33394.8571  0.3281 
   00131    0.4184  -33445.3367  0.3256 
   00132    0.4154  -33455.9061  0.3292 
   00133    0.4190  -33413.2708  0.3315 
   00134    0.4193  -33401.9312  0.3301 
   00135    0.4249  -33427.9725  0.3306 
   00136    0.4170  -33517.6913  0.3341 
   00137    0.4131  -33479.6365  0.3349 
   00138    0.4180  -33566.9221  0.3347 
   00139    0.4175  -33595.0230  0.3354 
   00140    0.4162  -33564.4800  0.3338 
   00141    0.4202  -33535.2452  0.3325 
   00142    0.4104  -33469.5184  0.3305 
   00143    0.4062  -33411.7944  0.3301 
   00144    0.4118  -33475.4382  0.3306 
   00145    0.4132  -33358.7041  0.3306 
   00146    0.4102  -33417.1082  0.3304 
   00147    0.4201  -33530.8158  0.3308 
   00148    0.4187  -33457.8244  0.3308 
   00149    0.4109  -33428.5017  0.3311 
   00150    0.4061  -33436.5776  0.3310 
   00151    0.4208  -33477.1772  0.3326 
   00152    0.4052  -33435.6486  0.3340 
   00153    0.4240  -33433.5062  0.3369 
   00154    0.4146  -33391.4182  0.3390 
   00155    0.4146  -33329.0176  0.3378 
   00156    0.4058  -33390.4776  0.3337 
   00157    0.4198  -33364.8415  0.3323 
   00158    0.4101  -33444.7495  0.3340 
   00159    0.4205  -33273.8433  0.3347 
   00160    0.4071  -33358.3223  0.3329 
   00161    0.4236  -33449.0617  0.3381 
   00162    0.4169  -33500.3811  0.3418 
   00163    0.4067  -33477.0590  0.3430 
   00164    0.4144  -33512.5172  0.3427 
   00165    0.4175  -33561.9307  0.3422 
   00166    0.4142  -33561.2426  0.3442 
   00167    0.4090  -33551.9551  0.3453 
   00168    0.4172  -33592.8492  0.3460 
   00169    0.4113  -33589.6539  0.3471 
   00170    0.4194  -33520.3504  0.3478 
   00171    0.4100  -33675.2655  0.3496 
   00172    0.4219  -33611.5838  0.3488 
   00173    0.4013  -33576.1930  0.3500 
   00174    0.4147  -33579.0989  0.3502 
   00175    0.4244  -33595.0704  0.3461 
   00176    0.4160  -33645.5999  0.3464 
   00177    0.4120  -33542.1044  0.3474 
   00178    0.4226  -33526.4914  0.3465 
   00179    0.4138  -33460.4149  0.3472 
   00180    0.4133  -33537.5606  0.3484 
   00181    0.4131  -33502.1112  0.3483 
   00182    0.4205  -33548.8762  0.3481 
   00183    0.4114  -33552.0440  0.3466 
   00184    0.4096  -33574.4959  0.3464 
   00185    0.4081  -33526.9213  0.3493 
   00186    0.4147  -33495.1255  0.3506 
   00187    0.4199  -33528.1793  0.3525 
   00188    0.4133  -33519.9469  0.3508 
   00189    0.4212  -33492.4832  0.3515 
   00190    0.4197  -33546.1056  0.3498 
   00191    0.4102  -33507.2389  0.3486 
   00192    0.4240  -33459.0631  0.3463 
   00193    0.4182  -33499.3109  0.3441 
   00194    0.4192  -33643.9984  0.3451 
   00195    0.4161  -33677.3121  0.3435 
   00196    0.4111  -33690.7431  0.3417 
   00197    0.4167  -33638.2342  0.3438 
   00198    0.4136  -33637.8005  0.3473 
   00199    0.4124  -33671.5891  0.3467 
   00200    0.4134  -33666.8142  0.3459 
   00201    0.4054  -33662.0333  0.3454 
   00202    0.4184  -33637.0333  0.3501 
   00203    0.4141  -33623.7495  0.3498 
   00204    0.4162  -33681.4547  0.3524 
   00205    0.4191  -33665.6715  0.3511 
   00206    0.4085  -33667.1801  0.3523 
   00207    0.4123  -33710.2236  0.3529 
   00208    0.4159  -33853.7297  0.3532 
   00209    0.4209  -33752.1432  0.3539 
   00210    0.4167  -33719.2538  0.3522 
   00211    0.4092  -33676.9563  0.3505 
   00212    0.4140  -33678.5472  0.3456 
   00213    0.4052  -33674.9773  0.3438 
   00214    0.4209  -33734.7672  0.3437 
   00215    0.4200  -33629.7308  0.3449 
   00216    0.4177  -33581.6320  0.3445 
   00217    0.4167  -33567.1085  0.3461 
   00218    0.4124  -33613.5606  0.3470 
   00219    0.4211  -33653.3019  0.3424 
   00220    0.4085  -33654.7587  0.3451 
   00221    0.4169  -33653.7813  0.3425 
   00222    0.4156  -33669.8653  0.3455 
   00223    0.4145  -33724.1900  0.3438 
   00224    0.4251  -33572.0684  0.3431 
   00225    0.4137  -33544.5233  0.3415 
   00226    0.4173  -33612.0022  0.3403 
   00227    0.4123  -33704.5445  0.3391 
   00228    0.4200  -33657.1801  0.3382 
   00229    0.4192  -33634.5314  0.3412 
   00230    0.4195  -33651.3356  0.3421 
   00231    0.4109  -33698.9096  0.3427 
   00232    0.4156  -33661.1373  0.3454 
   00233    0.4134  -33751.0278  0.3470 
   00234    0.4165  -33693.9855  0.3483 
   00235    0.4149  -33686.4687  0.3479 
   00236    0.4156  -33645.7828  0.3495 
   00237    0.4194  -33637.5788  0.3518 
   00238    0.4186  -33622.1025  0.3529 
   00239    0.4122  -33698.0122  0.3534 
   00240    0.4196  -33717.7709  0.3536 
   00241    0.4061  -33670.4070  0.3505 
   00242    0.4145  -33659.8674  0.3488 
   00243    0.4152  -33692.9917  0.3521 
   00244    0.4080  -33726.1498  0.3544 
   00245    0.4206  -33691.9311  0.3516 
   00246    0.4158  -33744.6544  0.3556 
   00247    0.4174  -33791.6892  0.3539 
   00248    0.4302  -33743.7859  0.3527 
   00249    0.4113  -33681.2474  0.3544 
   00250    0.4167  -33645.1380  0.3561 
   00251    0.4176  -33596.1380  0.3592 
   00252    0.4227  -33616.4375  0.3584 
   00253    0.4167  -33580.0579  0.3595 
   00254    0.4104  -33581.7479  0.3590 
   00255    0.4151  -33629.3806  0.3629 
   00256    0.4271  -33632.2556  0.3627 
   00257    0.4171  -33670.0500  0.3620 
   00258    0.4102  -33689.2632  0.3628 
   00259    0.4210  -33720.8777  0.3647 
   00260    0.4135  -33762.7524  0.3623 
   00261    0.4102  -33749.7966  0.3637 
   00262    0.4156  -33778.1423  0.3618 
   00263    0.4231  -33715.8001  0.3580 
   00264    0.4160  -33734.8847  0.3556 
   00265    0.4169  -33780.5375  0.3561 
   00266    0.4148  -33736.5371  0.3543 
   00267    0.4164  -33694.7333  0.3538 
   00268    0.4135  -33807.2151  0.3522 
   00269    0.4229  -33793.5369  0.3529 
   00270    0.4157  -33775.5658  0.3532 
   00271    0.4117  -33680.4195  0.3531 
   00272    0.4217  -33667.3272  0.3536 
   00273    0.4179  -33727.0439  0.3569 
   00274    0.4076  -33704.9773  0.3565 
   00275    0.4055  -33781.8926  0.3576 
   00276    0.4196  -33724.2726  0.3565 
   00277    0.4061  -33711.2648  0.3572 
   00278    0.4012  -33795.9588  0.3592 
   00279    0.4169  -33848.7679  0.3574 
   00280    0.4159  -33773.6058  0.3555 
   00281    0.4089  -33801.7481  0.3582 
   00282    0.4074  -33756.3368  0.3555 
   00283    0.4115  -33822.4613  0.3545 
   00284    0.4130  -33820.4149  0.3537 
   00285    0.4146  -33789.6882  0.3537 
   00286    0.4172  -33844.2288  0.3535 
   00287    0.4100  -33961.2447  0.3518 
   00288    0.4133  -33953.7813  0.3546 
   00289    0.4192  -33849.2266  0.3531 
   00290    0.4127  -33769.6540  0.3536 
   00291    0.4135  -33746.4102  0.3542 
   00292    0.4096  -33802.8989  0.3552 
   00293    0.4204  -33729.8874  0.3568 
   00294    0.4146  -33776.3863  0.3576 
   00295    0.4111  -33763.2868  0.3567 
   00296    0.4135  -33763.5281  0.3554 
   00297    0.4237  -33789.2973  0.3566 
   00298    0.4087  -33781.9689  0.3583 
   00299    0.4184  -33743.3227  0.3571 
   00300    0.4179  -33715.6207  0.3579 
   00301    0.4172  -33766.7854  0.3591 
   00302    0.4196  -33724.6727  0.3607 
   00303    0.4075  -33752.0571  0.3588 
   00304    0.4075  -33789.2019  0.3574 
   00305    0.4079  -33775.6818  0.3560 
   00306    0.4101  -33713.0300  0.3571 
   00307    0.4199  -33796.6237  0.3584 
   00308    0.4109  -33769.3066  0.3568 
   00309    0.4166  -33789.5193  0.3538 
   00310    0.4142  -33777.4812  0.3555 
   00311    0.4131  -33774.9744  0.3546 
   00312    0.4143  -33796.7184  0.3576 
   00313    0.4073  -33736.7828  0.3603 
   00314    0.4144  -33761.7633  0.3586 
   00315    0.4090  -33789.8631  0.3578 
   00316    0.4020  -33865.7420  0.3599 
   00317    0.4086  -33860.7024  0.3593 
   00318    0.4086  -33772.8866  0.3573 
   00319    0.4100  -33809.1991  0.3584 
   00320    0.4115  -33797.9651  0.3573 
   00321    0.4067  -33774.8966  0.3559 
   00322    0.4153  -33838.4314  0.3553 
   00323    0.4132  -33815.9289  0.3557 
   00324    0.4178  -33751.8377  0.3560 
   00325    0.4177  -33801.9033  0.3566 
   00326    0.4214  -33852.7666  0.3584 
   00327    0.4055  -33814.5780  0.3565 
   00328    0.4161  -33787.1721  0.3551 
   00329    0.4160  -33862.8368  0.3529 
   00330    0.4082  -33960.9393  0.3550 
   00331    0.4172  -33859.5317  0.3519 
   00332    0.4173  -33819.0501  0.3519 
   00333    0.4179  -33809.2743  0.3524 
   00334    0.4107  -33851.6294  0.3540 
   00335    0.4191  -33822.8846  0.3518 
   00336    0.4092  -33827.1623  0.3495 
   00337    0.4166  -33743.9633  0.3512 
   00338    0.4146  -33821.8067  0.3502 
   00339    0.4185  -33686.1318  0.3493 
   00340    0.4069  -33851.0989  0.3495 
   00341    0.4130  -33898.4837  0.3490 
   00342    0.4070  -33919.3913  0.3512 
   00343    0.4203  -33884.4696  0.3520 
   00344    0.4198  -33921.3214  0.3510 
   00345    0.4107  -33903.9811  0.3501 
   00346    0.4080  -33910.5324  0.3525 
   00347    0.4034  -33976.0387  0.3519 
   00348    0.4112  -33956.7436  0.3556 
   00349    0.4176  -33859.6801  0.3584 
   00350    0.4111  -33844.7525  0.3575 
   00351    0.4153  -33792.5277  0.3565 
   00352    0.4182  -33805.6311  0.3553 
   00353    0.4106  -33762.4660  0.3586 
   00354    0.4189  -33768.4341  0.3601 
   00355    0.4022  -33753.0755  0.3637 
   00356    0.4071  -33831.0968  0.3622 
   00357    0.4123  -33810.4905  0.3624 
   00358    0.4101  -33893.3632  0.3607 
   00359    0.4110  -33806.9088  0.3590 
   00360    0.4185  -33830.2050  0.3571 
   00361    0.4132  -33771.1381  0.3575 
   00362    0.4103  -33794.1270  0.3611 
   00363    0.4111  -33799.0502  0.3598 
   00364    0.4161  -33814.3154  0.3573 
   00365    0.4075  -33824.2731  0.3588 
   00366    0.4151  -33877.6982  0.3597 
   00367    0.4234  -33885.2617  0.3589 
   00368    0.4006  -33953.5305  0.3605 
   00369    0.4130  -33957.7274  0.3610 
   00370    0.4170  -34010.9270  0.3600 
   00371    0.4157  -34012.9520  0.3599 
   00372    0.4051  -34010.1848  0.3583 
   00373    0.4072  -33894.9817  0.3592 
   00374    0.4154  -33833.0266  0.3554 
   00375    0.4065  -33820.1627  0.3537 
   00376    0.4134  -33839.1658  0.3532 
   00377    0.4103  -33895.8060  0.3529 
   00378    0.4075  -33805.2630  0.3508 
   00379    0.4157  -33790.9722  0.3515 
   00380    0.4161  -33695.1772  0.3543 
   00381    0.4114  -33772.1590  0.3536 
   00382    0.4165  -33825.5758  0.3529 
   00383    0.4212  -33784.3987  0.3546 
   00384    0.4119  -33750.4528  0.3534 
   00385    0.4123  -33806.9055  0.3516 
   00386    0.4222  -33882.8629  0.3531 
   00387    0.4091  -33988.1053  0.3515 
   00388    0.4146  -33974.0162  0.3492 
   00389    0.4214  -33865.9204  0.3492 
   00390    0.4175  -33849.6802  0.3494 
   00391    0.4084  -33873.3420  0.3476 
   00392    0.4142  -33859.7869  0.3448 
   00393    0.4088  -33885.7416  0.3445 
   00394    0.4090  -33787.3880  0.3407 
   00395    0.4156  -33770.7597  0.3385 
   00396    0.4128  -33817.4966  0.3410 
   00397    0.4162  -33828.3023  0.3371 
   00398    0.4117  -33869.2069  0.3364 
   00399    0.4132  -33930.8523  0.3389 
   00400    0.4117  -33837.9064  0.3371 
   00401    0.4209  -33759.5807  0.3417 
   00402    0.4093  -33755.9774  0.3404 
   00403    0.4122  -33936.7147  0.3392 
   00404    0.4036  -33905.6513  0.3373 
   00405    0.4166  -33944.8997  0.3344 
   00406    0.4101  -33942.0492  0.3309 
   00407    0.4119  -33980.4106  0.3334 
   00408    0.4013  -33979.5823  0.3338 
   00409    0.4072  -33902.4517  0.3333 
   00410    0.4054  -33826.9680  0.3346 
   00411    0.4050  -33920.8648  0.3331 
   00412    0.4157  -33888.8978  0.3327 
   00413    0.4089  -33809.8709  0.3327 
   00414    0.4107  -33839.2463  0.3327 
   00415    0.4134  -33879.0767  0.3316 
   00416    0.4166  -33878.9005  0.3311 
   00417    0.4117  -33958.5738  0.3348 
   00418    0.4143  -33909.1224  0.3402 
   00419    0.4193  -33815.8789  0.3393 
   00420    0.4149  -33863.0869  0.3393 
   00421    0.4237  -33872.0670  0.3369 
   00422    0.4171  -33868.5742  0.3429 
   00423    0.4036  -33855.6176  0.3424 
   00424    0.4098  -33822.4423  0.3411 
   00425    0.4139  -33849.1865  0.3401 
   00426    0.4122  -33858.7575  0.3391 
   00427    0.4148  -33879.3870  0.3369 
   00428    0.4095  -33895.3577  0.3388 
   00429    0.3966  -33878.0731  0.3389 
   00430    0.4153  -33782.1706  0.3389 
   00431    0.4110  -33803.9294  0.3403 
   00432    0.4093  -33827.6428  0.3431 
   00433    0.4079  -33912.7828  0.3434 
   00434    0.4240  -33916.9482  0.3435 
   00435    0.4221  -33856.1911  0.3410 
   00436    0.4177  -33853.5133  0.3377 
   00437    0.4106  -33886.1987  0.3395 
   00438    0.4155  -33906.6030  0.3367 
   00439    0.4183  -33886.2612  0.3367 
   00440    0.4172  -33930.4943  0.3346 
   00441    0.4128  -33909.2255  0.3379 
   00442    0.4135  -33920.0290  0.3366 
   00443    0.4140  -33890.9624  0.3347 
   00444    0.4146  -33916.9379  0.3358 
   00445    0.4146  -33978.7481  0.3349 
   00446    0.4030  -33916.0430  0.3352 
   00447    0.4069  -33965.9281  0.3347 
   00448    0.4180  -33989.5150  0.3336 
   00449    0.4148  -33993.3043  0.3326 
   00450    0.4145  -34040.8808  0.3357 
   00451    0.4077  -34043.5062  0.3357 
   00452    0.4090  -34055.1303  0.3346 
   00453    0.4072  -34058.9582  0.3312 
   00454    0.4063  -34037.1155  0.3304 
   00455    0.4171  -33951.1410  0.3313 
   00456    0.4073  -34016.3823  0.3332 
   00457    0.4040  -33996.6653  0.3324 
   00458    0.4055  -33972.8642  0.3341 
   00459    0.4136  -33933.3542  0.3365 
   00460    0.4094  -33975.6611  0.3401 
   00461    0.4135  -34022.5425  0.3404 
   00462    0.4080  -34058.4873  0.3414 
   00463    0.4122  -34031.7234  0.3410 
   00464    0.4149  -34048.6776  0.3387 
   00465    0.4088  -34004.4467  0.3405 
   00466    0.4119  -34047.6019  0.3380 
   00467    0.4083  -34020.7718  0.3380 
   00468    0.4146  -33993.5047  0.3378 
   00469    0.4082  -34049.9546  0.3429 
   00470    0.4125  -33972.0543  0.3458 
   00471    0.4076  -33908.8753  0.3485 
   00472    0.4068  -33843.3136  0.3445 
   00473    0.4124  -33886.3374  0.3428 
   00474    0.4090  -33851.0110  0.3422 
   00475    0.4189  -33918.1434  0.3427 
   00476    0.4195  -33892.1451  0.3430 
   00477    0.4158  -33988.1863  0.3447 
   00478    0.4113  -33955.6721  0.3485 
   00479    0.4060  -34023.2958  0.3476 
   00480    0.4044  -34051.2773  0.3488 
   00481    0.4143  -34012.4187  0.3495 
   00482    0.4113  -33879.5344  0.3509 
   00483    0.4112  -33937.2293  0.3504 
   00484    0.4089  -33888.4698  0.3500 
   00485    0.4105  -33875.2301  0.3495 
   00486    0.4121  -33966.9956  0.3524 
   00487    0.4038  -33972.6716  0.3537 
   00488    0.3948  -33922.7250  0.3515 
   00489    0.4133  -34013.7670  0.3520 
   00490    0.4203  -34136.7094  0.3479 
   00491    0.4154  -34039.1987  0.3469 
   00492    0.4146  -34030.3802  0.3496 
   00493    0.4090  -34065.7738  0.3527 
   00494    0.4077  -34000.8337  0.3536 
   00495    0.4062  -33917.3763  0.3512 
   00496    0.4176  -33885.2164  0.3510 
   00497    0.4002  -33899.4827  0.3482 
   00498    0.4214  -33965.9362  0.3506 
   00499    0.4052  -33943.7032  0.3501 
   00500    0.4116  -33942.8355  0.3512 
