#=====================================================
# File created:        Sat-18-Oct-2025-at-06-55-22PM
# Size of lattice:     52x52
# Number of MC steps:  500
# Reduced temperature: 0.500
# Run time (s):        17.768046
#=====================================================
# MC step:  Ratio:     Energy:   Order:
#=====================================================
   00000    0.5000   -2578.1013  0.2591 
   00001    0.6812   -3833.9468  0.2597 
   00002    0.6335   -4776.6426  0.2527 
   00003    0.5851   -5396.8093  0.2535 
   00004    0.5518   -6016.3023  0.2537 
   00005    0.5311   -6373.4136  0.2698 
   00006    0.5226   -6657.1741  0.2711 
   00007    0.5251   -6924.6200  0.2703 
   00008    0.5041   -7162.9206  0.2759 
   00009    0.4819   -7291.9436  0.2792 
   00010    0.4737   -7479.4003  0.2812 
   00011    0.4845   -7578.8148  0.2812 
   00012    0.4545   -7658.0308  0.2820 
   00013    0.4778   -7790.0856  0.2817 
   00014    0.4493   -7854.6685  0.2848 
   00015    0.4534   -7949.2195  0.2874 
   00016    0.4508   -8022.5766  0.2834 
   00017    0.4475   -8065.7788  0.2849 
   00018    0.4386   -8108.1151  0.2814 
   00019    0.4445   -8153.9335  0.2800 
   00020    0.4427   -8224.7540  0.2865 
   00021    0.4523   -8300.8120  0.2922 
   00022    0.4427   -8316.8642  0.2884 
   00023    0.4371   -8394.5079  0.2966 
   00024    0.4456   -8372.6698  0.2910 
   00025    0.4345   -8424.2363  0.2934 
   00026    0.4379   -8486.5486  0.2921 
   00027    0.4360   -8487.7516  0.2916 
   00028    0.4290   -8518.3181  0.2928 
   00029    0.4242   -8485.1817  0.2962 
   00030    0.4390   -8527.3613  0.3001 
   00031    0.4401   -8537.0850  0.2982 
   00032    0.4279   -8550.8038  0.2920 
   00033    0.4379   -8563.4981  0.2952 
   00034    0.4386   -8578.7658  0.2963 
   00035    0.4371   -8576.7372  0.3002 
   00036    0.4246   -8576.5596  0.2980 
   00037    0.4412   -8613.4636  0.2883 
   00038    0.4186   -8667.6075  0.2943 
   00039    0.4357   -8669.6163  0.2972 
   00040    0.4209   -8664.0925  0.2927 
   00041    0.4393   -8686.9881  0.2973 
   00042    0.4194   -8712.3830  0.3020 
   00043    0.4283   -8675.0809  0.3077 
   00044    0.4331   -8696.3850  0.3085 
   00045    0.4349   -8724.1017  0.3131 
   00046    0.4231   -8788.4519  0.3036 
   00047    0.4430   -8771.2620  0.3075 
   00048    0.4275   -8747.5580  0.3035 
   00049    0.4234   -8734.4869  0.3064 
   00050    0.4301   -8748.7240  0.2981 
   00051    0.4334   -8761.8566  0.2991 
   00052    0.4175   -8795.0115  0.2999 
   00053    0.4283   -8770.3697  0.2971 
   00054    0.4301   -8787.5259  0.2997 
   00055    0.4301   -8771.9973  0.3014 
   00056    0.4238   -8818.1957  0.2991 
   00057    0.4357   -8869.8191  0.2982 
   00058    0.4268   -8855.2922  0.3015 
   00059    0.4186   -8855.4809  0.2996 
   00060    0.4286   -8853.7815  0.2979 
   00061    0.4249   -8826.0317  0.3025 
   00062    0.4253   -8835.7489  0.3076 
   00063    0.4234   -8859.9318  0.3034 
   00064    0.4161   -8872.8486  0.3061 
   00065    0.4135   -8896.0512  0.3038 
   00066    0.4116   -8892.1261  0.3075 
   00067    0.4231   -8886.1381  0.3086 
   00068    0.4142   -8854.4665  0.3181 
   00069    0.4168   -8893.9613  0.3193 
   00070    0.4127   -8872.3890  0.3199 
   00071    0.4423   -8903.2441  0.3276 
   00072    0.4249   -8922.0996  0.3262 
   00073    0.4279   -8879.9001  0.3224 
   00074    0.4172   -8898.9531  0.3265 
   00075    0.4201   -8900.0897  0.3295 
   00076    0.4379   -8920.8100  0.3346 
   00077    0.4305   -8911.8696  0.3357 
   00078    0.4101   -8937.9254  0.3264 
   00079    0.4120   -8993.7702  0.3209 
   00080    0.4038   -8938.5821  0.3234 
   00081    0.4279   -8919.8446  0.3194 
   00082    0.4120   -8917.6278  0.3250 
   00083    0.4194   -8889.7858  0.3244 
   00084    0.4212   -8901.7753  0.3230 
   00085    0.4212   -8899.0294  0.3231 
   00086    0.4257   -8903.9771  0.3249 
   00087    0.4157   -8917.4247  0.3268 
   00088    0.4164   -8958.8123  0.3259 
   00089    0.4334   -8934.1925  0.3270 
   00090    0.4083   -8959.8292  0.3336 
   00091    0.4157   -8995.8325  0.3372 
   00092    0.4101   -8942.6665  0.3340 
   00093    0.4286   -8966.8794  0.3319 
   00094    0.4197   -8944.7283  0.3308 
   00095    0.4260   -8969.5624  0.3373 
   00096    0.4194   -8956.9864  0.3369 
   00097    0.4098   -8949.7171  0.3332 
   00098    0.4401   -8926.9066  0.3366 
   00099    0.4234   -8935.9045  0.3348 
   00100    0.4223   -8958.9269  0.3418 
   00101    0.4264   -8977.7171  0.3490 
   00102    0.4271   -8953.2837  0.3530 
   00103    0.4116   -8965.0869  0.3536 
   00104    0.4161   -8950.5872  0.3502 
   00105    0.4079   -8932.0869  0.3510 
   00106    0.4190   -8920.4584  0.3542 
   00107    0.4157   -8926.3040  0.3553 
   00108    0.4135   -8935.1249  0.3530 
   00109    0.4286   -8951.5201  0.3616 
   00110    0.4186   -8928.0112  0.3626 
   00111    0.4449   -8934.3567  0.3598 
   00112    0.4168   -8957.7770  0.3657 
   00113    0.4138   -8943.7076  0.3646 
   00114    0.4142   -8922.0906  0.3628 
   00115    0.4290   -8944.2787  0.3602 
   00116    0.4249   -8923.1502  0.3568 
   00117    0.4368   -8876.8362  0.3603 
   00118    0.4242   -8926.6274  0.3579 
   00119    0.4294   -8921.4055  0.3576 
   00120    0.4194   -8950.4440  0.3539 
   00121    0.4209   -8982.9488  0.3580 
   00122    0.4138   -9058.3722  0.3588 
   00123    0.4238   -9051.9479  0.3525 
   00124    0.4275   -8993.7480  0.3528 
   00125    0.3983   -9001.2395  0.3519 
   00126    0.4209   -9019.0913  0.3482 
   00127    0.4109   -9003.5752  0.3470 
   00128    0.4212   -9016.9298  0.3545 
   00129    0.4305   -8983.1177  0.3523 
   00130    0.4175   -9032.9877  0.3511 
   00131    0.4094   -9045.2106  0.3478 
   00132    0.4116   -9057.4148  0.3526 
   00133    0.4027   -9031.2870  0.3503 
   00134    0.4190   -8998.2185  0.3498 
   00135    0.4120   -8998.9385  0.3510 
   00136    0.4127   -8970.7660  0.3499 
   00137    0.4161   -8978.8154  0.3432 
   00138    0.4183   -8998.5404  0.3412 
   00139    0.4212   -8995.3934  0.3450 
   00140    0.4275   -8951.6532  0.3470 
   00141    0.4120   -8918.0439  0.3468 
   00142    0.4301   -8960.2518  0.3553 
   00143    0.4257   -8992.0568  0.3562 
   00144    0.4064   -9019.6420  0.3601 
   00145    0.3983   -9028.3754  0.3592 
   00146    0.4127   -9011.4356  0.3607 
   00147    0.4234   -8965.9396  0.3612 
   00148    0.4393   -8998.5278  0.3663 
   00149    0.4283   -9024.7249  0.3686 
   00150    0.4105   -9028.3255  0.3714 
   00151    0.4090   -9040.0085  0.3706 
   00152    0.4175   -9030.5795  0.3688 
   00153    0.4142   -9005.5373  0.3656 
   00154    0.4135   -9025.4788  0.3673 
   00155    0.4227   -9017.5235  0.3692 
   00156    0.4112   -8998.0914  0.3686 
   00157    0.4216   -8965.4989  0.3639 
   00158    0.4149   -8972.7757  0.3660 
   00159    0.4153   -8940.7460  0.3741 
   00160    0.4127   -8981.9753  0.3739 
   00161    0.4138   -9021.9218  0.3727 
   00162    0.4142   -8979.4140  0.3730 
   00163    0.4430   -8980.7372  0.3772 
   00164    0.4112   -9039.7857  0.3764 
   00165    0.4297   -9049.9400  0.3800 
   00166    0.4131   -9031.2593  0.3790 
   00167    0.4124   -9040.4741  0.3744 
   00168    0.4253   -9018.2232  0.3687 
   00169    0.4153   -9002.6701  0.3687 
   00170    0.4183   -9032.0176  0.3624 
   00171    0.4205   -9061.2142  0.3705 
   00172    0.4153   -9090.3703  0.3667 
   00173    0.4283   -9024.2576  0.3654 
   00174    0.4024   -9012.8071  0.3675 
   00175    0.4157   -8981.6174  0.3705 
   00176    0.4327   -8939.9850  0.3700 
   00177    0.4146   -8951.6102  0.3760 
   00178    0.4175   -8901.0912  0.3783 
   00179    0.4101   -8951.1942  0.3696 
   00180    0.4135   -8966.4271  0.3654 
   00181    0.4220   -8964.2738  0.3610 
   00182    0.4190   -8986.5188  0.3668 
   00183    0.4201   -8978.3584  0.3690 
   00184    0.4209   -8957.6156  0.3783 
   00185    0.4057   -8998.8324  0.3829 
   00186    0.4172   -9050.1908  0.3834 
   00187    0.4138   -9034.4852  0.3830 
   00188    0.4120   -9043.4067  0.3894 
   00189    0.4142   -9068.9926  0.3944 
   00190    0.4190   -9078.1838  0.3935 
   00191    0.4161   -9073.8514  0.3970 
   00192    0.4164   -9075.8612  0.3953 
   00193    0.4231   -9078.0204  0.3949 
   00194    0.4168   -9059.3280  0.3987 
   00195    0.4382   -9050.2559  0.4003 
   00196    0.4146   -9056.3967  0.4054 
   00197    0.4053   -9038.9461  0.4026 
   00198    0.4216   -9052.9043  0.4099 
   00199    0.4338   -9094.2815  0.4112 
   00200    0.4079   -9099.8926  0.4153 
   00201    0.4127   -9111.6103  0.4176 
   00202    0.4223   -9106.2060  0.4191 
   00203    0.4083   -9107.6793  0.4193 
   00204    0.3979   -9127.1132  0.4274 
   00205    0.3998   -9077.3424  0.4333 
   00206    0.4234   -9084.1017  0.4400 
   00207    0.4312   -9062.7523  0.4454 
   00208    0.4249   -9073.6888  0.4470 
   00209    0.4009   -9105.8803  0.4463 
   00210    0.4194   -9106.0299  0.4508 
   00211    0.4005   -9095.0046  0.4525 
   00212    0.4190   -9109.9702  0.4539 
   00213    0.4253   -9115.5214  0.4646 
   00214    0.4257   -9088.0586  0.4584 
   00215    0.4131   -9107.4904  0.4610 
   00216    0.4109   -9118.6311  0.4645 
   00217    0.4283   -9144.0979  0.4655 
   00218    0.4083   -9104.5435  0.4666 
   00219    0.4116   -9106.0819  0.4724 
   00220    0.3935   -9104.9954  0.4744 
   00221    0.4161   -9110.8360  0.4732 
   00222    0.4157   -9121.9252  0.4752 
   00223    0.4094   -9129.2855  0.4738 
   00224    0.4079   -9151.8519  0.4758 
   00225    0.3913   -9108.0378  0.4789 
   00226    0.4064   -9084.5748  0.4821 
   00227    0.4168   -9087.9435  0.4814 
   00228    0.4005   -9103.1688  0.4811 
   00229    0.4112   -9111.8058  0.4908 
   00230    0.4290   -9089.4729  0.4868 
   00231    0.4083   -9043.2716  0.4807 
   00232    0.4201   -9080.2496  0.4845 
   00233    0.4127   -9051.5169  0.4818 
   00234    0.4368   -8995.4340  0.4774 
   00235    0.4249   -9045.4212  0.4773 
   00236    0.3920   -9035.2655  0.4750 
   00237    0.4205   -9012.3134  0.4737 
   00238    0.4164   -8993.8778  0.4797 
   00239    0.4186   -9032.5423  0.4768 
   00240    0.4209   -9073.3567  0.4804 
   00241    0.4283   -9090.8906  0.4811 
   00242    0.4246   -9101.4082  0.4790 
   00243    0.4220   -9092.2426  0.4836 
   00244    0.4183   -9101.8751  0.4873 
   00245    0.4271   -9093.7691  0.4917 
   00246    0.4112   -9078.1288  0.4833 
   00247    0.4116   -9065.6354  0.4776 
   00248    0.4068   -9045.3599  0.4703 
   00249    0.4142   -9012.9234  0.4687 
   00250    0.4249   -9003.7187  0.4723 
   00251    0.3998   -9015.8993  0.4744 
   00252    0.4212   -8977.6791  0.4722 
   00253    0.4079   -9028.0969  0.4721 
   00254    0.4116   -9087.8950  0.4740 
   00255    0.4157   -9079.9115  0.4718 
   00256    0.4183   -9080.4176  0.4718 
   00257    0.4209   -9034.1952  0.4687 
   00258    0.4020   -9040.5384  0.4695 
   00259    0.4223   -9038.9176  0.4712 
   00260    0.4053   -9026.0136  0.4667 
   00261    0.3883   -9027.1207  0.4687 
   00262    0.4172   -9045.5558  0.4724 
   00263    0.4127   -9103.2440  0.4760 
   00264    0.4131   -9133.7716  0.4751 
   00265    0.4001   -9145.4588  0.4777 
   00266    0.4064   -9185.8748  0.4860 
   00267    0.4035   -9160.4063  0.4838 
   00268    0.3990   -9175.7498  0.4869 
   00269    0.3924   -9224.4798  0.4906 
   00270    0.4013   -9213.3655  0.4871 
   00271    0.4260   -9167.3259  0.4838 
   00272    0.4142   -9106.0952  0.4821 
   00273    0.4127   -9059.9959  0.4845 
   00274    0.4212   -9115.9872  0.4822 
   00275    0.4271   -9127.8854  0.4868 
   00276    0.4179   -9100.3207  0.4907 
   00277    0.4138   -9088.3677  0.4879 
   00278    0.4131   -9081.6293  0.4793 
   00279    0.4234   -9094.7820  0.4859 
   00280    0.4349   -9038.8548  0.4882 
   00281    0.4135   -9049.3400  0.4879 
   00282    0.4242   -9057.1996  0.4889 
   00283    0.4079   -9063.7649  0.4911 
   00284    0.4131   -9131.5361  0.4939 
   00285    0.3957   -9148.9002  0.4902 
   00286    0.3935   -9143.8303  0.4927 
   00287    0.4183   -9165.5647  0.4896 
   00288    0.4001   -9155.0346  0.4939 
   00289    0.4116   -9133.7790  0.4948 
   00290    0.4157   -9111.7314  0.4941 
   00291    0.4090   -9108.8721  0.4949 
   00292    0.4205   -9150.8691  0.4903 
   00293    0.3946   -9154.1083  0.4947 
   00294    0.4098   -9170.5016  0.4910 
   00295    0.4061   -9159.0603  0.4920 
   00296    0.4249   -9165.3064  0.4955 
   00297    0.4138   -9134.0969  0.4943 
   00298    0.4220   -9155.4373  0.4989 
   00299    0.4327   -9182.6862  0.4970 
   00300    0.4253   -9171.8765  0.4915 
   00301    0.4135   -9148.8474  0.4914 
   00302    0.4094   -9164.9873  0.4918 
   00303    0.4242   -9132.8368  0.4921 
   00304    0.3961   -9156.8518  0.4900 
   00305    0.4020   -9128.5190  0.4933 
   00306    0.4249   -9125.9932  0.4950 
   00307    0.3950   -9152.1125  0.4939 
   00308    0.4105   -9167.5740  0.4999 
   00309    0.4124   -9144.9699  0.4989 
   00310    0.3953   -9116.8184  0.5017 
   00311    0.4312   -9157.0581  0.5071 
   00312    0.4271   -9174.9797  0.5043 
   00313    0.4005   -9149.8128  0.5058 
   00314    0.3964   -9198.5344  0.5111 
   00315    0.4124   -9140.6367  0.5115 
   00316    0.4186   -9151.3803  0.5096 
   00317    0.4238   -9143.2375  0.5198 
   00318    0.4220   -9105.3966  0.5188 
   00319    0.4057   -9082.8895  0.5173 
   00320    0.4094   -9121.5133  0.5177 
   00321    0.4101   -9132.6366  0.5240 
   00322    0.4172   -9146.6548  0.5233 
   00323    0.4297   -9129.7019  0.5253 
   00324    0.4246   -9114.2674  0.5251 
   00325    0.3879   -9184.7293  0.5288 
   00326    0.4161   -9147.0964  0.5281 
   00327    0.3968   -9138.2369  0.5268 
   00328    0.4168   -9184.5287  0.5258 
   00329    0.4175   -9182.8349  0.5285 
   00330    0.4087   -9162.6142  0.5256 
   00331    0.4161   -9172.0124  0.5288 
   00332    0.4209   -9091.6847  0.5226 
   00333    0.4234   -9140.7324  0.5198 
   00334    0.4157   -9140.1091  0.5195 
   00335    0.4079   -9151.0459  0.5154 
   00336    0.4101   -9167.8753  0.5175 
   00337    0.4183   -9134.6517  0.5162 
   00338    0.4179   -9098.0466  0.5189 
   00339    0.4057   -9093.0832  0.5174 
   00340    0.4201   -9063.3781  0.5140 
   00341    0.4149   -9086.4020  0.5156 
   00342    0.4316   -9129.9163  0.5188 
   00343    0.4135   -9127.6357  0.5160 
   00344    0.4075   -9134.4268  0.5204 
   00345    0.4061   -9073.8544  0.5188 
   00346    0.4138   -9069.4387  0.5178 
   00347    0.4146   -9103.8682  0.5116 
   00348    0.4098   -9100.6773  0.5130 
   00349    0.4135   -9066.2666  0.5173 
   00350    0.4094   -9061.9051  0.5234 
   00351    0.4124   -9099.0286  0.5263 
   00352    0.4334   -9064.8127  0.5285 
   00353    0.3865   -9044.5394  0.5313 
   00354    0.4246   -9063.8086  0.5364 
   00355    0.4179   -9089.9849  0.5355 
   00356    0.4079   -9106.4862  0.5369 
   00357    0.4190   -9102.7186  0.5378 
   00358    0.3987   -9160.0042  0.5377 
   00359    0.4057   -9138.5790  0.5371 
   00360    0.4186   -9140.6774  0.5332 
   00361    0.4142   -9144.2058  0.5329 
   00362    0.4116   -9141.8715  0.5263 
   00363    0.4042   -9143.2043  0.5285 
   00364    0.4083   -9107.5724  0.5264 
   00365    0.4168   -9074.9252  0.5342 
   00366    0.4301   -9088.7925  0.5408 
   00367    0.4131   -9111.7739  0.5382 
   00368    0.4149   -9114.3007  0.5429 
   00369    0.4290   -9135.8134  0.5421 
   00370    0.4201   -9147.0409  0.5387 
   00371    0.4083   -9171.4285  0.5348 
   00372    0.4135   -9184.7502  0.5372 
   00373    0.4172   -9184.5141  0.5367 
   00374    0.4009   -9145.9862  0.5331 
   00375    0.4138   -9162.6091  0.5312 
   00376    0.4157   -9144.5896  0.5346 
   00377    0.4249   -9180.6646  0.5370 
   00378    0.4172   -9147.9512  0.5347 
   00379    0.4013   -9136.4131  0.5422 
   00380    0.4231   -9154.6010  0.5425 
   00381    0.4050   -9149.7933  0.5397 
   00382    0.4142   -9155.4223  0.5365 
   00383    0.4105   -9217.2249  0.5399 
   00384    0.4157   -9207.9560  0.5404 
   00385    0.4042   -9156.5261  0.5373 
   00386    0.4016   -9127.7099  0.5344 
   00387    0.4271   -9148.9937  0.5384 
   00388    0.4216   -9181.9937  0.5391 
   00389    0.4124   -9128.7771  0.5406 
   00390    0.4249   -9132.5223  0.5404 
   00391    0.4205   -9172.2423  0.5455 
   00392    0.4068   -9191.8784  0.5421 
   00393    0.4098   -9200.9864  0.5465 
   00394    0.4105   -9180.9399  0.5451 
   00395    0.4020   -9197.9417  0.5383 
   00396    0.4050   -9177.9091  0.5382 
   00397    0.4090   -9185.0282  0.5351 
   00398    0.4098   -9225.9492  0.5360 
   00399    0.4175   -9194.4031  0.5296 
   00400    0.4109   -9156.0900  0.5261 
   00401    0.4116   -9125.9469  0.5238 
   00402    0.3931   -9069.5093  0.5267 
   00403    0.4164   -9064.8849  0.5273 
   00404    0.4127   -9095.6012  0.5263 
   00405    0.4231   -9120.3435  0.5248 
   00406    0.4098   -9112.5245  0.5226 
   00407    0.3994   -9068.9542  0.5155 
   00408    0.4079   -9041.3501  0.5154 
   00409    0.4223   -9060.7253  0.5158 
   00410    0.4190   -9049.0322  0.5116 
   00411    0.4275   -9085.4323  0.5184 
   00412    0.4087   -9116.7097  0.5190 
   00413    0.4072   -9117.6248  0.5208 
   00414    0.4135   -9084.6811  0.5175 
   00415    0.3987   -9144.4041  0.5193 
   00416    0.3876   -9148.8149  0.5246 
   00417    0.4197   -9150.1955  0.5217 
   00418    0.4249   -9155.4069  0.5258 
   00419    0.4301   -9144.7386  0.5315 
   00420    0.4231   -9124.6487  0.5289 
   00421    0.4116   -9143.1574  0.5232 
   00422    0.4375   -9084.7890  0.5210 
   00423    0.4116   -9152.1001  0.5176 
   00424    0.4031   -9135.9399  0.5138 
   00425    0.4220   -9119.7665  0.5160 
   00426    0.4064   -9146.1768  0.5107 
   00427    0.4124   -9150.0637  0.5089 
   00428    0.4268   -9113.8267  0.5083 
   00429    0.4175   -9131.7361  0.5114 
   00430    0.4098   -9102.7592  0.5148 
   00431    0.4094   -9124.5276  0.5159 
   00432    0.4146   -9108.2529  0.5156 
   00433    0.4220   -9123.3091  0.5096 
   00434    0.4249   -9129.1493  0.5135 
   00435    0.4146   -9131.9131  0.5125 
   00436    0.4112   -9166.5846  0.5049 
   00437    0.4212   -9136.8277  0.5064 
   00438    0.4249   -9168.9398  0.5084 
   00439    0.4112   -9161.7119  0.5072 
   00440    0.4035   -9200.0641  0.5030 
   00441    0.4283   -9127.8027  0.5033 
   00442    0.4112   -9140.9946  0.5014 
   00443    0.4068   -9203.2238  0.5030 
   00444    0.4105   -9165.5000  0.5010 
   00445    0.4168   -9117.4398  0.4942 
   00446    0.4135   -9122.6051  0.4911 
   00447    0.4201   -9116.5689  0.4951 
   00448    0.4075   -9119.2261  0.4932 
   00449    0.4075   -9074.1362  0.4905 
   00450    0.4260   -9063.9838  0.4806 
   00451    0.4146   -9115.7505  0.4817 
   00452    0.4264   -9104.3534  0.4813 
   00453    0.4075   -9123.3261  0.4813 
   00454    0.4146   -9097.7293  0.4860 
   00455    0.4094   -9137.3500  0.4876 
   00456    0.4364   -9143.2633  0.4896 
   00457    0.4116   -9083.8853  0.4877 
   00458    0.4005   -9111.5046  0.4926 
   00459    0.4349   -9086.3661  0.4956 
   00460    0.4249   -9127.6386  0.4923 
   00461    0.3939   -9152.4964  0.4885 
   00462    0.4127   -9125.0854  0.4882 
   00463    0.4124   -9073.1074  0.4946 
   00464    0.4090   -9081.4985  0.4955 
   00465    0.4179   -9105.7127  0.4962 
   00466    0.4168   -9138.8497  0.4976 
   00467    0.4283   -9172.2913  0.4962 
   00468    0.4068   -9141.1102  0.5022 
   00469    0.4157   -9172.5655  0.5089 
   00470    0.4020   -9181.0344  0.5115 
   00471    0.3998   -9191.3783  0.5067 
   00472    0.4197   -9225.8831  0.5076 
   00473    0.4131   -9193.3729  0.5041 
   00474    0.4164   -9169.5776  0.5075 
   00475    0.4275   -9174.2644  0.5129 
   00476    0.4223   -9182.1037  0.5098 
   00477    0.4186   -9204.7958  0.5127 
   00478    0.3931   -9261.0813  0.5147 
   00479    0.4209   -9278.1097  0.5184 
   00480    0.4157   -9256.8329  0.5180 
   00481    0.3942   -9261.1197  0.5170 
   00482    0.4116   -9231.8366  0.5175 
   00483    0.4157   -9235.1200  0.5188 
   00484    0.4072   -9219.6280  0.5242 
   00485    0.4087   -9176.5508  0.5208 
   00486    0.4038   -9169.9619  0.5198 
   00487    0.4098   -9182.0263  0.5166 
   00488    0.4327   -9156.0655  0.5106 
   00489    0.4146   -9183.2042  0.5139 
   00490    0.3957   -9203.1525  0.5126 
   00491    0.4375   -9186.3193  0.5113 
   00492    0.4127   -9157.0114  0.5107 
   00493    0.4146   -9116.1668  0.5173 
   00494    0.4260   -9109.1013  0.5241 
   00495    0.4283   -9132.0504  0.5299 
   00496    0.4164   -9106.5631  0.5312 
   00497    0.4090   -9128.2916  0.5331 
   00498    0.4061   -9132.2751  0.5273 
   00499    0.3924   -9143.7971  0.5273 
   00500    0.4153   -9158.8218  0.5296 
