#=====================================================
# File created:        Sat-18-Oct-2025-at-08-21-17PM
# Size of lattice:     19x19
# Number of MC steps:  132
# Reduced temperature: 0.500
# Run time (s):        0.471184
#=====================================================
# MC step:  Ratio:     Energy:   Order:
#=====================================================
   00000    0.5000    -268.7649  0.2954 
   00001    0.7341    -487.5308  0.3036 
   00002    0.6565    -605.2289  0.2975 
   00003    0.6122    -710.2546  0.3035 
   00004    0.5900    -788.0108  0.3064 
   00005    0.5429    -830.1343  0.2995 
   00006    0.5596    -844.7874  0.3256 
   00007    0.5402    -876.5169  0.3309 
   00008    0.5235    -875.1186  0.3339 
   00009    0.5706    -912.8930  0.3562 
   00010    0.5097    -951.5489  0.3843 
   00011    0.4958    -985.5726  0.3730 
   00012    0.4543   -1001.3795  0.3906 
   00013    0.4460   -1002.9890  0.3995 
   00014    0.5125   -1019.6583  0.4017 
   00015    0.5152   -1013.4864  0.4030 
   00016    0.4903   -1025.7917  0.3983 
   00017    0.4626   -1046.2280  0.3937 
   00018    0.4820   -1039.0461  0.3680 
   00019    0.5319   -1060.5506  0.3820 
   00020    0.4598   -1077.8449  0.4010 
   00021    0.4238   -1069.8919  0.4065 
   00022    0.4903   -1088.6519  0.4080 
   00023    0.5235   -1088.0062  0.4096 
   00024    0.4155   -1086.0705  0.4231 
   00025    0.4654   -1105.6612  0.4306 
   00026    0.4155   -1117.4833  0.4436 
   00027    0.4709   -1123.9292  0.4510 
   00028    0.4571   -1130.2590  0.4840 
   00029    0.3934   -1135.8446  0.4810 
   00030    0.5042   -1133.3793  0.4888 
   00031    0.4681   -1153.7357  0.4904 
   00032    0.4626   -1151.8030  0.4890 
   00033    0.4294   -1161.3634  0.4996 
   00034    0.4017   -1169.5517  0.5017 
   00035    0.4211   -1168.4703  0.4920 
   00036    0.3989   -1166.6460  0.4861 
   00037    0.3823   -1169.7373  0.4994 
   00038    0.4294   -1172.7747  0.5135 
   00039    0.4321   -1171.2298  0.5212 
   00040    0.4127   -1182.2279  0.5157 
   00041    0.4017   -1181.6262  0.5282 
   00042    0.4238   -1172.0769  0.5225 
   00043    0.4404   -1166.6556  0.5382 
   00044    0.4875   -1175.7312  0.5352 
   00045    0.4127   -1186.8321  0.5449 
   00046    0.3906   -1206.0272  0.5548 
   00047    0.3989   -1203.5224  0.5793 
   00048    0.3961   -1199.1397  0.5781 
   00049    0.4017   -1183.4733  0.5740 
   00050    0.4432   -1199.6176  0.5787 
   00051    0.4100   -1200.0278  0.5924 
   00052    0.3518   -1185.0697  0.5729 
   00053    0.4626   -1191.1812  0.5725 
   00054    0.4044   -1184.8315  0.5850 
   00055    0.4127   -1182.5461  0.5823 
   00056    0.3961   -1189.0394  0.5836 
   00057    0.4211   -1186.2403  0.5735 
   00058    0.4321   -1175.2583  0.5712 
   00059    0.4127   -1187.6040  0.5746 
   00060    0.3878   -1172.1038  0.5717 
   00061    0.4460   -1175.9147  0.5654 
   00062    0.4321   -1175.8438  0.5566 
   00063    0.4266   -1187.0329  0.5544 
   00064    0.4460   -1199.4696  0.5668 
   00065    0.4709   -1180.3658  0.5778 
   00066    0.4349   -1184.5602  0.5664 
   00067    0.4765   -1185.3828  0.5686 
   00068    0.4100   -1179.4994  0.5749 
   00069    0.4654   -1192.4686  0.5926 
   00070    0.4266   -1192.9995  0.5943 
   00071    0.3767   -1214.8988  0.6117 
   00072    0.4238   -1222.9241  0.6091 
   00073    0.4488   -1213.7243  0.6056 
   00074    0.4155   -1205.4563  0.6100 
   00075    0.3684   -1214.7272  0.6059 
   00076    0.4238   -1208.6729  0.5889 
   00077    0.4349   -1197.7838  0.5911 
   00078    0.4100   -1182.3490  0.5816 
   00079    0.4127   -1183.4075  0.5952 
   00080    0.3878   -1190.8032  0.5961 
   00081    0.4211   -1182.7277  0.5928 
   00082    0.4515   -1190.4353  0.6045 
   00083    0.4488   -1175.6098  0.5953 
   00084    0.4765   -1184.2486  0.5844 
   00085    0.4183   -1184.2237  0.5953 
   00086    0.4100   -1185.4470  0.5989 
   00087    0.3906   -1199.9520  0.6035 
   00088    0.4127   -1207.3112  0.6243 
   00089    0.4848   -1212.1775  0.6244 
   00090    0.3961   -1193.4307  0.6244 
   00091    0.4211   -1204.7063  0.6194 
   00092    0.4127   -1209.5130  0.6298 
   00093    0.4155   -1207.3245  0.6234 
   00094    0.4183   -1187.3121  0.6075 
   00095    0.4183   -1172.6466  0.5915 
   00096    0.4044   -1179.2176  0.5918 
   00097    0.4155   -1181.5263  0.5890 
   00098    0.3906   -1169.2044  0.5890 
   00099    0.3961   -1198.3293  0.5935 
   00100    0.4460   -1197.0879  0.6080 
   00101    0.4072   -1193.9118  0.6192 
   00102    0.4432   -1207.5446  0.6238 
   00103    0.4266   -1208.1498  0.6203 
   00104    0.3961   -1201.2284  0.6161 
   00105    0.4238   -1191.5749  0.6119 
   00106    0.4488   -1205.6407  0.6175 
   00107    0.3712   -1196.8451  0.6216 
   00108    0.3878   -1204.1826  0.6234 
   00109    0.4321   -1202.0124  0.6215 
   00110    0.4294   -1183.5062  0.6026 
   00111    0.4072   -1197.4674  0.6108 
   00112    0.4100   -1206.4311  0.6166 
   00113    0.4017   -1214.8812  0.6253 
   00114    0.4377   -1217.4359  0.6311 
   00115    0.4321   -1215.1934  0.6408 
   00116    0.4127   -1196.3225  0.6451 
   00117    0.3878   -1194.5039  0.6582 
   00118    0.3961   -1200.1848  0.6576 
   00119    0.4017   -1192.1931  0.6638 
   00120    0.4654   -1181.1451  0.6721 
   00121    0.3850   -1188.9416  0.6717 
   00122    0.3629   -1165.6816  0.6607 
   00123    0.4155   -1168.1302  0.6495 
   00124    0.3629   -1162.0034  0.6595 
   00125    0.4294   -1164.1453  0.6661 
   00126    0.4100   -1167.9731  0.6775 
   00127    0.4377   -1163.9402  0.6842 
   00128    0.3934   -1172.2611  0.6952 
   00129    0.4321   -1152.7193  0.6911 
   00130    0.3850   -1184.7909  0.6837 
   00131    0.3684   -1201.8724  0.6801 
   00132    0.3989   -1203.2021  0.6925 
