#=====================================================
# File created:        Thu-23-Oct-2025-at-12-14-26PM
# Size of lattice:     2x2
# Number of MC steps:  321
# Reduced temperature: 0.500
# Run time (s):        0.015301
#=====================================================
# MC step:  Ratio:     Energy:   Order:
#=====================================================
   00000    0.5000      -5.6502  0.5828 
   00001    0.5000      -6.2513  0.5751 
   00002    0.5000      -7.9110  0.6898 
   00003    0.5000      -9.6018  0.7856 
   00004    0.7500     -13.3563  0.9279 
   00005    0.5000     -14.3021  0.9553 
   00006    0.0000     -14.3021  0.9553 
   00007    0.2500     -14.4312  0.9586 
   00008    0.5000     -12.6195  0.9290 
   00009    0.5000     -13.6863  0.9358 
   00010    0.5000     -15.5461  0.9857 
   00011    0.0000     -15.5461  0.9857 
   00012    0.0000     -15.5461  0.9857 
   00013    0.5000     -14.7116  0.9598 
   00014    0.5000     -14.7164  0.9611 
   00015    0.5000     -13.2696  0.9471 
   00016    0.5000     -14.8306  0.9634 
   00017    0.7500     -15.2536  0.9821 
   00018    0.2500     -14.9601  0.9698 
   00019    0.5000     -14.8890  0.9697 
   00020    0.5000     -14.6448  0.9690 
   00021    0.2500     -14.0576  0.9548 
   00022    0.2500     -14.4521  0.9644 
   00023    0.2500     -14.9462  0.9761 
   00024    0.5000     -13.6947  0.9625 
   00025    0.2500     -13.0899  0.9509 
   00026    0.2500     -10.7600  0.8365 
   00027    0.5000     -10.9439  0.8410 
   00028    0.2500     -12.0317  0.8760 
   00029    0.7500     -15.4960  0.9852 
   00030    0.7500     -15.4507  0.9905 
   00031    0.5000     -15.3928  0.9810 
   00032    0.0000     -15.3928  0.9810 
   00033    0.5000     -14.4759  0.9554 
   00034    0.0000     -14.4759  0.9554 
   00035    0.5000     -15.2443  0.9765 
   00036    0.2500     -14.4482  0.9606 
   00037    0.5000     -14.7383  0.9612 
   00038    0.7500     -14.0909  0.9494 
   00039    0.0000     -14.0909  0.9494 
   00040    0.2500     -15.3835  0.9814 
   00041    0.5000     -12.8252  0.8980 
   00042    0.0000     -12.8252  0.8980 
   00043    0.7500     -14.7848  0.9634 
   00044    0.7500     -11.2656  0.8902 
   00045    0.2500      -9.2874  0.8802 
   00046    0.5000     -14.8837  0.9712 
   00047    0.0000     -14.8837  0.9712 
   00048    0.2500     -15.4258  0.9840 
   00049    0.2500     -15.5863  0.9877 
   00050    0.5000     -15.5835  0.9872 
   00051    0.2500     -15.5222  0.9856 
   00052    0.5000     -15.5234  0.9856 
   00053    0.5000     -14.1889  0.9503 
   00054    0.5000     -14.0049  0.9518 
   00055    0.7500     -14.4903  0.9600 
   00056    0.5000     -14.7469  0.9666 
   00057    0.2500     -14.2279  0.9425 
   00058    0.2500     -14.5291  0.9552 
   00059    0.5000     -13.5999  0.9410 
   00060    0.5000     -15.8693  0.9968 
   00061    0.2500     -15.6002  0.9934 
   00062    0.2500     -13.8771  0.9388 
   00063    0.2500     -11.1855  0.8634 
   00064    0.7500     -12.3665  0.9236 
   00065    0.0000     -12.3665  0.9236 
   00066    0.2500     -13.6923  0.9511 
   00067    0.2500     -13.7946  0.9457 
   00068    0.0000     -13.7946  0.9457 
   00069    0.5000     -13.6871  0.9512 
   00070    0.5000     -11.8652  0.9319 
   00071    0.2500     -13.1784  0.9146 
   00072    0.7500     -12.9704  0.9110 
   00073    0.2500     -12.6204  0.9029 
   00074    0.5000     -12.1273  0.8904 
   00075    0.5000     -12.2377  0.8803 
   00076    0.2500     -13.1303  0.9130 
   00077    1.0000     -15.5725  0.9911 
   00078    0.2500     -15.4037  0.9830 
   00079    0.2500     -15.5935  0.9873 
   00080    0.0000     -15.5935  0.9873 
   00081    0.7500     -15.4439  0.9836 
   00082    0.5000     -15.6338  0.9940 
   00083    0.2500     -15.8587  0.9958 
   00084    0.7500     -15.3553  0.9828 
   00085    0.0000     -15.3553  0.9828 
   00086    0.5000     -15.4579  0.9855 
   00087    0.5000     -15.5645  0.9864 
   00088    0.2500     -15.5104  0.9912 
   00089    0.2500     -15.1057  0.9721 
   00090    0.2500     -13.3353  0.9256 
   00091    0.7500     -14.3136  0.9481 
   00092    0.5000     -13.0374  0.9071 
   00093    0.5000     -14.4788  0.9697 
   00094    0.0000     -14.4788  0.9697 
   00095    0.5000     -14.5434  0.9630 
   00096    0.7500     -15.6390  0.9889 
   00097    0.2500     -15.6726  0.9899 
   00098    0.2500     -15.7433  0.9959 
   00099    0.5000     -15.7889  0.9935 
   00100    0.0000     -15.7889  0.9935 
   00101    0.2500     -15.7600  0.9930 
   00102    0.7500     -14.4932  0.9731 
   00103    0.2500     -14.5438  0.9741 
   00104    0.5000     -13.7436  0.9282 
   00105    0.7500     -12.7343  0.9012 
   00106    0.2500     -14.4676  0.9528 
   00107    0.7500     -14.4838  0.9568 
   00108    0.2500     -14.7779  0.9631 
   00109    0.0000     -14.7779  0.9631 
   00110    0.7500     -14.6244  0.9692 
   00111    1.0000     -13.9192  0.9434 
   00112    0.5000     -14.8308  0.9634 
   00113    0.2500     -14.6691  0.9587 
   00114    0.2500     -14.6355  0.9571 
   00115    0.5000     -14.1304  0.9439 
   00116    0.5000     -15.1740  0.9783 
   00117    0.5000     -13.5364  0.9240 
   00118    0.5000     -12.2178  0.9316 
   00119    0.5000     -11.4488  0.9228 
   00120    0.5000     -15.6489  0.9890 
   00121    0.2500     -15.3406  0.9814 
   00122    0.5000     -15.6207  0.9883 
   00123    0.7500     -15.7615  0.9957 
   00124    0.5000     -14.7593  0.9687 
   00125    0.2500     -15.2299  0.9762 
   00126    0.5000     -15.2256  0.9860 
   00127    0.5000     -13.5248  0.9545 
   00128    0.2500     -15.1458  0.9850 
   00129    0.5000     -14.7924  0.9619 
   00130    0.5000     -15.7235  0.9933 
   00131    0.2500     -15.6205  0.9912 
   00132    0.5000     -14.5791  0.9606 
   00133    0.0000     -14.5791  0.9606 
   00134    0.5000     -13.5072  0.9545 
   00135    0.7500     -13.6106  0.9367 
   00136    0.5000      -6.1421  0.7959 
   00137    1.0000     -13.4838  0.9313 
   00138    0.5000     -15.3383  0.9816 
   00139    0.2500     -15.6107  0.9879 
   00140    0.2500     -13.5427  0.9314 
   00141    0.2500     -13.5723  0.9330 
   00142    0.2500     -14.4365  0.9561 
   00143    0.5000     -13.7974  0.9385 
   00144    0.0000     -13.7974  0.9385 
   00145    0.5000     -12.8123  0.8953 
   00146    0.5000     -11.0741  0.8448 
   00147    0.2500     -14.5079  0.9548 
   00148    0.5000     -11.9357  0.8826 
   00149    0.0000     -11.9357  0.8826 
   00150    0.5000     -12.1691  0.8747 
   00151    1.0000      -8.5051  0.7620 
   00152    0.5000      -9.9764  0.8903 
   00153    0.2500      -9.5441  0.8840 
   00154    0.5000     -11.9524  0.8883 
   00155    0.2500     -11.1369  0.8649 
   00156    0.5000     -11.3659  0.8864 
   00157    0.5000     -14.1190  0.9461 
   00158    0.2500     -14.0200  0.9616 
   00159    0.5000     -13.7117  0.9455 
   00160    0.2500     -12.6241  0.9404 
   00161    0.5000     -13.7522  0.9390 
   00162    0.7500     -13.9573  0.9369 
   00163    0.5000     -15.2895  0.9815 
   00164    0.5000     -13.0040  0.9250 
   00165    0.2500      -9.1823  0.8793 
   00166    0.2500      -8.8582  0.8738 
   00167    0.7500      -7.1786  0.7362 
   00168    0.5000      -7.4615  0.7099 
   00169    0.7500      -6.9438  0.7433 
   00170    0.5000     -15.3916  0.9816 
   00171    0.0000     -15.3916  0.9816 
   00172    0.2500     -14.6242  0.9589 
   00173    0.0000     -14.6242  0.9589 
   00174    0.0000     -14.6242  0.9589 
   00175    0.2500     -14.4746  0.9519 
   00176    0.5000     -15.1374  0.9760 
   00177    0.2500     -15.1953  0.9747 
   00178    0.2500     -14.9312  0.9664 
   00179    0.5000     -14.6943  0.9593 
   00180    0.2500     -14.9061  0.9712 
   00181    0.2500     -14.8114  0.9726 
   00182    0.7500     -14.6197  0.9631 
   00183    0.7500     -15.6550  0.9897 
   00184    0.5000     -14.8182  0.9752 
   00185    0.2500     -15.5110  0.9880 
   00186    0.7500     -13.1672  0.9121 
   00187    1.0000     -14.7323  0.9619 
   00188    0.2500     -15.6697  0.9910 
   00189    0.0000     -15.6697  0.9910 
   00190    0.2500     -15.3177  0.9870 
   00191    0.2500     -14.8080  0.9671 
   00192    0.2500     -14.8843  0.9686 
   00193    0.0000     -14.8843  0.9686 
   00194    0.7500     -13.6549  0.9270 
   00195    0.2500     -12.5974  0.8961 
   00196    0.2500      -9.5529  0.7727 
   00197    0.2500     -11.7244  0.8543 
   00198    0.5000     -11.7213  0.8541 
   00199    0.5000     -15.3428  0.9850 
   00200    0.2500     -14.6474  0.9664 
   00201    0.7500     -15.0778  0.9707 
   00202    0.2500     -15.3708  0.9809 
   00203    0.5000     -15.6483  0.9890 
   00204    0.0000     -15.6483  0.9890 
   00205    0.5000     -15.1309  0.9749 
   00206    0.0000     -15.1309  0.9749 
   00207    0.5000     -14.8443  0.9674 
   00208    0.2500     -14.6881  0.9597 
   00209    0.5000     -15.4316  0.9824 
   00210    0.5000     -14.5654  0.9671 
   00211    0.2500     -14.6805  0.9696 
   00212    0.5000     -13.1750  0.9154 
   00213    0.2500     -12.9579  0.9130 
   00214    0.7500     -13.8226  0.9507 
   00215    0.5000     -12.2209  0.9335 
   00216    0.5000     -15.2236  0.9825 
   00217    0.5000     -15.1993  0.9747 
   00218    0.2500     -14.6779  0.9717 
   00219    0.2500     -14.9211  0.9693 
   00220    0.2500     -14.5525  0.9539 
   00221    0.2500     -14.5156  0.9696 
   00222    0.5000     -14.2502  0.9452 
   00223    0.7500     -14.1657  0.9541 
   00224    0.5000     -13.9683  0.9382 
   00225    0.2500     -14.1450  0.9448 
   00226    0.2500     -14.4434  0.9656 
   00227    0.5000     -13.7115  0.9426 
   00228    0.0000     -13.7115  0.9426 
   00229    0.2500     -13.5992  0.9406 
   00230    0.7500     -13.0446  0.9175 
   00231    0.5000     -12.9994  0.9353 
   00232    0.7500     -14.7376  0.9692 
   00233    0.5000     -15.3591  0.9822 
   00234    0.2500     -14.9448  0.9761 
   00235    0.5000     -15.0688  0.9711 
   00236    0.7500     -15.6385  0.9887 
   00237    0.5000     -15.5485  0.9861 
   00238    0.2500     -14.9416  0.9679 
   00239    0.2500     -15.0049  0.9766 
   00240    0.5000     -15.3543  0.9840 
   00241    0.0000     -15.3543  0.9840 
   00242    0.5000     -14.4999  0.9544 
   00243    0.5000     -14.0853  0.9423 
   00244    0.7500     -13.6020  0.9229 
   00245    0.2500     -13.6966  0.9279 
   00246    0.2500     -13.4774  0.9520 
   00247    0.5000     -13.4236  0.9506 
   00248    0.2500     -12.8258  0.9013 
   00249    0.5000     -12.8592  0.9025 
   00250    0.2500      -9.2602  0.7821 
   00251    0.7500     -14.5635  0.9557 
   00252    0.7500     -14.3042  0.9466 
   00253    0.2500     -14.3590  0.9485 
   00254    0.5000     -13.8780  0.9336 
   00255    0.5000     -13.8402  0.9599 
   00256    0.7500     -15.7128  0.9910 
   00257    0.0000     -15.7128  0.9910 
   00258    0.5000     -15.1133  0.9721 
   00259    0.5000     -15.4724  0.9835 
   00260    0.2500     -15.5093  0.9895 
   00261    0.5000     -15.5162  0.9893 
   00262    0.5000     -15.4902  0.9891 
   00263    0.7500     -14.7642  0.9745 
   00264    0.5000     -15.5720  0.9871 
   00265    0.2500     -15.4941  0.9910 
   00266    0.7500     -15.0650  0.9738 
   00267    0.5000     -15.7767  0.9931 
   00268    0.2500     -13.5762  0.9467 
   00269    0.7500     -11.1048  0.8380 
   00270    0.5000     -10.5819  0.8360 
   00271    0.7500     -15.3336  0.9828 
   00272    0.5000     -15.8465  0.9962 
   00273    0.7500      -8.5556  0.8088 
   00274    0.0000      -8.5556  0.8088 
   00275    0.2500      -6.1234  0.7722 
   00276    0.2500     -14.4009  0.9727 
   00277    0.7500     -15.5852  0.9901 
   00278    0.5000     -15.3277  0.9826 
   00279    0.5000     -15.2042  0.9803 
   00280    0.5000     -15.1919  0.9801 
   00281    0.2500     -13.9673  0.9498 
   00282    0.2500     -12.8783  0.9217 
   00283    0.2500     -13.1706  0.9293 
   00284    0.0000     -13.1706  0.9293 
   00285    0.7500     -14.1606  0.9413 
   00286    0.7500     -15.1536  0.9838 
   00287    0.2500     -15.8898  0.9981 
   00288    0.7500     -15.0393  0.9840 
   00289    0.5000     -14.8817  0.9668 
   00290    0.5000     -15.0825  0.9716 
   00291    1.0000     -14.2477  0.9503 
   00292    0.5000     -15.2035  0.9751 
   00293    0.5000     -14.8448  0.9654 
   00294    0.7500     -12.1451  0.9304 
   00295    0.5000     -14.3559  0.9487 
   00296    0.5000     -13.1817  0.9513 
   00297    0.5000     -14.4861  0.9543 
   00298    0.2500     -14.8026  0.9710 
   00299    0.2500     -15.2633  0.9782 
   00300    0.0000     -15.2633  0.9782 
   00301    0.7500     -15.5013  0.9916 
   00302    0.2500     -15.5935  0.9921 
   00303    0.5000     -15.7125  0.9926 
   00304    0.0000     -15.7125  0.9926 
   00305    0.5000     -15.8987  0.9971 
   00306    0.5000     -14.9098  0.9765 
   00307    0.0000     -14.9098  0.9765 
   00308    0.0000     -14.9098  0.9765 
   00309    0.5000     -14.7676  0.9657 
   00310    0.2500     -14.6667  0.9663 
   00311    0.7500     -13.2318  0.9350 
   00312    0.5000     -14.2110  0.9421 
   00313    0.7500     -13.6092  0.9216 
   00314    0.2500     -13.9263  0.9321 
   00315    0.5000     -13.9944  0.9506 
   00316    0.2500     -15.9578  0.9989 
   00317    0.0000     -15.9578  0.9989 
   00318    0.0000     -15.9578  0.9989 
   00319    0.2500     -15.9375  0.9981 
   00320    0.2500     -15.8181  0.9959 
   00321    0.2500     -15.1348  0.9743 
