#=====================================================
# File created:        Sat-18-Oct-2025-at-06-51-31PM
# Size of lattice:     14x14
# Number of MC steps:  132
# Reduced temperature: 0.500
# Run time (s):        0.339536
#=====================================================
# MC step:  Ratio:     Energy:   Order:
#=====================================================
   00000    0.5000    -183.4092  0.2680 
   00001    0.6633    -291.2599  0.2922 
   00002    0.6327    -349.5300  0.3330 
   00003    0.5357    -368.6521  0.2981 
   00004    0.6071    -389.5336  0.3303 
   00005    0.5561    -429.1949  0.3471 
   00006    0.5663    -461.7886  0.3549 
   00007    0.5051    -471.1147  0.4094 
   00008    0.4949    -473.4888  0.4327 
   00009    0.5459    -481.9392  0.4290 
   00010    0.4949    -503.8933  0.4767 
   00011    0.4388    -518.5567  0.4871 
   00012    0.4592    -521.7508  0.5126 
   00013    0.4898    -554.4854  0.5575 
   00014    0.4082    -572.6992  0.5351 
   00015    0.4796    -588.2226  0.5593 
   00016    0.4490    -570.3158  0.5632 
   00017    0.4898    -585.1580  0.5726 
   00018    0.4796    -594.7647  0.5798 
   00019    0.4745    -589.5978  0.5632 
   00020    0.4133    -574.8499  0.5459 
   00021    0.5255    -581.2865  0.5498 
   00022    0.4439    -592.9816  0.5688 
   00023    0.4796    -610.5857  0.5724 
   00024    0.4439    -611.2085  0.5926 
   00025    0.4694    -614.1588  0.5994 
   00026    0.4490    -616.7933  0.6048 
   00027    0.4643    -622.4981  0.5903 
   00028    0.4490    -626.0433  0.5836 
   00029    0.5000    -617.6292  0.5811 
   00030    0.3571    -615.6975  0.6029 
   00031    0.4490    -608.4655  0.6030 
   00032    0.4592    -605.9821  0.5980 
   00033    0.4847    -611.2170  0.6073 
   00034    0.3112    -623.1598  0.6061 
   00035    0.4286    -625.1748  0.5788 
   00036    0.4541    -621.6674  0.5743 
   00037    0.4694    -625.3128  0.5665 
   00038    0.4337    -622.8836  0.5735 
   00039    0.4541    -619.9435  0.5689 
   00040    0.4388    -617.4386  0.5615 
   00041    0.3878    -613.2873  0.5567 
   00042    0.4439    -612.6865  0.5703 
   00043    0.4541    -625.4212  0.5851 
   00044    0.4745    -623.9180  0.5762 
   00045    0.4082    -630.0759  0.5715 
   00046    0.4082    -630.9801  0.5827 
   00047    0.4286    -625.0163  0.5657 
   00048    0.4133    -603.0480  0.5617 
   00049    0.3724    -600.3786  0.5370 
   00050    0.4898    -609.9088  0.5584 
   00051    0.4592    -620.3546  0.5758 
   00052    0.3367    -625.4282  0.5860 
   00053    0.4643    -629.0311  0.5950 
   00054    0.4490    -628.6230  0.6110 
   00055    0.4031    -622.0896  0.5940 
   00056    0.4439    -629.1493  0.5876 
   00057    0.4643    -635.2895  0.6102 
   00058    0.3980    -633.3849  0.5877 
   00059    0.4286    -637.4728  0.6048 
   00060    0.4796    -637.1869  0.6036 
   00061    0.4133    -644.6942  0.5935 
   00062    0.4235    -640.6919  0.5958 
   00063    0.4235    -642.8266  0.5976 
   00064    0.3827    -641.4998  0.6133 
   00065    0.4133    -639.0524  0.6245 
   00066    0.4388    -642.1532  0.6250 
   00067    0.4286    -648.5370  0.6403 
   00068    0.3776    -647.9726  0.6405 
   00069    0.3980    -652.0481  0.6415 
   00070    0.4490    -641.5495  0.6437 
   00071    0.4592    -641.9235  0.6501 
   00072    0.4235    -648.6501  0.6645 
   00073    0.4745    -637.4228  0.6701 
   00074    0.3571    -634.3118  0.6559 
   00075    0.4184    -628.6940  0.6524 
   00076    0.4184    -632.1825  0.6741 
   00077    0.4337    -646.9319  0.7109 
   00078    0.4286    -643.0356  0.7047 
   00079    0.4286    -638.8488  0.6847 
   00080    0.4337    -638.9126  0.6839 
   00081    0.4235    -636.9775  0.6752 
   00082    0.4694    -628.2581  0.6604 
   00083    0.3878    -650.1136  0.6605 
   00084    0.4745    -655.1344  0.6826 
   00085    0.4388    -653.8132  0.6815 
   00086    0.4490    -633.7479  0.6772 
   00087    0.3878    -629.4048  0.6701 
   00088    0.4082    -629.3116  0.6703 
   00089    0.4643    -616.1172  0.6557 
   00090    0.4949    -616.9869  0.6628 
   00091    0.4745    -616.8658  0.6717 
   00092    0.3878    -628.4285  0.6766 
   00093    0.4082    -643.9380  0.6887 
   00094    0.4694    -640.2901  0.6858 
   00095    0.4286    -633.8218  0.6689 
   00096    0.4541    -619.8653  0.6520 
   00097    0.4133    -621.8446  0.6607 
   00098    0.3878    -626.4488  0.6591 
   00099    0.4439    -627.8346  0.6514 
   00100    0.3980    -619.5257  0.6375 
   00101    0.3673    -621.8518  0.6483 
   00102    0.4082    -627.8048  0.6515 
   00103    0.3418    -624.1017  0.6440 
   00104    0.3878    -629.3686  0.6425 
   00105    0.4337    -621.2505  0.6543 
   00106    0.4949    -616.4104  0.6636 
   00107    0.4388    -628.4589  0.6699 
   00108    0.4184    -627.7976  0.6796 
   00109    0.3929    -629.2479  0.6872 
   00110    0.4643    -632.8422  0.6941 
   00111    0.3724    -630.3905  0.6809 
   00112    0.4490    -635.7743  0.6968 
   00113    0.4643    -641.4954  0.7190 
   00114    0.3622    -650.8591  0.7357 
   00115    0.4235    -653.8487  0.7168 
   00116    0.4184    -631.4290  0.7029 
   00117    0.4235    -637.0263  0.7121 
   00118    0.3827    -641.2428  0.7183 
   00119    0.4337    -639.9841  0.6985 
   00120    0.4133    -639.3861  0.6808 
   00121    0.4388    -638.9955  0.6759 
   00122    0.4184    -636.8985  0.6984 
   00123    0.4286    -635.6010  0.7325 
   00124    0.4031    -643.4912  0.7550 
   00125    0.3878    -656.4769  0.7484 
   00126    0.3520    -655.6348  0.7389 
   00127    0.4541    -652.5657  0.7285 
   00128    0.4439    -640.9828  0.7224 
   00129    0.4286    -643.3430  0.7067 
   00130    0.4184    -650.9506  0.7098 
   00131    0.4439    -653.3217  0.7368 
   00132    0.4847    -650.0878  0.7487 
