#=====================================================
# File created:        Mon-27-Oct-2025-at-09-42-34PM
# Size of lattice:     10x10
# Number of MC steps:  1000
# Reduced temperature: 0.500
# Run time (s):        1.350472
#=====================================================
# MC step:  Ratio:     Energy:   Order:
#=====================================================
   00000    0.5000     -88.5522  0.2954 
   00001    0.6800    -115.9418  0.3586 
   00002    0.6500    -153.0989  0.3379 
   00003    0.6400    -176.9194  0.3325 
   00004    0.5700    -194.5862  0.3794 
   00005    0.5100    -207.6410  0.3536 
   00006    0.6100    -217.6596  0.3418 
   00007    0.5200    -239.1271  0.3695 
   00008    0.5400    -264.9947  0.3928 
   00009    0.4700    -279.0949  0.3924 
   00010    0.4900    -284.0429  0.4121 
   00011    0.4800    -279.0496  0.4080 
   00012    0.4700    -280.3150  0.4440 
   00013    0.4600    -279.1562  0.4526 
   00014    0.4300    -295.7511  0.4738 
   00015    0.5200    -297.5314  0.5127 
   00016    0.4400    -291.3612  0.4616 
   00017    0.4800    -294.8501  0.5088 
   00018    0.4400    -295.6736  0.5591 
   00019    0.4700    -300.8784  0.5847 
   00020    0.4900    -315.3826  0.6199 
   00021    0.4300    -317.5614  0.6445 
   00022    0.4300    -320.3301  0.6536 
   00023    0.3900    -316.2280  0.6474 
   00024    0.5200    -316.8798  0.6184 
   00025    0.4400    -316.2011  0.6214 
   00026    0.4200    -320.7159  0.6633 
   00027    0.4300    -315.4856  0.6702 
   00028    0.4700    -318.6656  0.6881 
   00029    0.4200    -315.4048  0.6997 
   00030    0.4700    -319.1502  0.7524 
   00031    0.3900    -323.8015  0.7635 
   00032    0.4300    -330.5006  0.7674 
   00033    0.4000    -331.6069  0.7545 
   00034    0.5200    -330.9285  0.7739 
   00035    0.4800    -335.6877  0.8042 
   00036    0.5100    -339.6594  0.8071 
   00037    0.4600    -349.2223  0.8138 
   00038    0.4000    -340.7350  0.7915 
   00039    0.3500    -333.9018  0.7775 
   00040    0.3600    -320.8270  0.7518 
   00041    0.4800    -313.2718  0.7499 
   00042    0.3700    -322.3273  0.7719 
   00043    0.4800    -327.0091  0.7748 
   00044    0.4100    -332.9331  0.7983 
   00045    0.4600    -338.7180  0.8167 
   00046    0.3700    -338.8403  0.8373 
   00047    0.4100    -342.6021  0.8362 
   00048    0.4300    -344.4067  0.8404 
   00049    0.4100    -346.4724  0.8366 
   00050    0.4000    -345.6553  0.8246 
   00051    0.3600    -336.5283  0.8142 
   00052    0.3700    -337.7629  0.8405 
   00053    0.3500    -331.3372  0.8437 
   00054    0.4500    -324.4872  0.8454 
   00055    0.4200    -323.6460  0.8413 
   00056    0.4000    -334.5506  0.8621 
   00057    0.4900    -332.1575  0.8646 
   00058    0.4000    -334.0826  0.8725 
   00059    0.3800    -334.1044  0.8689 
   00060    0.3600    -340.6553  0.8706 
   00061    0.3800    -334.2854  0.8595 
   00062    0.4900    -326.0585  0.8430 
   00063    0.4500    -326.2757  0.8309 
   00064    0.4500    -333.5575  0.8425 
   00065    0.4200    -338.4221  0.8523 
   00066    0.4000    -344.8492  0.8763 
   00067    0.5000    -346.6095  0.8840 
   00068    0.3500    -344.4251  0.8934 
   00069    0.3500    -348.2892  0.8890 
   00070    0.4000    -343.5201  0.8972 
   00071    0.4300    -330.4006  0.8722 
   00072    0.4800    -337.9511  0.8917 
   00073    0.3700    -338.8145  0.8988 
   00074    0.3800    -338.3002  0.8937 
   00075    0.4000    -334.5916  0.8750 
   00076    0.4400    -333.8471  0.8777 
   00077    0.4000    -339.9613  0.8936 
   00078    0.4300    -339.7481  0.8934 
   00079    0.4200    -333.4206  0.8862 
   00080    0.4500    -330.8553  0.8868 
   00081    0.5300    -341.1211  0.8940 
   00082    0.3900    -338.9740  0.8933 
   00083    0.4900    -340.2105  0.8877 
   00084    0.3500    -335.1337  0.8799 
   00085    0.4100    -339.3395  0.8813 
   00086    0.4700    -343.9867  0.8925 
   00087    0.4300    -336.7408  0.8735 
   00088    0.4400    -335.2119  0.8734 
   00089    0.4000    -339.3259  0.8828 
   00090    0.4300    -346.4709  0.8876 
   00091    0.4000    -351.2125  0.9007 
   00092    0.3700    -357.9879  0.8957 
   00093    0.4800    -350.0432  0.8832 
   00094    0.2900    -350.3968  0.8739 
   00095    0.4000    -359.9643  0.8867 
   00096    0.4200    -360.2108  0.8803 
   00097    0.4900    -346.5626  0.8640 
   00098    0.4300    -347.2170  0.8717 
   00099    0.3800    -352.5591  0.8872 
   00100    0.4400    -352.1456  0.8867 
   00101    0.5500    -346.8735  0.8980 
   00102    0.4100    -346.8305  0.9101 
   00103    0.4700    -343.5333  0.9060 
   00104    0.4800    -345.4323  0.9009 
   00105    0.4400    -346.2109  0.8966 
   00106    0.4500    -337.4179  0.8750 
   00107    0.3600    -340.6088  0.8751 
   00108    0.4300    -347.3312  0.8817 
   00109    0.5000    -353.7501  0.8896 
   00110    0.3800    -352.1072  0.8897 
   00111    0.5300    -348.0405  0.8789 
   00112    0.4200    -341.4475  0.8717 
   00113    0.4000    -329.7557  0.8536 
   00114    0.5100    -338.6852  0.8540 
   00115    0.3900    -335.6044  0.8495 
   00116    0.5000    -341.1230  0.8436 
   00117    0.4200    -347.5329  0.8607 
   00118    0.4400    -345.7927  0.8669 
   00119    0.4300    -346.1497  0.8633 
   00120    0.3700    -342.4012  0.8454 
   00121    0.4300    -347.3622  0.8663 
   00122    0.4100    -347.3983  0.8697 
   00123    0.4200    -349.4201  0.8632 
   00124    0.4200    -352.2122  0.8814 
   00125    0.4000    -351.4942  0.8988 
   00126    0.4000    -353.1424  0.8883 
   00127    0.4100    -345.1844  0.8968 
   00128    0.4600    -354.4273  0.9189 
   00129    0.5200    -349.5758  0.9197 
   00130    0.4500    -353.7589  0.9257 
   00131    0.4900    -350.1085  0.9046 
   00132    0.4200    -345.4079  0.9021 
   00133    0.4700    -339.6328  0.8907 
   00134    0.4500    -346.8787  0.8961 
   00135    0.3500    -344.9743  0.8939 
   00136    0.3900    -349.1460  0.9013 
   00137    0.4400    -348.8637  0.9071 
   00138    0.4000    -355.2002  0.9294 
   00139    0.3700    -354.1669  0.9275 
   00140    0.4100    -350.6787  0.9280 
   00141    0.4900    -355.8342  0.9273 
   00142    0.3100    -356.6021  0.9232 
   00143    0.4100    -362.3652  0.9286 
   00144    0.3900    -361.4173  0.9342 
   00145    0.4700    -357.0979  0.9210 
   00146    0.3500    -354.9063  0.9194 
   00147    0.4000    -354.3070  0.9200 
   00148    0.3700    -347.6955  0.8941 
   00149    0.4100    -351.1262  0.8971 
   00150    0.3400    -342.7189  0.8793 
   00151    0.3500    -355.6650  0.8910 
   00152    0.3900    -359.6476  0.9123 
   00153    0.3100    -355.3615  0.9021 
   00154    0.4500    -350.9780  0.9133 
   00155    0.4200    -345.6934  0.9010 
   00156    0.3800    -342.2793  0.8844 
   00157    0.4200    -350.9220  0.9009 
   00158    0.4200    -346.0312  0.8957 
   00159    0.3800    -347.6923  0.8985 
   00160    0.4000    -351.0155  0.8877 
   00161    0.3200    -350.6016  0.8901 
   00162    0.4700    -347.0834  0.8918 
   00163    0.4400    -351.8447  0.8930 
   00164    0.4400    -349.2645  0.8899 
   00165    0.4100    -350.8143  0.8968 
   00166    0.3700    -354.1628  0.8942 
   00167    0.3000    -355.0139  0.9014 
   00168    0.4000    -356.9153  0.9021 
   00169    0.3700    -360.8919  0.9147 
   00170    0.4300    -358.0579  0.9019 
   00171    0.3600    -356.8097  0.9048 
   00172    0.4400    -338.6204  0.8711 
   00173    0.3400    -330.0015  0.8614 
   00174    0.4100    -350.8170  0.8908 
   00175    0.3700    -348.5673  0.8950 
   00176    0.3200    -346.4075  0.8989 
   00177    0.4400    -345.7345  0.8982 
   00178    0.4000    -341.9040  0.8909 
   00179    0.4000    -343.0436  0.8985 
   00180    0.4100    -347.8763  0.9027 
   00181    0.4300    -338.2720  0.8846 
   00182    0.4000    -345.1650  0.8884 
   00183    0.4700    -335.9650  0.8803 
   00184    0.5200    -344.8030  0.8804 
   00185    0.3600    -345.2379  0.8886 
   00186    0.4900    -347.4957  0.9001 
   00187    0.4100    -349.1377  0.8938 
   00188    0.4100    -358.1550  0.9081 
   00189    0.4800    -359.1421  0.9062 
   00190    0.4800    -359.8304  0.9061 
   00191    0.4000    -355.2707  0.9036 
   00192    0.4100    -352.2484  0.9019 
   00193    0.3700    -351.3413  0.8982 
   00194    0.5200    -342.5721  0.8750 
   00195    0.4500    -344.3715  0.8722 
   00196    0.4400    -343.2723  0.8690 
   00197    0.3500    -339.1154  0.8667 
   00198    0.5200    -334.8923  0.8532 
   00199    0.3000    -339.5870  0.8566 
   00200    0.4400    -335.2718  0.8526 
   00201    0.3800    -348.7420  0.8827 
   00202    0.3500    -345.2534  0.8905 
   00203    0.4400    -348.3466  0.8861 
   00204    0.4300    -351.7754  0.8802 
   00205    0.3700    -352.2868  0.8790 
   00206    0.3300    -350.9277  0.8915 
   00207    0.4200    -349.0324  0.8885 
   00208    0.3600    -344.3730  0.8807 
   00209    0.4200    -335.9470  0.8528 
   00210    0.3300    -337.1983  0.8540 
   00211    0.4700    -333.3686  0.8659 
   00212    0.3600    -329.9551  0.8654 
   00213    0.3800    -334.7812  0.8801 
   00214    0.3000    -347.8795  0.9056 
   00215    0.3800    -350.2700  0.9098 
   00216    0.4500    -357.0171  0.9082 
   00217    0.4200    -346.9276  0.8831 
   00218    0.4500    -333.5075  0.8784 
   00219    0.3900    -337.9205  0.8899 
   00220    0.4600    -334.8332  0.8811 
   00221    0.4200    -329.6436  0.8552 
   00222    0.4500    -335.0200  0.8769 
   00223    0.3700    -320.7066  0.8776 
   00224    0.3800    -326.6899  0.8737 
   00225    0.4400    -342.1138  0.8887 
   00226    0.4300    -343.0980  0.8775 
   00227    0.3700    -334.4760  0.8695 
   00228    0.4300    -336.3393  0.8795 
   00229    0.3800    -341.2220  0.8741 
   00230    0.4100    -341.3108  0.8818 
   00231    0.3200    -336.4219  0.8674 
   00232    0.4100    -345.2429  0.8825 
   00233    0.4500    -346.9608  0.8919 
   00234    0.2900    -343.0932  0.8723 
   00235    0.4400    -342.3645  0.8814 
   00236    0.3500    -335.0303  0.8795 
   00237    0.4100    -344.5074  0.8766 
   00238    0.3400    -338.4253  0.8670 
   00239    0.3700    -334.5022  0.8631 
   00240    0.3900    -333.8117  0.8678 
   00241    0.3900    -341.6639  0.8817 
   00242    0.4100    -345.9034  0.8837 
   00243    0.4700    -350.7935  0.8862 
   00244    0.3500    -344.1004  0.8815 
   00245    0.5300    -328.5949  0.8439 
   00246    0.3700    -330.8378  0.8486 
   00247    0.3900    -332.8693  0.8460 
   00248    0.3500    -345.8615  0.8596 
   00249    0.4400    -339.7002  0.8553 
   00250    0.3700    -344.7363  0.8567 
   00251    0.3800    -336.0683  0.8481 
   00252    0.3300    -331.0682  0.8447 
   00253    0.4500    -339.6160  0.8669 
   00254    0.3200    -345.6667  0.8777 
   00255    0.3900    -347.6603  0.8910 
   00256    0.4500    -343.3669  0.8803 
   00257    0.4200    -345.8162  0.8905 
   00258    0.3900    -346.2471  0.8819 
   00259    0.3100    -343.5364  0.8778 
   00260    0.3500    -351.9129  0.8879 
   00261    0.4400    -350.9962  0.8977 
   00262    0.3700    -340.9510  0.8836 
   00263    0.4500    -334.0831  0.8710 
   00264    0.5100    -348.6080  0.8831 
   00265    0.3700    -340.0729  0.8813 
   00266    0.4400    -337.4971  0.8819 
   00267    0.4200    -336.6149  0.8786 
   00268    0.3900    -338.5479  0.8843 
   00269    0.5300    -341.2330  0.9006 
   00270    0.4700    -349.6856  0.9089 
   00271    0.3800    -352.7619  0.9253 
   00272    0.4300    -358.7571  0.9265 
   00273    0.3600    -362.0475  0.9309 
   00274    0.4700    -353.2316  0.9022 
   00275    0.3600    -357.3746  0.9144 
   00276    0.3700    -358.2556  0.9168 
   00277    0.3700    -358.2539  0.9177 
   00278    0.4000    -359.2507  0.9342 
   00279    0.4700    -360.8186  0.9219 
   00280    0.3600    -358.3641  0.9151 
   00281    0.3200    -352.6947  0.9094 
   00282    0.3900    -347.4359  0.8998 
   00283    0.3800    -347.0364  0.9017 
   00284    0.4000    -350.7587  0.9014 
   00285    0.3700    -353.0378  0.9108 
   00286    0.3900    -356.7719  0.9126 
   00287    0.3900    -351.0409  0.9059 
   00288    0.3700    -350.0769  0.9071 
   00289    0.3700    -345.9047  0.8897 
   00290    0.4400    -344.2327  0.8899 
   00291    0.4900    -353.7337  0.8973 
   00292    0.3500    -344.0786  0.8775 
   00293    0.3600    -344.9892  0.8836 
   00294    0.3400    -340.2017  0.8805 
   00295    0.4500    -340.8289  0.8731 
   00296    0.4600    -351.1142  0.8871 
   00297    0.4000    -352.3025  0.8842 
   00298    0.4700    -351.4805  0.8852 
   00299    0.3800    -358.5182  0.9032 
   00300    0.4000    -357.0585  0.9011 
   00301    0.4200    -352.6683  0.8963 
   00302    0.3700    -354.5894  0.8934 
   00303    0.3900    -352.1393  0.9020 
   00304    0.4100    -360.6754  0.9226 
   00305    0.3900    -349.6336  0.8975 
   00306    0.3900    -339.1102  0.8791 
   00307    0.4200    -343.9313  0.8777 
   00308    0.3300    -338.0199  0.8686 
   00309    0.3900    -340.9059  0.8638 
   00310    0.4100    -336.9557  0.8555 
   00311    0.3800    -335.7290  0.8457 
   00312    0.4300    -326.9736  0.8319 
   00313    0.5500    -339.1517  0.8491 
   00314    0.3400    -336.5772  0.8558 
   00315    0.4300    -337.4056  0.8501 
   00316    0.3500    -338.7854  0.8544 
   00317    0.3300    -336.7629  0.8557 
   00318    0.4200    -334.1268  0.8627 
   00319    0.5300    -335.7411  0.8831 
   00320    0.3300    -343.6275  0.8933 
   00321    0.4400    -336.6030  0.8859 
   00322    0.3700    -340.1017  0.8781 
   00323    0.4200    -345.3081  0.8876 
   00324    0.3800    -344.5151  0.8865 
   00325    0.4100    -347.4558  0.8971 
   00326    0.4900    -341.2205  0.8821 
   00327    0.3400    -334.5982  0.8531 
   00328    0.3800    -343.9404  0.8568 
   00329    0.4600    -346.1784  0.8477 
   00330    0.4600    -341.6115  0.8458 
   00331    0.3900    -334.3456  0.8300 
   00332    0.5400    -329.2893  0.8441 
   00333    0.4300    -335.6422  0.8604 
   00334    0.3800    -342.9702  0.8604 
   00335    0.4100    -340.3496  0.8558 
   00336    0.4200    -346.3350  0.8505 
   00337    0.4200    -351.9729  0.8713 
   00338    0.4100    -352.1047  0.8773 
   00339    0.4700    -344.9169  0.8777 
   00340    0.5200    -340.7740  0.8847 
   00341    0.5500    -341.8328  0.8850 
   00342    0.4100    -348.7823  0.8855 
   00343    0.2900    -345.9066  0.8754 
   00344    0.4700    -347.0121  0.8909 
   00345    0.3900    -344.9630  0.9024 
   00346    0.3500    -343.7027  0.9052 
   00347    0.3400    -340.0604  0.8992 
   00348    0.4500    -336.8107  0.9063 
   00349    0.4000    -346.5311  0.9189 
   00350    0.3600    -352.6433  0.9201 
   00351    0.4500    -345.7087  0.8988 
   00352    0.3300    -344.3544  0.8861 
   00353    0.4000    -340.7117  0.8926 
   00354    0.5200    -338.9196  0.8664 
   00355    0.4300    -341.3900  0.8666 
   00356    0.4000    -338.5179  0.8585 
   00357    0.4900    -338.9281  0.8524 
   00358    0.4800    -338.8152  0.8552 
   00359    0.3700    -334.0989  0.8424 
   00360    0.4400    -336.0817  0.8566 
   00361    0.3500    -336.3226  0.8580 
   00362    0.4400    -344.7446  0.8644 
   00363    0.4200    -341.3503  0.8589 
   00364    0.3300    -339.1426  0.8606 
   00365    0.4800    -338.9879  0.8690 
   00366    0.4200    -335.1836  0.8607 
   00367    0.4100    -338.9469  0.8590 
   00368    0.4500    -341.2746  0.8758 
   00369    0.4300    -341.2200  0.8679 
   00370    0.3900    -344.4440  0.8676 
   00371    0.4800    -348.5370  0.8688 
   00372    0.3700    -345.3778  0.8697 
   00373    0.3700    -342.1769  0.8717 
   00374    0.4800    -340.3088  0.8698 
   00375    0.3900    -346.4706  0.8685 
   00376    0.4200    -347.7845  0.8731 
   00377    0.4800    -345.0105  0.8609 
   00378    0.4000    -335.7512  0.8471 
   00379    0.4800    -345.5873  0.8481 
   00380    0.3500    -350.1051  0.8588 
   00381    0.4500    -345.7458  0.8596 
   00382    0.3800    -338.2195  0.8394 
   00383    0.3900    -341.2402  0.8491 
   00384    0.4100    -340.1978  0.8516 
   00385    0.3700    -335.0135  0.8505 
   00386    0.4100    -338.8824  0.8583 
   00387    0.4200    -343.8316  0.8635 
   00388    0.3300    -334.5595  0.8488 
   00389    0.3700    -327.9051  0.8274 
   00390    0.4900    -342.8725  0.8530 
   00391    0.4400    -343.9746  0.8491 
   00392    0.4000    -345.3795  0.8412 
   00393    0.4400    -341.7642  0.8219 
   00394    0.4200    -345.4518  0.8249 
   00395    0.3400    -341.2517  0.8219 
   00396    0.4000    -347.1235  0.8356 
   00397    0.4000    -350.4078  0.8130 
   00398    0.4300    -340.7782  0.8159 
   00399    0.4300    -335.4368  0.8053 
   00400    0.3700    -338.2027  0.8086 
   00401    0.3700    -343.7776  0.8236 
   00402    0.4700    -350.7340  0.8301 
   00403    0.3900    -345.6867  0.8233 
   00404    0.3700    -342.0091  0.8218 
   00405    0.3800    -337.7537  0.8053 
   00406    0.4000    -336.2476  0.7887 
   00407    0.4400    -332.1281  0.7931 
   00408    0.3700    -325.0367  0.7749 
   00409    0.4400    -332.7854  0.7835 
   00410    0.5000    -340.2199  0.8121 
   00411    0.3400    -348.8482  0.8373 
   00412    0.4800    -346.9600  0.8400 
   00413    0.3000    -350.5271  0.8568 
   00414    0.4500    -345.4905  0.8674 
   00415    0.4000    -351.4031  0.8828 
   00416    0.4200    -352.7458  0.8738 
   00417    0.3300    -347.4719  0.8672 
   00418    0.4700    -340.4908  0.8590 
   00419    0.4500    -337.4573  0.8576 
   00420    0.3500    -329.5825  0.8434 
   00421    0.4000    -338.7455  0.8613 
   00422    0.4400    -339.4363  0.8681 
   00423    0.4500    -342.8869  0.8750 
   00424    0.3700    -343.2864  0.8940 
   00425    0.3500    -346.6565  0.8891 
   00426    0.3900    -340.1289  0.8770 
   00427    0.4100    -342.5173  0.8756 
   00428    0.4600    -356.9066  0.9032 
   00429    0.2900    -353.7780  0.8969 
   00430    0.3800    -356.1698  0.8973 
   00431    0.2700    -351.4543  0.9030 
   00432    0.4200    -350.6844  0.8971 
   00433    0.4500    -354.1774  0.9049 
   00434    0.3400    -355.0949  0.9038 
   00435    0.5100    -344.7217  0.9046 
   00436    0.5200    -338.8973  0.9016 
   00437    0.4900    -335.9226  0.8918 
   00438    0.3800    -342.1871  0.9057 
   00439    0.3700    -346.8835  0.9011 
   00440    0.4400    -355.9265  0.9111 
   00441    0.3600    -356.4514  0.9196 
   00442    0.3100    -346.0807  0.9123 
   00443    0.4500    -348.5117  0.9119 
   00444    0.4600    -350.2105  0.9016 
   00445    0.4600    -340.7342  0.8777 
   00446    0.3900    -347.6485  0.8872 
   00447    0.4200    -350.3437  0.9017 
   00448    0.4500    -337.0798  0.8791 
   00449    0.3500    -336.2355  0.8727 
   00450    0.3900    -340.6792  0.8787 
   00451    0.3900    -341.0986  0.8753 
   00452    0.5200    -347.1976  0.8696 
   00453    0.3200    -345.5045  0.8640 
   00454    0.3600    -330.7372  0.8508 
   00455    0.5200    -339.9742  0.8760 
   00456    0.4300    -349.2506  0.8889 
   00457    0.4100    -350.1195  0.8827 
   00458    0.4200    -345.4792  0.8727 
   00459    0.5200    -337.1231  0.8505 
   00460    0.3700    -339.8677  0.8520 
   00461    0.2700    -342.2810  0.8697 
   00462    0.4200    -337.9743  0.8639 
   00463    0.4000    -341.6523  0.8596 
   00464    0.4700    -342.3327  0.8706 
   00465    0.5300    -338.6659  0.8657 
   00466    0.4700    -335.3325  0.8707 
   00467    0.4100    -336.8552  0.8713 
   00468    0.3700    -342.5084  0.8827 
   00469    0.4700    -346.8660  0.8839 
   00470    0.3900    -350.8278  0.8995 
   00471    0.4400    -344.8410  0.8881 
   00472    0.4400    -353.1594  0.8998 
   00473    0.4000    -349.6395  0.9049 
   00474    0.3300    -342.5615  0.8965 
   00475    0.3000    -348.2729  0.9139 
   00476    0.4700    -344.3860  0.9082 
   00477    0.4300    -338.1428  0.8939 
   00478    0.4900    -337.0986  0.8766 
   00479    0.4700    -337.7191  0.8755 
   00480    0.4000    -341.4826  0.8832 
   00481    0.3300    -346.4699  0.9008 
   00482    0.4100    -341.6703  0.8905 
   00483    0.3900    -345.4314  0.8904 
   00484    0.4100    -351.8494  0.8891 
   00485    0.4100    -358.8129  0.9091 
   00486    0.3500    -354.2798  0.8969 
   00487    0.3800    -356.9908  0.8996 
   00488    0.3600    -351.6546  0.8877 
   00489    0.4700    -354.6427  0.9022 
   00490    0.3800    -353.7579  0.8976 
   00491    0.3700    -351.2673  0.8935 
   00492    0.3600    -352.7584  0.9000 
   00493    0.4300    -358.0214  0.9088 
   00494    0.4600    -354.5644  0.9054 
   00495    0.3600    -351.8455  0.9003 
   00496    0.4400    -354.6614  0.9017 
   00497    0.3900    -358.7858  0.9137 
   00498    0.4300    -354.3604  0.9051 
   00499    0.4300    -360.8033  0.9147 
   00500    0.4000    -354.0582  0.9040 
   00501    0.4600    -352.6188  0.9043 
   00502    0.4200    -358.5162  0.9073 
   00503    0.3900    -354.9035  0.9154 
   00504    0.4400    -353.5590  0.9140 
   00505    0.3200    -359.1017  0.9201 
   00506    0.3600    -350.2160  0.9112 
   00507    0.4300    -349.5674  0.9010 
   00508    0.3700    -351.5856  0.9099 
   00509    0.3100    -350.8333  0.9208 
   00510    0.3600    -349.9454  0.9181 
   00511    0.4300    -350.6044  0.9094 
   00512    0.3800    -349.9984  0.9087 
   00513    0.3500    -349.4562  0.9160 
   00514    0.4200    -353.9661  0.9090 
   00515    0.4200    -354.2429  0.9051 
   00516    0.5300    -353.6318  0.8846 
   00517    0.3300    -345.5707  0.8726 
   00518    0.3900    -347.8850  0.8857 
   00519    0.3300    -347.6394  0.8925 
   00520    0.3700    -350.9412  0.9048 
   00521    0.3500    -348.0148  0.9076 
   00522    0.3500    -342.0995  0.9086 
   00523    0.3400    -340.6269  0.8918 
   00524    0.4700    -343.7679  0.9028 
   00525    0.4600    -343.1550  0.8920 
   00526    0.4900    -339.5967  0.8857 
   00527    0.4500    -342.0443  0.8884 
   00528    0.4800    -348.0307  0.8982 
   00529    0.4200    -355.5277  0.9191 
   00530    0.3700    -346.7492  0.9051 
   00531    0.3600    -345.3603  0.8940 
   00532    0.4400    -348.1482  0.9061 
   00533    0.4300    -345.8057  0.9074 
   00534    0.3500    -341.8018  0.9050 
   00535    0.4400    -346.2971  0.9095 
   00536    0.4100    -341.2971  0.8892 
   00537    0.3600    -339.8386  0.8992 
   00538    0.4400    -340.7393  0.8908 
   00539    0.4800    -342.7590  0.8787 
   00540    0.3600    -342.7833  0.8856 
   00541    0.3700    -347.9773  0.8770 
   00542    0.4200    -343.8365  0.8635 
   00543    0.3200    -339.3154  0.8695 
   00544    0.4200    -336.1737  0.8760 
   00545    0.4500    -340.9325  0.8929 
   00546    0.3900    -348.7111  0.8951 
   00547    0.4400    -346.7480  0.8879 
   00548    0.3900    -346.0724  0.8945 
   00549    0.3400    -341.5840  0.8994 
   00550    0.4600    -340.0593  0.8980 
   00551    0.4700    -346.6882  0.9030 
   00552    0.4800    -338.7053  0.8785 
   00553    0.5000    -345.0943  0.8712 
   00554    0.4600    -345.2889  0.8824 
   00555    0.3800    -352.5697  0.9106 
   00556    0.4100    -356.9042  0.9177 
   00557    0.3000    -363.9992  0.9261 
   00558    0.4800    -358.7626  0.9207 
   00559    0.3400    -350.0151  0.9104 
   00560    0.3800    -359.0983  0.9242 
   00561    0.3700    -349.1177  0.9011 
   00562    0.3800    -354.1496  0.9034 
   00563    0.4300    -353.2805  0.9040 
   00564    0.5300    -344.3607  0.8911 
   00565    0.5100    -343.2772  0.8864 
   00566    0.4200    -354.5282  0.8908 
   00567    0.3700    -352.8511  0.8947 
   00568    0.4600    -347.2680  0.8937 
   00569    0.3900    -338.8876  0.8841 
   00570    0.4100    -336.1298  0.8675 
   00571    0.4100    -344.1796  0.8821 
   00572    0.3600    -342.4821  0.8706 
   00573    0.2800    -342.9269  0.8607 
   00574    0.4700    -345.1130  0.8831 
   00575    0.4800    -337.4674  0.8880 
   00576    0.3900    -338.0073  0.8909 
   00577    0.4300    -346.4153  0.8951 
   00578    0.3700    -347.2526  0.8908 
   00579    0.2900    -350.2988  0.9013 
   00580    0.3700    -351.5268  0.8895 
   00581    0.4500    -357.0688  0.8980 
   00582    0.3800    -351.8536  0.8920 
   00583    0.4300    -341.7361  0.8692 
   00584    0.3500    -350.0728  0.8856 
   00585    0.4100    -352.4216  0.8955 
   00586    0.3900    -350.7122  0.8834 
   00587    0.3700    -351.5098  0.8790 
   00588    0.4400    -343.8998  0.8694 
   00589    0.3400    -342.0772  0.8755 
   00590    0.3800    -339.3353  0.8789 
   00591    0.4900    -344.1001  0.8885 
   00592    0.3300    -348.6824  0.8863 
   00593    0.3800    -343.3571  0.8802 
   00594    0.4200    -350.2092  0.8877 
   00595    0.5000    -354.2723  0.8863 
   00596    0.5000    -352.7854  0.8801 
   00597    0.4400    -341.5931  0.8744 
   00598    0.3700    -348.8153  0.8974 
   00599    0.3700    -349.3426  0.8999 
   00600    0.3300    -348.4220  0.9027 
   00601    0.4200    -348.3784  0.8935 
   00602    0.4700    -349.8917  0.8914 
   00603    0.4300    -347.7288  0.8931 
   00604    0.4200    -349.8147  0.8877 
   00605    0.4200    -340.6736  0.8752 
   00606    0.4200    -340.0305  0.8640 
   00607    0.4200    -340.2279  0.8706 
   00608    0.4300    -348.6785  0.8848 
   00609    0.3500    -342.0494  0.8685 
   00610    0.3500    -339.0503  0.8708 
   00611    0.4000    -336.4962  0.8589 
   00612    0.4200    -342.9945  0.8737 
   00613    0.4200    -334.4679  0.8636 
   00614    0.4200    -338.3820  0.8607 
   00615    0.2900    -334.8630  0.8596 
   00616    0.4400    -324.1398  0.8397 
   00617    0.4000    -324.3116  0.8320 
   00618    0.4100    -329.5461  0.8581 
   00619    0.4400    -336.0536  0.8715 
   00620    0.4500    -339.1506  0.8724 
   00621    0.4900    -331.6825  0.8728 
   00622    0.4200    -338.7894  0.8803 
   00623    0.4400    -343.0778  0.8813 
   00624    0.3200    -341.2136  0.8762 
   00625    0.4200    -337.6042  0.8750 
   00626    0.2900    -341.8715  0.8740 
   00627    0.4000    -333.7373  0.8492 
   00628    0.4200    -332.2717  0.8284 
   00629    0.4500    -329.5286  0.8360 
   00630    0.5000    -325.1845  0.8228 
   00631    0.4700    -332.5164  0.8430 
   00632    0.4500    -336.5997  0.8509 
   00633    0.3700    -335.2623  0.8644 
   00634    0.4400    -354.4497  0.8810 
   00635    0.4000    -347.7534  0.8727 
   00636    0.4000    -350.0637  0.8751 
   00637    0.3900    -345.3484  0.8796 
   00638    0.5100    -353.7690  0.8917 
   00639    0.3700    -355.4113  0.8993 
   00640    0.3900    -359.5019  0.9089 
   00641    0.4100    -359.1221  0.9161 
   00642    0.3100    -360.8577  0.9251 
   00643    0.4300    -361.3085  0.9214 
   00644    0.3700    -362.1139  0.9227 
   00645    0.3600    -360.8205  0.9203 
   00646    0.3500    -361.9953  0.9124 
   00647    0.4600    -357.0887  0.8937 
   00648    0.4300    -349.7382  0.8875 
   00649    0.4000    -347.3893  0.8834 
   00650    0.4000    -354.2529  0.8788 
   00651    0.4400    -353.3058  0.8727 
   00652    0.3000    -348.8082  0.8747 
   00653    0.3800    -346.5046  0.8708 
   00654    0.4100    -338.5461  0.8688 
   00655    0.3500    -341.8224  0.8733 
   00656    0.5400    -334.3768  0.8647 
   00657    0.3900    -344.3907  0.8869 
   00658    0.3900    -341.4241  0.9038 
   00659    0.3400    -347.2668  0.9022 
   00660    0.4000    -349.0732  0.9021 
   00661    0.4100    -350.3038  0.8944 
   00662    0.4100    -351.7110  0.9048 
   00663    0.5000    -351.9002  0.8916 
   00664    0.3200    -357.2071  0.8908 
   00665    0.3700    -362.7605  0.8952 
   00666    0.3700    -357.5438  0.8848 
   00667    0.3700    -345.0658  0.8693 
   00668    0.3400    -337.8924  0.8443 
   00669    0.4400    -338.5464  0.8368 
   00670    0.4200    -342.2610  0.8587 
   00671    0.4300    -339.6633  0.8480 
   00672    0.4400    -333.0603  0.8225 
   00673    0.4200    -326.2476  0.8229 
   00674    0.4000    -328.9634  0.8315 
   00675    0.4800    -321.8765  0.8218 
   00676    0.4000    -326.2202  0.8430 
   00677    0.3900    -336.0213  0.8550 
   00678    0.3900    -335.1652  0.8418 
   00679    0.4400    -331.3468  0.8303 
   00680    0.4500    -330.3856  0.8170 
   00681    0.4200    -334.9743  0.8325 
   00682    0.3300    -334.6499  0.8197 
   00683    0.4400    -340.5724  0.8368 
   00684    0.4400    -340.6569  0.8385 
   00685    0.3900    -338.1043  0.8382 
   00686    0.4100    -349.4478  0.8649 
   00687    0.3700    -350.5787  0.8713 
   00688    0.4000    -345.7136  0.8724 
   00689    0.4200    -346.4494  0.8770 
   00690    0.4400    -341.2834  0.8681 
   00691    0.3600    -345.2866  0.8700 
   00692    0.4000    -350.2136  0.8620 
   00693    0.5000    -350.1097  0.8508 
   00694    0.3500    -350.4179  0.8690 
   00695    0.4300    -344.1122  0.8795 
   00696    0.4000    -347.7027  0.8917 
   00697    0.4200    -345.4304  0.9099 
   00698    0.4300    -354.4519  0.9054 
   00699    0.4200    -355.0390  0.9147 
   00700    0.4200    -347.3982  0.8893 
   00701    0.4400    -336.8389  0.8476 
   00702    0.3900    -343.1551  0.8461 
   00703    0.5300    -342.9917  0.8493 
   00704    0.3800    -343.5746  0.8561 
   00705    0.3300    -344.5714  0.8703 
   00706    0.4200    -339.4773  0.8479 
   00707    0.3900    -332.0326  0.8240 
   00708    0.4500    -339.5559  0.8423 
   00709    0.3900    -329.1263  0.8348 
   00710    0.4900    -319.3403  0.8161 
   00711    0.4200    -335.1257  0.8556 
   00712    0.4200    -333.5519  0.8486 
   00713    0.4300    -336.9418  0.8617 
   00714    0.4600    -335.9628  0.8584 
   00715    0.4300    -335.4349  0.8530 
   00716    0.4500    -332.9751  0.8456 
   00717    0.4300    -321.0216  0.8287 
   00718    0.4300    -326.9608  0.8339 
   00719    0.3500    -329.2256  0.8400 
   00720    0.3800    -327.4588  0.8359 
   00721    0.3900    -332.9452  0.8536 
   00722    0.3900    -334.7899  0.8330 
   00723    0.4000    -327.1802  0.8350 
   00724    0.4100    -331.2706  0.8302 
   00725    0.3800    -335.9645  0.8557 
   00726    0.4300    -330.0366  0.8666 
   00727    0.3800    -333.3721  0.8655 
   00728    0.4000    -338.8599  0.8584 
   00729    0.4500    -354.5621  0.8927 
   00730    0.4400    -361.0121  0.9029 
   00731    0.3700    -360.8634  0.9045 
   00732    0.4100    -358.3557  0.9085 
   00733    0.3400    -352.5034  0.9029 
   00734    0.3700    -353.5104  0.9067 
   00735    0.3600    -355.3336  0.8977 
   00736    0.4000    -361.9126  0.9177 
   00737    0.3900    -358.8075  0.9172 
   00738    0.4300    -363.0788  0.9250 
   00739    0.4200    -358.3660  0.9219 
   00740    0.4400    -352.9889  0.9112 
   00741    0.4600    -353.4050  0.8979 
   00742    0.4700    -357.9714  0.9061 
   00743    0.3600    -355.1504  0.9052 
   00744    0.3600    -351.6396  0.8899 
   00745    0.3300    -353.7401  0.8862 
   00746    0.4200    -350.4252  0.8855 
   00747    0.3800    -352.6453  0.8879 
   00748    0.3900    -347.3248  0.8771 
   00749    0.4000    -342.9677  0.8735 
   00750    0.3900    -350.4443  0.9048 
   00751    0.4400    -334.7358  0.8833 
   00752    0.3800    -347.8458  0.8971 
   00753    0.4000    -351.3520  0.9053 
   00754    0.4200    -356.2142  0.9079 
   00755    0.4100    -351.1189  0.8998 
   00756    0.4200    -348.8925  0.8818 
   00757    0.3500    -348.8304  0.8707 
   00758    0.3900    -357.8141  0.8866 
   00759    0.3700    -352.6783  0.8827 
   00760    0.4700    -350.1648  0.8705 
   00761    0.4600    -344.7024  0.8733 
   00762    0.4000    -339.4163  0.8661 
   00763    0.4000    -344.8286  0.8738 
   00764    0.3500    -339.8752  0.8643 
   00765    0.4500    -349.0769  0.8852 
   00766    0.4300    -358.1356  0.9054 
   00767    0.3800    -356.0771  0.9027 
   00768    0.4200    -351.1489  0.8957 
   00769    0.3700    -352.7064  0.8972 
   00770    0.4400    -359.5807  0.8959 
   00771    0.4200    -351.4881  0.8844 
   00772    0.2900    -346.9149  0.8750 
   00773    0.3800    -347.8564  0.8780 
   00774    0.5000    -344.7885  0.8504 
   00775    0.4700    -351.3104  0.8766 
   00776    0.3900    -345.6981  0.8572 
   00777    0.3500    -341.9519  0.8658 
   00778    0.4100    -341.5173  0.8628 
   00779    0.3600    -337.1322  0.8505 
   00780    0.4500    -333.2258  0.8491 
   00781    0.4500    -331.6555  0.8566 
   00782    0.4200    -336.3023  0.8688 
   00783    0.3400    -332.9545  0.8572 
   00784    0.4300    -331.0576  0.8486 
   00785    0.3800    -342.6772  0.8679 
   00786    0.4300    -339.8952  0.8563 
   00787    0.4200    -344.5169  0.8599 
   00788    0.4200    -345.8978  0.8642 
   00789    0.3300    -345.4362  0.8708 
   00790    0.4000    -345.0723  0.8727 
   00791    0.3800    -347.9025  0.8682 
   00792    0.4700    -346.8761  0.8643 
   00793    0.3800    -337.5054  0.8571 
   00794    0.3400    -329.6500  0.8506 
   00795    0.4700    -346.6111  0.8871 
   00796    0.3800    -339.3239  0.8748 
   00797    0.4200    -336.7806  0.8658 
   00798    0.3700    -339.6341  0.8466 
   00799    0.3600    -349.7027  0.8753 
   00800    0.4600    -348.8511  0.8968 
   00801    0.4400    -358.6286  0.9138 
   00802    0.4400    -355.4987  0.9077 
   00803    0.3700    -356.5586  0.9159 
   00804    0.3800    -354.3217  0.9117 
   00805    0.3500    -349.7803  0.9068 
   00806    0.4400    -350.0139  0.9175 
   00807    0.4600    -354.3757  0.9235 
   00808    0.4000    -351.6430  0.9089 
   00809    0.3500    -348.8795  0.9128 
   00810    0.4700    -350.8339  0.9090 
   00811    0.4100    -354.2999  0.9144 
   00812    0.3400    -355.9965  0.9123 
   00813    0.3900    -359.2853  0.9171 
   00814    0.4200    -362.4926  0.9164 
   00815    0.3600    -354.3955  0.8993 
   00816    0.4200    -355.9923  0.9046 
   00817    0.3300    -359.6799  0.9109 
   00818    0.3800    -352.5169  0.8888 
   00819    0.4200    -349.6860  0.8909 
   00820    0.4200    -347.7989  0.8861 
   00821    0.3700    -346.5089  0.8823 
   00822    0.3600    -341.2383  0.8777 
   00823    0.5100    -346.2463  0.8936 
   00824    0.4500    -347.9851  0.8853 
   00825    0.3300    -338.8277  0.8675 
   00826    0.4100    -335.3161  0.8528 
   00827    0.3900    -343.9582  0.8869 
   00828    0.3400    -348.4150  0.8943 
   00829    0.3500    -352.2751  0.9071 
   00830    0.4000    -346.2463  0.8869 
   00831    0.4200    -341.3381  0.8827 
   00832    0.3700    -340.4003  0.8889 
   00833    0.4100    -338.7272  0.8743 
   00834    0.4800    -333.8728  0.8852 
   00835    0.3700    -336.9895  0.8849 
   00836    0.3800    -338.8360  0.8709 
   00837    0.4200    -342.8548  0.8721 
   00838    0.3800    -329.8376  0.8568 
   00839    0.4800    -328.8364  0.8717 
   00840    0.3900    -332.4442  0.8861 
   00841    0.4500    -335.1279  0.8931 
   00842    0.4500    -332.3265  0.8806 
   00843    0.4000    -334.6610  0.8688 
   00844    0.3800    -330.0407  0.8610 
   00845    0.4500    -334.6845  0.8684 
   00846    0.6100    -349.2246  0.8912 
   00847    0.3800    -349.3384  0.8860 
   00848    0.3900    -351.9713  0.8991 
   00849    0.3700    -349.1999  0.8818 
   00850    0.4100    -343.6773  0.8854 
   00851    0.4500    -342.8969  0.8940 
   00852    0.4700    -348.7906  0.8993 
   00853    0.4500    -350.9731  0.8932 
   00854    0.3900    -348.4921  0.8917 
   00855    0.3900    -345.7975  0.8827 
   00856    0.3000    -344.4816  0.8951 
   00857    0.4300    -345.0101  0.9027 
   00858    0.5200    -340.9686  0.8851 
   00859    0.4400    -342.8335  0.8885 
   00860    0.3300    -340.4990  0.8913 
   00861    0.4100    -339.8019  0.8984 
   00862    0.3700    -347.1033  0.8943 
   00863    0.4400    -346.8897  0.8965 
   00864    0.3700    -355.9234  0.9111 
   00865    0.4000    -353.5752  0.9068 
   00866    0.4100    -359.0326  0.9001 
   00867    0.4400    -354.8217  0.8884 
   00868    0.4400    -349.7746  0.8736 
   00869    0.4600    -347.6686  0.8694 
   00870    0.3100    -337.9947  0.8602 
   00871    0.4900    -350.3014  0.8669 
   00872    0.4000    -354.9016  0.8796 
   00873    0.5100    -361.5713  0.8908 
   00874    0.3800    -354.9739  0.8826 
   00875    0.4100    -343.4097  0.8742 
   00876    0.4700    -341.2580  0.8672 
   00877    0.4200    -344.6784  0.8733 
   00878    0.3900    -339.2194  0.8621 
   00879    0.3400    -349.3085  0.8759 
   00880    0.4600    -348.6365  0.8731 
   00881    0.2900    -350.3848  0.8772 
   00882    0.3800    -348.0970  0.8602 
   00883    0.5000    -342.3655  0.8465 
   00884    0.3800    -341.4774  0.8538 
   00885    0.4400    -347.4166  0.8726 
   00886    0.4500    -345.0668  0.8861 
   00887    0.4300    -350.0408  0.8814 
   00888    0.3600    -353.0742  0.8896 
   00889    0.3500    -347.4075  0.8872 
   00890    0.3100    -347.3532  0.9000 
   00891    0.4700    -357.1109  0.9191 
   00892    0.4000    -360.2272  0.9345 
   00893    0.3900    -362.8361  0.9342 
   00894    0.4200    -361.5788  0.9350 
   00895    0.4200    -358.7354  0.9255 
   00896    0.4100    -357.7905  0.9189 
   00897    0.3600    -347.6513  0.9015 
   00898    0.4000    -346.4040  0.8992 
   00899    0.5200    -338.1061  0.8747 
   00900    0.4400    -332.9806  0.8673 
   00901    0.3900    -337.4492  0.8523 
   00902    0.4000    -334.9227  0.8698 
   00903    0.3900    -329.0653  0.8699 
   00904    0.3500    -339.5031  0.8591 
   00905    0.3700    -351.2272  0.8723 
   00906    0.3500    -348.7404  0.8941 
   00907    0.3700    -350.9246  0.8877 
   00908    0.4200    -348.7322  0.8857 
   00909    0.4100    -347.0945  0.8875 
   00910    0.4400    -346.9453  0.8844 
   00911    0.4200    -344.7307  0.8783 
   00912    0.4200    -342.9025  0.8689 
   00913    0.3700    -353.7895  0.8906 
   00914    0.3600    -357.4227  0.8912 
   00915    0.3000    -359.4096  0.9026 
   00916    0.3300    -358.5504  0.9149 
   00917    0.4900    -354.5097  0.9061 
   00918    0.3700    -355.8872  0.9087 
   00919    0.3800    -353.7137  0.9036 
   00920    0.4500    -353.0039  0.9155 
   00921    0.3700    -354.4467  0.9207 
   00922    0.3400    -357.2785  0.9241 
   00923    0.3900    -357.1054  0.9210 
   00924    0.4100    -345.7110  0.8938 
   00925    0.4800    -348.2292  0.9036 
   00926    0.4500    -350.8909  0.9034 
   00927    0.4200    -352.2722  0.9142 
   00928    0.3100    -350.1549  0.9120 
   00929    0.4100    -350.4410  0.8993 
   00930    0.4300    -347.2303  0.9047 
   00931    0.3900    -351.2491  0.9168 
   00932    0.3900    -359.9297  0.9194 
   00933    0.3600    -363.0731  0.9163 
   00934    0.3700    -352.3715  0.9080 
   00935    0.3400    -352.9922  0.9060 
   00936    0.3800    -343.3602  0.8785 
   00937    0.3800    -329.2730  0.8506 
   00938    0.4200    -321.1879  0.8532 
   00939    0.4900    -323.5754  0.8339 
   00940    0.5100    -321.8212  0.8305 
   00941    0.4800    -323.2021  0.8317 
   00942    0.5700    -325.3408  0.8320 
   00943    0.4400    -327.3067  0.8384 
   00944    0.4500    -335.0690  0.8446 
   00945    0.4100    -335.8131  0.8424 
   00946    0.5000    -333.4489  0.8175 
   00947    0.4700    -337.5496  0.8375 
   00948    0.4000    -335.3055  0.8283 
   00949    0.3400    -338.4032  0.8318 
   00950    0.4300    -339.2877  0.8390 
   00951    0.5100    -338.5800  0.8629 
   00952    0.3900    -345.1912  0.8695 
   00953    0.4100    -339.3830  0.8656 
   00954    0.3700    -341.3928  0.8729 
   00955    0.3700    -339.7749  0.8733 
   00956    0.3800    -336.4695  0.8724 
   00957    0.3800    -331.6351  0.8666 
   00958    0.4200    -334.3005  0.8484 
   00959    0.3900    -336.6796  0.8358 
   00960    0.4600    -338.1678  0.8394 
   00961    0.3600    -351.4938  0.8602 
   00962    0.4500    -351.3488  0.8895 
   00963    0.3800    -352.4239  0.8875 
   00964    0.4000    -347.4145  0.8798 
   00965    0.4300    -353.6401  0.8716 
   00966    0.4300    -351.8459  0.8761 
   00967    0.4100    -355.7922  0.8886 
   00968    0.3200    -355.0422  0.8829 
   00969    0.4600    -347.8271  0.8724 
   00970    0.3500    -353.0738  0.9026 
   00971    0.4200    -351.1327  0.9047 
   00972    0.4000    -353.9565  0.8926 
   00973    0.4200    -352.7655  0.8983 
   00974    0.3500    -344.0099  0.8967 
   00975    0.4200    -343.3094  0.8929 
   00976    0.4100    -345.7505  0.8922 
   00977    0.4000    -345.6968  0.9017 
   00978    0.4700    -337.0411  0.8966 
   00979    0.4400    -343.1028  0.9027 
   00980    0.3600    -332.3196  0.8749 
   00981    0.4300    -335.8128  0.8777 
   00982    0.4500    -353.1911  0.8989 
   00983    0.4200    -352.7409  0.8937 
   00984    0.4100    -344.4593  0.8925 
   00985    0.4500    -343.3125  0.8983 
   00986    0.4700    -348.6865  0.9113 
   00987    0.3800    -352.3926  0.9077 
   00988    0.5200    -354.5548  0.9092 
   00989    0.3600    -353.1705  0.8978 
   00990    0.3400    -346.0757  0.8831 
   00991    0.3100    -340.9375  0.8842 
   00992    0.4700    -343.4345  0.8795 
   00993    0.3400    -350.5855  0.8817 
   00994    0.3800    -340.9185  0.8794 
   00995    0.5200    -343.3183  0.8887 
   00996    0.4600    -347.3236  0.8748 
   00997    0.4100    -340.1720  0.8645 
   00998    0.4100    -329.9064  0.8471 
   00999    0.3100    -339.7348  0.8615 
   01000    0.3100    -340.1038  0.8721 
