temperature,order
0.05,0.988
0.10344827586206898,0.965
0.15689655172413794,0.753
0.21034482758620693,0.938
0.2637931034482759,0.926
0.31724137931034485,0.926
0.3706896551724138,0.907
0.4241379310344828,0.896
0.47758620689655173,0.853
0.5310344827586208,0.817
0.5844827586206898,0.819
0.6379310344827587,0.786
0.6913793103448277,0.743
0.7448275862068966,0.729
0.7982758620689656,0.642
0.8517241379310345,0.583
0.9051724137931035,0.465
0.9586206896551726,0.344
1.0120689655172415,0.289
1.0655172413793104,0.347
1.1189655172413795,0.350
1.1724137931034484,0.331
1.2258620689655173,0.271
1.2793103448275862,0.312
1.3327586206896553,0.303
1.3862068965517242,0.327
1.4396551724137931,0.290
1.4931034482758623,0.355
1.5465517241379312,0.316
1.6,0.318
0.05,0.982
0.10344827586206898,0.971
0.15689655172413794,0.960
0.21034482758620693,0.931
0.2637931034482759,0.922
0.31724137931034485,0.914
0.3706896551724138,0.863
0.4241379310344828,0.886
0.47758620689655173,0.887
0.5310344827586208,0.852
0.5844827586206898,0.767
0.6379310344827587,0.811
0.6913793103448277,0.763
0.7448275862068966,0.738
0.7982758620689656,0.628
0.8517241379310345,0.393
0.9051724137931035,0.455
0.9586206896551726,0.504
1.0120689655172415,0.395
1.0655172413793104,0.317
1.1189655172413795,0.460
1.1724137931034484,0.332
1.2258620689655173,0.356
1.2793103448275862,0.349
1.3327586206896553,0.386
1.3862068965517242,0.287
1.4396551724137931,0.330
1.4931034482758623,0.372
1.5465517241379312,0.274
1.6,0.342
0.05,0.938
0.10344827586206898,0.978
0.15689655172413794,0.947
0.21034482758620693,0.934
0.2637931034482759,0.315
0.31724137931034485,0.303
0.3706896551724138,0.907
0.4241379310344828,0.883
0.47758620689655173,0.831
0.5310344827586208,0.857
0.5844827586206898,0.780
0.6379310344827587,0.835
0.6913793103448277,0.691
0.7448275862068966,0.753
0.7982758620689656,0.651
0.8517241379310345,0.647
0.9051724137931035,0.311
0.9586206896551726,0.471
1.0120689655172415,0.363
1.0655172413793104,0.295
1.1189655172413795,0.399
1.1724137931034484,0.277
1.2258620689655173,0.292
1.2793103448275862,0.350
1.3327586206896553,0.311
1.3862068965517242,0.341
1.4396551724137931,0.373
1.4931034482758623,0.262
1.5465517241379312,0.337
1.6,0.280
0.05,0.987
0.10344827586206898,0.979
0.15689655172413794,0.966
0.21034482758620693,0.930
0.2637931034482759,0.931
0.31724137931034485,0.909
0.3706896551724138,0.894
0.4241379310344828,0.868
0.47758620689655173,0.802
0.5310344827586208,0.859
0.5844827586206898,0.850
0.6379310344827587,0.785
0.6913793103448277,0.783
0.7448275862068966,0.769
0.7982758620689656,0.707
0.8517241379310345,0.651
0.9051724137931035,0.399
0.9586206896551726,0.408
1.0120689655172415,0.450
1.0655172413793104,0.334
1.1189655172413795,0.279
1.1724137931034484,0.362
1.2258620689655173,0.338
1.2793103448275862,0.291
1.3327586206896553,0.360
1.3862068965517242,0.339
1.4396551724137931,0.309
1.4931034482758623,0.387
1.5465517241379312,0.343
1.6,0.315
0.05,0.563
0.10344827586206898,0.407
0.15689655172413794,0.961
0.21034482758620693,0.936
0.2637931034482759,0.942
0.31724137931034485,0.930
0.3706896551724138,0.902
0.4241379310344828,0.889
0.47758620689655173,0.891
0.5310344827586208,0.856
0.5844827586206898,0.814
0.6379310344827587,0.803
0.6913793103448277,0.747
0.7448275862068966,0.777
0.7982758620689656,0.655
0.8517241379310345,0.564
0.9051724137931035,0.440
0.9586206896551726,0.490
1.0120689655172415,0.373
1.0655172413793104,0.385
1.1189655172413795,0.255
1.1724137931034484,0.425
1.2258620689655173,0.349
1.2793103448275862,0.430
1.3327586206896553,0.315
1.3862068965517242,0.322
1.4396551724137931,0.331
1.4931034482758623,0.335
1.5465517241379312,0.357
1.6,0.290
0.05,0.989
0.10344827586206898,0.975
0.15689655172413794,0.962
0.21034482758620693,0.955
0.2637931034482759,0.930
0.31724137931034485,0.908
0.3706896551724138,0.903
0.4241379310344828,0.894
0.47758620689655173,0.901
0.5310344827586208,0.740
0.5844827586206898,0.834
0.6379310344827587,0.799
0.6913793103448277,0.774
0.7448275862068966,0.735
0.7982758620689656,0.711
0.8517241379310345,0.671
0.9051724137931035,0.610
0.9586206896551726,0.520
1.0120689655172415,0.343
1.0655172413793104,0.335
1.1189655172413795,0.431
1.1724137931034484,0.427
1.2258620689655173,0.356
1.2793103448275862,0.273
1.3327586206896553,0.335
1.3862068965517242,0.276
1.4396551724137931,0.328
1.4931034482758623,0.310
1.5465517241379312,0.277
1.6,0.315
0.05,0.987
0.10344827586206898,0.968
0.15689655172413794,0.965
0.21034482758620693,0.947
0.2637931034482759,0.914
0.31724137931034485,0.938
0.3706896551724138,0.901
0.4241379310344828,0.885
0.47758620689655173,0.872
0.5310344827586208,0.881
0.5844827586206898,0.831
0.6379310344827587,0.788
0.6913793103448277,0.744
0.7448275862068966,0.721
0.7982758620689656,0.495
0.8517241379310345,0.496
0.9051724137931035,0.591
0.9586206896551726,0.360
1.0120689655172415,0.302
1.0655172413793104,0.343
1.1189655172413795,0.484
1.1724137931034484,0.396
1.2258620689655173,0.385
1.2793103448275862,0.265
1.3327586206896553,0.319
1.3862068965517242,0.296
1.4396551724137931,0.294
1.4931034482758623,0.295
1.5465517241379312,0.274
1.6,0.323
0.05,0.986
0.10344827586206898,0.977
0.15689655172413794,0.951
0.21034482758620693,0.945
0.2637931034482759,0.930
0.31724137931034485,0.922
0.3706896551724138,0.908
0.4241379310344828,0.873
0.47758620689655173,0.795
0.5310344827586208,0.880
0.5844827586206898,0.857
0.6379310344827587,0.785
0.6913793103448277,0.762
0.7448275862068966,0.699
0.7982758620689656,0.701
0.8517241379310345,0.642
0.9051724137931035,0.300
0.9586206896551726,0.476
1.0120689655172415,0.363
1.0655172413793104,0.397
1.1189655172413795,0.334
1.1724137931034484,0.378
1.2258620689655173,0.304
1.2793103448275862,0.298
1.3327586206896553,0.379
1.3862068965517242,0.335
1.4396551724137931,0.273
1.4931034482758623,0.320
1.5465517241379312,0.370
1.6,0.310
0.05,0.988
0.10344827586206898,0.976
0.15689655172413794,0.955
0.21034482758620693,0.944
0.2637931034482759,0.927
0.31724137931034485,0.926
0.3706896551724138,0.886
0.4241379310344828,0.895
0.47758620689655173,0.837
0.5310344827586208,0.833
0.5844827586206898,0.795
0.6379310344827587,0.774
0.6913793103448277,0.719
0.7448275862068966,0.747
0.7982758620689656,0.623
0.8517241379310345,0.444
0.9051724137931035,0.331
0.9586206896551726,0.341
1.0120689655172415,0.275
1.0655172413793104,0.330
1.1189655172413795,0.312
1.1724137931034484,0.395
1.2258620689655173,0.311
1.2793103448275862,0.309
1.3327586206896553,0.419
1.3862068965517242,0.275
1.4396551724137931,0.275
1.4931034482758623,0.335
1.5465517241379312,0.276
1.6,0.304
0.05,0.988
0.10344827586206898,0.967
0.15689655172413794,0.964
0.21034482758620693,0.921
0.2637931034482759,0.939
0.31724137931034485,0.910
0.3706896551724138,0.904
0.4241379310344828,0.904
0.47758620689655173,0.855
0.5310344827586208,0.846
0.5844827586206898,0.815
0.6379310344827587,0.795
0.6913793103448277,0.798
0.7448275862068966,0.759
0.7982758620689656,0.486
0.8517241379310345,0.459
0.9051724137931035,0.600
0.9586206896551726,0.422
1.0120689655172415,0.314
1.0655172413793104,0.393
1.1189655172413795,0.283
1.1724137931034484,0.295
1.2258620689655173,0.425
1.2793103448275862,0.427
1.3327586206896553,0.348
1.3862068965517242,0.284
1.4396551724137931,0.297
1.4931034482758623,0.319
1.5465517241379312,0.358
1.6,0.284
0.05,0.988
0.10344827586206898,0.970
0.15689655172413794,0.943
0.21034482758620693,0.930
0.2637931034482759,0.919
0.31724137931034485,0.912
0.3706896551724138,0.884
0.4241379310344828,0.903
0.47758620689655173,0.856
0.5310344827586208,0.874
0.5844827586206898,0.779
0.6379310344827587,0.778
0.6913793103448277,0.792
0.7448275862068966,0.733
0.7982758620689656,0.681
0.8517241379310345,0.549
0.9051724137931035,0.586
0.9586206896551726,0.477
1.0120689655172415,0.512
1.0655172413793104,0.390
1.1189655172413795,0.307
1.1724137931034484,0.375
1.2258620689655173,0.444
1.2793103448275862,0.363
1.3327586206896553,0.265
1.3862068965517242,0.368
1.4396551724137931,0.328
1.4931034482758623,0.302
1.5465517241379312,0.286
1.6,0.367
0.05,0.989
0.10344827586206898,0.977
0.15689655172413794,0.951
0.21034482758620693,0.936
0.2637931034482759,0.938
0.31724137931034485,0.903
0.3706896551724138,0.911
0.4241379310344828,0.837
0.47758620689655173,0.867
0.5310344827586208,0.818
0.5844827586206898,0.850
0.6379310344827587,0.830
0.6913793103448277,0.739
0.7448275862068966,0.614
0.7982758620689656,0.711
0.8517241379310345,0.558
0.9051724137931035,0.265
0.9586206896551726,0.506
1.0120689655172415,0.375
1.0655172413793104,0.420
1.1189655172413795,0.314
1.1724137931034484,0.324
1.2258620689655173,0.359
1.2793103448275862,0.312
1.3327586206896553,0.282
1.3862068965517242,0.286
1.4396551724137931,0.295
1.4931034482758623,0.298
1.5465517241379312,0.293
1.6,0.366
0.05,0.985
0.10344827586206898,0.964
0.15689655172413794,0.940
0.21034482758620693,0.949
0.2637931034482759,0.911
0.31724137931034485,0.919
0.3706896551724138,0.884
0.4241379310344828,0.863
0.47758620689655173,0.849
0.5310344827586208,0.864
0.5844827586206898,0.823
0.6379310344827587,0.803
0.6913793103448277,0.764
0.7448275862068966,0.743
0.7982758620689656,0.754
0.8517241379310345,0.449
0.9051724137931035,0.526
0.9586206896551726,0.382
1.0120689655172415,0.327
1.0655172413793104,0.304
1.1189655172413795,0.288
1.1724137931034484,0.349
1.2258620689655173,0.306
1.2793103448275862,0.363
1.3327586206896553,0.296
1.3862068965517242,0.357
1.4396551724137931,0.324
1.4931034482758623,0.337
1.5465517241379312,0.317
1.6,0.290
0.05,0.990
0.10344827586206898,0.966
0.15689655172413794,0.956
0.21034482758620693,0.954
0.2637931034482759,0.933
0.31724137931034485,0.920
0.3706896551724138,0.845
0.4241379310344828,0.890
0.47758620689655173,0.816
0.5310344827586208,0.857
0.5844827586206898,0.790
0.6379310344827587,0.752
0.6913793103448277,0.691
0.7448275862068966,0.724
0.7982758620689656,0.517
0.8517241379310345,0.688
0.9051724137931035,0.560
0.9586206896551726,0.257
1.0120689655172415,0.486
1.0655172413793104,0.313
1.1189655172413795,0.301
1.1724137931034484,0.304
1.2258620689655173,0.333
1.2793103448275862,0.366
1.3327586206896553,0.399
1.3862068965517242,0.319
1.4396551724137931,0.322
1.4931034482758623,0.326
1.5465517241379312,0.369
1.6,0.320
0.05,0.988
0.10344827586206898,0.975
0.15689655172413794,0.954
0.21034482758620693,0.951
0.2637931034482759,0.937
0.31724137931034485,0.911
0.3706896551724138,0.826
0.4241379310344828,0.885
0.47758620689655173,0.888
0.5310344827586208,0.846
0.5844827586206898,0.842
0.6379310344827587,0.797
0.6913793103448277,0.806
0.7448275862068966,0.673
0.7982758620689656,0.619
0.8517241379310345,0.447
0.9051724137931035,0.575
0.9586206896551726,0.412
1.0120689655172415,0.504
1.0655172413793104,0.374
1.1189655172413795,0.340
1.1724137931034484,0.288
1.2258620689655173,0.322
1.2793103448275862,0.292
1.3327586206896553,0.338
1.3862068965517242,0.362
1.4396551724137931,0.304
1.4931034482758623,0.337
1.5465517241379312,0.314
1.6,0.353
0.05,0.987
0.10344827586206898,0.952
0.15689655172413794,0.961
0.21034482758620693,0.941
0.2637931034482759,0.923
0.31724137931034485,0.928
0.3706896551724138,0.909
0.4241379310344828,0.875
0.47758620689655173,0.875
0.5310344827586208,0.827
0.5844827586206898,0.840
0.6379310344827587,0.738
0.6913793103448277,0.788
0.7448275862068966,0.757
0.7982758620689656,0.720
0.8517241379310345,0.563
0.9051724137931035,0.318
0.9586206896551726,0.376
1.0120689655172415,0.353
1.0655172413793104,0.358
1.1189655172413795,0.428
1.1724137931034484,0.450
1.2258620689655173,0.469
1.2793103448275862,0.384
1.3327586206896553,0.329
1.3862068965517242,0.352
1.4396551724137931,0.327
1.4931034482758623,0.286
1.5465517241379312,0.271
1.6,0.277
0.05,0.981
0.10344827586206898,0.972
0.15689655172413794,0.963
0.21034482758620693,0.950
0.2637931034482759,0.922
0.31724137931034485,0.903
0.3706896551724138,0.872
0.4241379310344828,0.899
0.47758620689655173,0.878
0.5310344827586208,0.835
0.5844827586206898,0.852
0.6379310344827587,0.827
0.6913793103448277,0.773
0.7448275862068966,0.700
0.7982758620689656,0.594
0.8517241379310345,0.463
0.9051724137931035,0.453
0.9586206896551726,0.513
1.0120689655172415,0.464
1.0655172413793104,0.489
1.1189655172413795,0.392
1.1724137931034484,0.299
1.2258620689655173,0.378
1.2793103448275862,0.341
1.3327586206896553,0.317
1.3862068965517242,0.290
1.4396551724137931,0.263
1.4931034482758623,0.302
1.5465517241379312,0.351
1.6,0.383
0.05,0.987
0.10344827586206898,0.964
0.15689655172413794,0.962
0.21034482758620693,0.942
0.2637931034482759,0.932
0.31724137931034485,0.923
0.3706896551724138,0.921
0.4241379310344828,0.870
0.47758620689655173,0.865
0.5310344827586208,0.840
0.5844827586206898,0.845
0.6379310344827587,0.826
0.6913793103448277,0.743
0.7448275862068966,0.722
0.7982758620689656,0.716
0.8517241379310345,0.519
0.9051724137931035,0.419
0.9586206896551726,0.349
1.0120689655172415,0.261
1.0655172413793104,0.330
1.1189655172413795,0.343
1.1724137931034484,0.267
1.2258620689655173,0.430
1.2793103448275862,0.255
1.3327586206896553,0.383
1.3862068965517242,0.331
1.4396551724137931,0.264
1.4931034482758623,0.323
1.5465517241379312,0.330
1.6,0.309
0.05,0.986
0.10344827586206898,0.977
0.15689655172413794,0.968
0.21034482758620693,0.947
0.2637931034482759,0.920
0.31724137931034485,0.888
0.3706896551724138,0.893
0.4241379310344828,0.305
0.47758620689655173,0.861
0.5310344827586208,0.805
0.5844827586206898,0.822
0.6379310344827587,0.823
0.6913793103448277,0.763
0.7448275862068966,0.731
0.7982758620689656,0.526
0.8517241379310345,0.439
0.9051724137931035,0.481
0.9586206896551726,0.388
1.0120689655172415,0.326
1.0655172413793104,0.413
1.1189655172413795,0.416
1.1724137931034484,0.375
1.2258620689655173,0.327
1.2793103448275862,0.328
1.3327586206896553,0.330
1.3862068965517242,0.353
1.4396551724137931,0.376
1.4931034482758623,0.315
1.5465517241379312,0.333
1.6,0.314
