#=====================================================
# File created:        Wed-29-Oct-2025-at-10-39-07PM
# Size of lattice:     50x50
# Number of MC steps:  1000
# Reduced temperature: 0.500
# Run time (s):        3.429646
#=====================================================
# MC step:  Ratio:     Energy:   Order:
#=====================================================
   00000    0.5000   -2491.4719  0.2574 
   00001    0.6676   -3582.3514  0.2709 
   00002    0.6256   -4430.4118  0.2946 
   00003    0.5808   -5063.6115  0.3009 
   00004    0.5524   -5490.2004  0.3031 
   00005    0.5524   -5827.0025  0.3003 
   00006    0.5308   -6050.8397  0.3007 
   00007    0.5192   -6293.0399  0.3159 
   00008    0.5004   -6428.2335  0.3070 
   00009    0.4868   -6632.8787  0.3123 
   00010    0.4708   -6778.6137  0.3049 
   00011    0.4852   -6873.0052  0.3026 
   00012    0.4780   -6978.8110  0.3033 
   00013    0.4720   -7090.1637  0.3002 
   00014    0.4628   -7166.0875  0.2977 
   00015    0.4560   -7171.6138  0.2969 
   00016    0.4644   -7266.0816  0.2942 
   00017    0.4612   -7357.4706  0.2999 
   00018    0.4608   -7399.9420  0.3017 
   00019    0.4468   -7521.0106  0.3070 
   00020    0.4528   -7545.0855  0.3047 
   00021    0.4456   -7577.7923  0.3107 
   00022    0.4520   -7607.7751  0.3101 
   00023    0.4512   -7627.4621  0.3097 
   00024    0.4556   -7670.3293  0.3113 
   00025    0.4400   -7701.9544  0.3152 
   00026    0.4336   -7732.7931  0.3172 
   00027    0.4416   -7752.0870  0.3258 
   00028    0.4632   -7740.2954  0.3261 
   00029    0.4420   -7787.3014  0.3264 
   00030    0.4448   -7872.6695  0.3313 
   00031    0.4444   -7895.0727  0.3357 
   00032    0.4380   -7871.4128  0.3334 
   00033    0.4312   -7924.6131  0.3396 
   00034    0.4276   -7944.2843  0.3469 
   00035    0.4492   -7957.9066  0.3487 
   00036    0.4340   -7980.1151  0.3463 
   00037    0.4264   -7963.1493  0.3451 
   00038    0.4272   -7947.7591  0.3501 
   00039    0.4172   -7964.7753  0.3488 
   00040    0.4212   -8006.0311  0.3468 
   00041    0.4224   -8045.3612  0.3511 
   00042    0.4436   -8023.4606  0.3438 
   00043    0.4164   -8091.5811  0.3486 
   00044    0.4312   -8095.9702  0.3463 
   00045    0.4340   -8081.3678  0.3485 
   00046    0.4284   -8048.3501  0.3496 
   00047    0.4048   -8098.3823  0.3536 
   00048    0.4396   -8114.9745  0.3527 
   00049    0.4256   -8108.9112  0.3572 
   00050    0.4316   -8130.0719  0.3512 
   00051    0.4260   -8141.3667  0.3588 
   00052    0.4168   -8184.5601  0.3582 
   00053    0.4228   -8147.7683  0.3597 
   00054    0.4200   -8134.5761  0.3552 
   00055    0.4372   -8172.8423  0.3591 
   00056    0.4156   -8178.3095  0.3593 
   00057    0.4160   -8184.7921  0.3540 
   00058    0.4164   -8209.0544  0.3428 
   00059    0.4228   -8181.7461  0.3421 
   00060    0.4388   -8204.1518  0.3501 
   00061    0.4268   -8154.4367  0.3503 
   00062    0.4220   -8183.8490  0.3588 
   00063    0.4108   -8169.8914  0.3593 
   00064    0.4352   -8164.7861  0.3611 
   00065    0.4136   -8190.2199  0.3614 
   00066    0.4348   -8175.9059  0.3662 
   00067    0.4296   -8199.1717  0.3662 
   00068    0.4320   -8210.6867  0.3684 
   00069    0.4328   -8205.3654  0.3621 
   00070    0.4188   -8249.4983  0.3587 
   00071    0.4248   -8283.2805  0.3565 
   00072    0.4036   -8223.9838  0.3577 
   00073    0.4284   -8214.2446  0.3660 
   00074    0.4152   -8258.5873  0.3720 
   00075    0.4256   -8242.0260  0.3670 
   00076    0.4252   -8245.3828  0.3588 
   00077    0.4088   -8232.1862  0.3662 
   00078    0.4188   -8203.4352  0.3654 
   00079    0.4588   -8154.2500  0.3641 
   00080    0.4408   -8140.0120  0.3647 
   00081    0.4264   -8166.7884  0.3675 
   00082    0.4068   -8225.1001  0.3683 
   00083    0.4296   -8213.4140  0.3687 
   00084    0.4180   -8236.7074  0.3729 
   00085    0.4360   -8272.5356  0.3781 
   00086    0.3960   -8310.8476  0.3719 
   00087    0.4212   -8316.6060  0.3735 
   00088    0.4216   -8330.5740  0.3736 
   00089    0.4300   -8291.7522  0.3723 
   00090    0.4188   -8302.3874  0.3744 
   00091    0.4240   -8309.4354  0.3763 
   00092    0.4204   -8329.0435  0.3685 
   00093    0.4000   -8351.6403  0.3770 
   00094    0.4032   -8305.8005  0.3777 
   00095    0.4348   -8296.4239  0.3829 
   00096    0.4240   -8295.2385  0.3855 
   00097    0.4128   -8291.0802  0.3865 
   00098    0.4208   -8319.3388  0.3867 
   00099    0.4340   -8258.3695  0.3853 
   00100    0.4132   -8301.7738  0.3807 
   00101    0.4404   -8253.8928  0.3837 
   00102    0.4220   -8239.4406  0.3888 
   00103    0.4276   -8235.7521  0.3904 
   00104    0.4344   -8231.3922  0.3894 
   00105    0.4276   -8276.3645  0.3805 
   00106    0.4284   -8276.6977  0.3797 
   00107    0.4372   -8264.4539  0.3797 
   00108    0.4216   -8317.2261  0.3780 
   00109    0.4184   -8321.6622  0.3827 
   00110    0.4144   -8336.9906  0.3845 
   00111    0.4444   -8332.6305  0.3798 
   00112    0.4132   -8312.0819  0.3800 
   00113    0.4396   -8355.3469  0.3724 
   00114    0.4228   -8335.7813  0.3777 
   00115    0.4212   -8343.7715  0.3747 
   00116    0.4244   -8349.1883  0.3711 
   00117    0.4000   -8345.6861  0.3682 
   00118    0.4164   -8327.4303  0.3679 
   00119    0.4216   -8329.0768  0.3597 
   00120    0.4224   -8277.5980  0.3627 
   00121    0.4060   -8263.6685  0.3704 
   00122    0.4308   -8262.6512  0.3663 
   00123    0.4112   -8311.5299  0.3752 
   00124    0.4404   -8290.4890  0.3787 
   00125    0.4240   -8339.1633  0.3810 
   00126    0.4176   -8320.8006  0.3855 
   00127    0.4120   -8332.9651  0.3846 
   00128    0.4132   -8366.3612  0.3846 
   00129    0.4084   -8375.5003  0.3781 
   00130    0.4116   -8386.1359  0.3782 
   00131    0.4144   -8385.5579  0.3858 
   00132    0.4056   -8368.5883  0.3847 
   00133    0.4240   -8372.0575  0.3869 
   00134    0.4260   -8358.6079  0.3849 
   00135    0.4132   -8347.8048  0.3836 
   00136    0.4204   -8344.1195  0.3901 
   00137    0.4272   -8352.3758  0.3927 
   00138    0.4120   -8373.5422  0.3914 
   00139    0.4320   -8398.7710  0.3853 
   00140    0.4116   -8402.4264  0.3832 
   00141    0.4328   -8412.5700  0.3737 
   00142    0.4140   -8402.6699  0.3800 
   00143    0.4292   -8413.4975  0.3805 
   00144    0.4232   -8343.1084  0.3749 
   00145    0.4308   -8373.3601  0.3795 
   00146    0.4024   -8372.6928  0.3828 
   00147    0.4208   -8318.9505  0.3840 
   00148    0.4096   -8400.6124  0.3862 
   00149    0.4156   -8387.5747  0.3856 
   00150    0.4240   -8362.0238  0.3839 
   00151    0.4100   -8362.6446  0.3861 
   00152    0.4156   -8368.0352  0.3897 
   00153    0.4192   -8344.8266  0.3876 
   00154    0.4248   -8294.2250  0.3862 
   00155    0.4172   -8307.4656  0.3901 
   00156    0.4280   -8340.2017  0.3964 
   00157    0.4136   -8325.6249  0.3957 
   00158    0.4068   -8345.5371  0.3983 
   00159    0.4136   -8388.8171  0.3998 
   00160    0.3920   -8356.9435  0.3947 
   00161    0.4220   -8383.8171  0.3913 
   00162    0.4048   -8366.2200  0.3875 
   00163    0.4116   -8362.4494  0.3925 
   00164    0.4264   -8387.4697  0.3914 
   00165    0.4324   -8390.8948  0.3914 
   00166    0.4124   -8371.1863  0.3883 
   00167    0.4224   -8343.1349  0.3872 
   00168    0.4276   -8345.3730  0.3943 
   00169    0.4032   -8323.0105  0.3938 
   00170    0.4304   -8339.8215  0.3964 
   00171    0.4052   -8346.6728  0.3975 
   00172    0.4084   -8365.4763  0.4015 
   00173    0.4108   -8367.1711  0.4031 
   00174    0.4216   -8386.6120  0.4053 
   00175    0.4152   -8403.0399  0.4072 
   00176    0.3940   -8383.8390  0.4009 
   00177    0.4192   -8393.4315  0.3954 
   00178    0.4080   -8402.2973  0.3974 
   00179    0.4148   -8396.4688  0.3970 
   00180    0.4136   -8397.2839  0.4053 
   00181    0.4276   -8391.8584  0.4041 
   00182    0.4288   -8351.4517  0.4053 
   00183    0.3972   -8376.7067  0.4064 
   00184    0.4236   -8378.2320  0.4027 
   00185    0.4284   -8391.3098  0.3951 
   00186    0.4296   -8385.3761  0.3951 
   00187    0.4316   -8401.5074  0.4015 
   00188    0.4328   -8383.6991  0.4055 
   00189    0.4268   -8378.8049  0.4126 
   00190    0.4056   -8390.4795  0.4141 
   00191    0.4188   -8377.7337  0.4091 
   00192    0.3848   -8413.1069  0.4097 
   00193    0.4068   -8387.5847  0.4119 
   00194    0.4288   -8388.7554  0.4124 
   00195    0.4064   -8315.3917  0.4110 
   00196    0.4240   -8314.2434  0.4165 
   00197    0.4136   -8371.7920  0.4207 
   00198    0.4120   -8435.8109  0.4233 
   00199    0.4228   -8460.1362  0.4201 
   00200    0.4196   -8490.1400  0.4206 
   00201    0.4328   -8489.4499  0.4190 
   00202    0.4220   -8461.1835  0.4228 
   00203    0.4136   -8457.0809  0.4157 
   00204    0.3900   -8442.2581  0.4165 
   00205    0.4128   -8433.2309  0.4135 
   00206    0.4196   -8405.0960  0.4123 
   00207    0.4216   -8372.1656  0.4132 
   00208    0.4148   -8401.2237  0.4102 
   00209    0.4216   -8402.2672  0.4123 
   00210    0.4152   -8400.3818  0.4193 
   00211    0.4080   -8387.6621  0.4163 
   00212    0.4044   -8347.4862  0.4191 
   00213    0.4344   -8333.3416  0.4250 
   00214    0.4236   -8367.7710  0.4280 
   00215    0.4144   -8398.4522  0.4348 
   00216    0.4252   -8378.7213  0.4356 
   00217    0.4060   -8395.9431  0.4402 
   00218    0.4268   -8417.1489  0.4428 
   00219    0.4032   -8436.6110  0.4404 
   00220    0.4116   -8426.2329  0.4469 
   00221    0.4232   -8417.1138  0.4499 
   00222    0.4176   -8398.5683  0.4556 
   00223    0.4148   -8413.0882  0.4596 
   00224    0.3984   -8411.1007  0.4572 
   00225    0.4060   -8401.4967  0.4536 
   00226    0.3964   -8411.0941  0.4559 
   00227    0.4096   -8465.9413  0.4572 
   00228    0.4248   -8458.6379  0.4529 
   00229    0.4248   -8447.9089  0.4549 
   00230    0.4168   -8441.6899  0.4538 
   00231    0.4064   -8430.9213  0.4511 
   00232    0.4200   -8408.4054  0.4526 
   00233    0.3960   -8400.8211  0.4516 
   00234    0.4196   -8406.4966  0.4493 
   00235    0.4244   -8419.4537  0.4533 
   00236    0.4152   -8377.5912  0.4509 
   00237    0.4076   -8392.7806  0.4529 
   00238    0.4212   -8358.0945  0.4567 
   00239    0.4256   -8369.3058  0.4545 
   00240    0.4384   -8376.6287  0.4555 
   00241    0.4064   -8353.1534  0.4608 
   00242    0.4040   -8368.7775  0.4592 
   00243    0.4004   -8368.6033  0.4556 
   00244    0.4272   -8389.8586  0.4554 
   00245    0.4304   -8411.3442  0.4563 
   00246    0.4152   -8383.4584  0.4522 
   00247    0.4152   -8365.2148  0.4514 
   00248    0.4136   -8386.5296  0.4473 
   00249    0.4180   -8385.7962  0.4496 
   00250    0.4244   -8401.6996  0.4490 
   00251    0.4252   -8385.2770  0.4462 
   00252    0.3928   -8392.6947  0.4451 
   00253    0.4084   -8368.0779  0.4435 
   00254    0.3960   -8359.9362  0.4410 
   00255    0.4116   -8389.2074  0.4416 
   00256    0.4196   -8392.8312  0.4448 
   00257    0.4164   -8346.3137  0.4419 
   00258    0.4120   -8394.1864  0.4332 
   00259    0.4188   -8354.1943  0.4343 
   00260    0.4148   -8372.5546  0.4300 
   00261    0.4200   -8409.1651  0.4351 
   00262    0.4080   -8412.9800  0.4348 
   00263    0.4132   -8428.8275  0.4317 
   00264    0.4088   -8387.1185  0.4319 
   00265    0.4164   -8315.5318  0.4302 
   00266    0.3992   -8381.6781  0.4295 
   00267    0.4048   -8407.2614  0.4272 
   00268    0.4324   -8396.6947  0.4303 
   00269    0.4216   -8399.6547  0.4305 
   00270    0.4044   -8358.2846  0.4279 
   00271    0.4108   -8317.8389  0.4206 
   00272    0.4012   -8298.5306  0.4196 
   00273    0.4228   -8327.0464  0.4238 
   00274    0.4156   -8347.8727  0.4321 
   00275    0.4036   -8352.8601  0.4325 
   00276    0.4108   -8379.9018  0.4402 
   00277    0.4120   -8389.7223  0.4372 
   00278    0.4244   -8358.4979  0.4379 
   00279    0.4020   -8359.5206  0.4383 
   00280    0.4352   -8412.4850  0.4416 
   00281    0.3984   -8430.9052  0.4347 
   00282    0.4228   -8472.5423  0.4325 
   00283    0.4092   -8418.1114  0.4316 
   00284    0.4128   -8400.0430  0.4315 
   00285    0.4064   -8423.7901  0.4342 
   00286    0.4036   -8401.0564  0.4399 
   00287    0.4076   -8395.3409  0.4407 
   00288    0.4260   -8379.4380  0.4414 
   00289    0.4240   -8371.8649  0.4427 
   00290    0.3972   -8382.7366  0.4353 
   00291    0.4096   -8410.7301  0.4342 
   00292    0.4292   -8372.3804  0.4386 
   00293    0.4092   -8382.5367  0.4416 
   00294    0.4136   -8369.1041  0.4392 
   00295    0.4156   -8349.3840  0.4394 
   00296    0.4084   -8386.4802  0.4369 
   00297    0.4212   -8405.5750  0.4413 
   00298    0.4052   -8445.1704  0.4408 
   00299    0.4224   -8404.3443  0.4376 
   00300    0.4020   -8449.4567  0.4371 
   00301    0.4288   -8485.1630  0.4352 
   00302    0.4256   -8488.2277  0.4331 
   00303    0.4196   -8420.9021  0.4368 
   00304    0.4248   -8404.6168  0.4359 
   00305    0.4080   -8413.4108  0.4390 
   00306    0.4244   -8377.7625  0.4421 
   00307    0.4056   -8396.0748  0.4383 
   00308    0.4188   -8373.1929  0.4422 
   00309    0.4224   -8340.3660  0.4413 
   00310    0.4168   -8393.0448  0.4418 
   00311    0.4168   -8367.8417  0.4433 
   00312    0.4348   -8391.9369  0.4453 
   00313    0.4032   -8404.7262  0.4509 
   00314    0.4124   -8386.7125  0.4493 
   00315    0.4156   -8405.8099  0.4505 
   00316    0.4124   -8396.9640  0.4548 
   00317    0.4048   -8388.9936  0.4484 
   00318    0.4104   -8385.8163  0.4453 
   00319    0.4216   -8334.1411  0.4418 
   00320    0.4216   -8370.3044  0.4358 
   00321    0.4008   -8401.1441  0.4324 
   00322    0.4232   -8409.3898  0.4388 
   00323    0.4132   -8419.3448  0.4397 
   00324    0.4248   -8431.2708  0.4349 
   00325    0.4260   -8472.7203  0.4348 
   00326    0.4040   -8435.6719  0.4342 
   00327    0.4188   -8401.3462  0.4338 
   00328    0.4224   -8429.5953  0.4348 
   00329    0.4304   -8452.9404  0.4362 
   00330    0.4244   -8426.3712  0.4333 
   00331    0.4112   -8462.7943  0.4312 
   00332    0.4176   -8488.8465  0.4323 
   00333    0.4096   -8478.4529  0.4390 
   00334    0.3940   -8422.5016  0.4388 
   00335    0.4188   -8441.6403  0.4458 
   00336    0.4032   -8466.7689  0.4483 
   00337    0.4180   -8464.4551  0.4509 
   00338    0.4184   -8405.7531  0.4505 
   00339    0.4040   -8416.1017  0.4506 
   00340    0.4192   -8441.7430  0.4481 
   00341    0.4236   -8446.0582  0.4544 
   00342    0.4140   -8442.2668  0.4527 
   00343    0.4128   -8501.0048  0.4546 
   00344    0.4200   -8494.0810  0.4572 
   00345    0.4096   -8495.0930  0.4502 
   00346    0.4232   -8497.3904  0.4523 
   00347    0.4236   -8459.4603  0.4523 
   00348    0.4152   -8451.8050  0.4521 
   00349    0.4048   -8459.5140  0.4521 
   00350    0.4048   -8466.0957  0.4557 
   00351    0.4204   -8477.0655  0.4491 
   00352    0.4188   -8499.8424  0.4435 
   00353    0.4344   -8502.7869  0.4435 
   00354    0.4108   -8534.4102  0.4429 
   00355    0.4016   -8530.4995  0.4487 
   00356    0.4104   -8548.1985  0.4549 
   00357    0.4124   -8524.7044  0.4559 
   00358    0.3996   -8494.7699  0.4494 
   00359    0.4128   -8477.7537  0.4474 
   00360    0.4216   -8495.8325  0.4532 
   00361    0.4032   -8472.7755  0.4500 
   00362    0.4284   -8452.3440  0.4398 
   00363    0.4144   -8372.3892  0.4334 
   00364    0.3980   -8371.1786  0.4302 
   00365    0.4256   -8365.0542  0.4280 
   00366    0.4128   -8406.1039  0.4224 
   00367    0.4128   -8370.5911  0.4240 
   00368    0.4000   -8421.8806  0.4274 
   00369    0.4152   -8421.2266  0.4272 
   00370    0.4236   -8404.1140  0.4254 
   00371    0.4304   -8414.0596  0.4253 
   00372    0.4120   -8446.0327  0.4257 
   00373    0.4084   -8420.8269  0.4221 
   00374    0.4224   -8438.1681  0.4183 
   00375    0.4032   -8432.2405  0.4207 
   00376    0.4196   -8458.9539  0.4231 
   00377    0.4288   -8471.4202  0.4281 
   00378    0.4124   -8506.3280  0.4287 
   00379    0.4140   -8469.0253  0.4262 
   00380    0.4128   -8440.4410  0.4228 
   00381    0.4200   -8422.0014  0.4210 
   00382    0.4120   -8451.6030  0.4247 
   00383    0.3928   -8456.1333  0.4283 
   00384    0.4172   -8428.8642  0.4250 
   00385    0.4096   -8410.6340  0.4350 
   00386    0.4368   -8474.5890  0.4364 
   00387    0.3956   -8485.3533  0.4346 
   00388    0.4152   -8468.8187  0.4318 
   00389    0.4144   -8452.2950  0.4320 
   00390    0.4228   -8456.3510  0.4298 
   00391    0.4036   -8421.4219  0.4285 
   00392    0.4140   -8394.4571  0.4304 
   00393    0.4100   -8452.6447  0.4280 
   00394    0.4044   -8471.9436  0.4347 
   00395    0.3908   -8455.3713  0.4338 
   00396    0.4140   -8438.2903  0.4316 
   00397    0.4224   -8406.3747  0.4302 
   00398    0.4220   -8393.6887  0.4344 
   00399    0.4016   -8422.2573  0.4325 
   00400    0.4204   -8440.8861  0.4327 
   00401    0.4144   -8438.7700  0.4358 
   00402    0.3992   -8445.7503  0.4375 
   00403    0.4120   -8474.4189  0.4350 
   00404    0.4184   -8512.3213  0.4380 
   00405    0.4120   -8522.5060  0.4299 
   00406    0.4192   -8491.8244  0.4231 
   00407    0.4060   -8460.1079  0.4224 
   00408    0.4200   -8449.4559  0.4264 
   00409    0.4104   -8457.3246  0.4221 
   00410    0.4116   -8455.8853  0.4222 
   00411    0.4248   -8465.2628  0.4220 
   00412    0.4172   -8422.8509  0.4202 
   00413    0.4148   -8476.2317  0.4215 
   00414    0.4164   -8480.6413  0.4247 
   00415    0.4004   -8461.4209  0.4233 
   00416    0.4092   -8452.2019  0.4207 
   00417    0.4060   -8457.6815  0.4262 
   00418    0.4212   -8472.7526  0.4180 
   00419    0.4140   -8436.4168  0.4191 
   00420    0.4196   -8452.5762  0.4204 
   00421    0.4092   -8419.9538  0.4193 
   00422    0.4044   -8422.3973  0.4145 
   00423    0.4192   -8473.6241  0.4203 
   00424    0.4060   -8427.7279  0.4174 
   00425    0.4028   -8496.0636  0.4245 
   00426    0.4132   -8451.6055  0.4295 
   00427    0.4072   -8425.3716  0.4270 
   00428    0.4152   -8461.2628  0.4275 
   00429    0.4264   -8410.0639  0.4204 
   00430    0.4252   -8405.9171  0.4206 
   00431    0.4108   -8483.5437  0.4226 
   00432    0.4340   -8436.2210  0.4214 
   00433    0.4240   -8404.7184  0.4233 
   00434    0.4048   -8434.1235  0.4256 
   00435    0.3976   -8477.5518  0.4276 
   00436    0.4052   -8485.2100  0.4195 
   00437    0.3988   -8509.0250  0.4238 
   00438    0.4188   -8464.9622  0.4168 
   00439    0.4216   -8446.1394  0.4179 
   00440    0.4268   -8449.3967  0.4181 
   00441    0.4004   -8414.1906  0.4110 
   00442    0.4284   -8418.8837  0.4080 
   00443    0.4104   -8424.5014  0.4076 
   00444    0.4220   -8446.7235  0.4116 
   00445    0.3980   -8418.8596  0.4137 
   00446    0.4072   -8419.4415  0.4114 
   00447    0.4204   -8450.4825  0.4136 
   00448    0.4180   -8422.1670  0.4137 
   00449    0.4252   -8437.9032  0.4131 
   00450    0.4260   -8419.4431  0.4156 
   00451    0.4096   -8414.6001  0.4137 
   00452    0.4176   -8431.4310  0.4165 
   00453    0.4148   -8505.8532  0.4138 
   00454    0.4320   -8523.2545  0.4177 
   00455    0.4156   -8537.8499  0.4083 
   00456    0.4200   -8541.5747  0.4049 
   00457    0.4148   -8538.2906  0.4098 
   00458    0.4200   -8528.6304  0.4096 
   00459    0.4200   -8523.5099  0.4106 
   00460    0.4116   -8469.5652  0.4157 
   00461    0.4168   -8453.5246  0.4163 
   00462    0.4076   -8447.0518  0.4140 
   00463    0.4288   -8466.3465  0.4164 
   00464    0.4080   -8501.5374  0.4109 
   00465    0.4076   -8493.5323  0.4103 
   00466    0.4084   -8500.3741  0.4107 
   00467    0.4192   -8519.5047  0.4100 
   00468    0.4220   -8532.3304  0.4159 
   00469    0.4084   -8523.1899  0.4212 
   00470    0.4228   -8529.9309  0.4250 
   00471    0.4000   -8536.0888  0.4220 
   00472    0.4208   -8558.2219  0.4276 
   00473    0.4156   -8574.9481  0.4333 
   00474    0.3984   -8570.8686  0.4295 
   00475    0.4224   -8547.7023  0.4299 
   00476    0.3940   -8509.0247  0.4326 
   00477    0.4088   -8455.9123  0.4279 
   00478    0.4224   -8526.9272  0.4268 
   00479    0.4148   -8507.0683  0.4294 
   00480    0.4184   -8525.8307  0.4330 
   00481    0.4128   -8526.0512  0.4399 
   00482    0.4136   -8534.1839  0.4411 
   00483    0.4144   -8506.5663  0.4438 
   00484    0.4012   -8478.5454  0.4469 
   00485    0.4120   -8536.8327  0.4436 
   00486    0.3936   -8511.0855  0.4414 
   00487    0.4124   -8569.1108  0.4363 
   00488    0.4060   -8587.5412  0.4432 
   00489    0.4052   -8572.2377  0.4415 
   00490    0.3964   -8540.8802  0.4395 
   00491    0.4176   -8519.2117  0.4363 
   00492    0.4416   -8465.8795  0.4353 
   00493    0.4280   -8543.7890  0.4360 
   00494    0.4080   -8543.8477  0.4437 
   00495    0.4012   -8549.5386  0.4407 
   00496    0.4148   -8527.8844  0.4435 
   00497    0.4036   -8519.9184  0.4398 
   00498    0.4048   -8498.3611  0.4420 
   00499    0.4088   -8440.8223  0.4391 
   00500    0.4320   -8454.3269  0.4316 
   00501    0.4164   -8502.2399  0.4354 
   00502    0.4200   -8542.0270  0.4365 
   00503    0.4136   -8531.7257  0.4404 
   00504    0.4048   -8503.8471  0.4401 
   00505    0.4064   -8550.1003  0.4373 
   00506    0.4212   -8565.0344  0.4387 
   00507    0.4180   -8592.7437  0.4430 
   00508    0.3980   -8580.0818  0.4481 
   00509    0.4044   -8535.3436  0.4472 
   00510    0.4016   -8516.4188  0.4426 
   00511    0.4116   -8542.1107  0.4507 
   00512    0.4160   -8505.3190  0.4462 
   00513    0.4248   -8496.6490  0.4488 
   00514    0.4044   -8520.7162  0.4516 
   00515    0.4308   -8506.7742  0.4512 
   00516    0.4176   -8535.2809  0.4495 
   00517    0.3976   -8553.7135  0.4559 
   00518    0.4092   -8561.6740  0.4576 
   00519    0.3940   -8528.8004  0.4574 
   00520    0.3952   -8500.4131  0.4622 
   00521    0.4120   -8509.0217  0.4644 
   00522    0.4248   -8555.1511  0.4723 
   00523    0.4084   -8544.8256  0.4717 
   00524    0.4084   -8519.8405  0.4689 
   00525    0.3972   -8562.2675  0.4642 
   00526    0.4064   -8524.6912  0.4605 
   00527    0.4016   -8546.0599  0.4667 
   00528    0.3908   -8538.8930  0.4658 
   00529    0.3904   -8541.2745  0.4642 
   00530    0.4052   -8525.6200  0.4629 
   00531    0.4028   -8536.3801  0.4640 
   00532    0.3968   -8531.3312  0.4592 
   00533    0.3948   -8542.9509  0.4610 
   00534    0.3992   -8504.8659  0.4660 
   00535    0.4064   -8518.2341  0.4701 
   00536    0.4168   -8471.6912  0.4639 
   00537    0.4084   -8465.8868  0.4625 
   00538    0.4184   -8465.7119  0.4579 
   00539    0.4104   -8469.6162  0.4535 
   00540    0.4136   -8518.5911  0.4500 
   00541    0.4064   -8557.1413  0.4606 
   00542    0.4052   -8512.9066  0.4574 
   00543    0.3988   -8452.4993  0.4531 
   00544    0.3996   -8411.5580  0.4510 
   00545    0.4180   -8444.6672  0.4496 
   00546    0.4096   -8434.8318  0.4511 
   00547    0.4020   -8410.4530  0.4618 
   00548    0.4200   -8415.9280  0.4641 
   00549    0.4064   -8437.8974  0.4664 
   00550    0.4176   -8503.3636  0.4586 
   00551    0.4244   -8484.1535  0.4599 
   00552    0.4076   -8527.0610  0.4593 
   00553    0.4140   -8478.3505  0.4638 
   00554    0.4224   -8441.3695  0.4619 
   00555    0.4152   -8462.7596  0.4600 
   00556    0.4140   -8442.8951  0.4536 
   00557    0.4256   -8413.4378  0.4493 
   00558    0.4268   -8467.4347  0.4500 
   00559    0.4220   -8451.4779  0.4527 
   00560    0.4088   -8427.5946  0.4493 
   00561    0.3896   -8451.4283  0.4539 
   00562    0.4084   -8449.1637  0.4539 
   00563    0.4120   -8481.3481  0.4574 
   00564    0.4104   -8464.5920  0.4554 
   00565    0.4212   -8512.0562  0.4630 
   00566    0.4100   -8511.6008  0.4597 
   00567    0.4056   -8506.5070  0.4588 
   00568    0.4064   -8525.1598  0.4639 
   00569    0.4008   -8481.7001  0.4598 
   00570    0.4120   -8469.3147  0.4549 
   00571    0.4072   -8445.3641  0.4545 
   00572    0.4196   -8493.5196  0.4536 
   00573    0.4076   -8483.4466  0.4546 
   00574    0.4268   -8455.6792  0.4520 
   00575    0.4112   -8476.0653  0.4493 
   00576    0.4148   -8524.6668  0.4507 
   00577    0.4192   -8507.7556  0.4538 
   00578    0.4052   -8461.8839  0.4568 
   00579    0.4100   -8466.3334  0.4534 
   00580    0.4260   -8459.3044  0.4525 
   00581    0.4060   -8470.1337  0.4484 
   00582    0.4104   -8474.6704  0.4463 
   00583    0.4208   -8506.5550  0.4463 
   00584    0.4292   -8523.3124  0.4401 
   00585    0.4124   -8515.9932  0.4359 
   00586    0.4112   -8551.2142  0.4370 
   00587    0.4132   -8543.5033  0.4381 
   00588    0.4156   -8523.4194  0.4370 
   00589    0.4204   -8498.4541  0.4348 
   00590    0.4088   -8457.8468  0.4366 
   00591    0.4084   -8509.4124  0.4385 
   00592    0.4124   -8471.6437  0.4386 
   00593    0.4280   -8459.1993  0.4346 
   00594    0.4128   -8490.4884  0.4353 
   00595    0.4088   -8490.1944  0.4392 
   00596    0.4148   -8498.1551  0.4402 
   00597    0.4216   -8434.8184  0.4415 
   00598    0.4080   -8467.3397  0.4358 
   00599    0.4076   -8425.6631  0.4367 
   00600    0.4200   -8479.5969  0.4395 
   00601    0.3992   -8448.7884  0.4372 
   00602    0.4128   -8471.6400  0.4375 
   00603    0.4136   -8457.8527  0.4414 
   00604    0.4056   -8442.1452  0.4413 
   00605    0.3848   -8436.7286  0.4420 
   00606    0.4344   -8451.5618  0.4446 
   00607    0.4064   -8511.5869  0.4461 
   00608    0.4144   -8530.1521  0.4470 
   00609    0.4024   -8521.4411  0.4488 
   00610    0.4044   -8526.2570  0.4438 
   00611    0.4084   -8557.0118  0.4423 
   00612    0.4060   -8513.7337  0.4352 
   00613    0.4064   -8511.6846  0.4306 
   00614    0.4172   -8517.2646  0.4308 
   00615    0.4212   -8506.9910  0.4347 
   00616    0.4252   -8463.7866  0.4287 
   00617    0.4216   -8521.6290  0.4277 
   00618    0.4312   -8543.2624  0.4357 
   00619    0.4252   -8545.2198  0.4371 
   00620    0.4132   -8540.5028  0.4324 
   00621    0.4184   -8521.5269  0.4315 
   00622    0.4116   -8471.8505  0.4286 
   00623    0.3964   -8486.9985  0.4314 
   00624    0.4352   -8512.7674  0.4357 
   00625    0.4152   -8521.7359  0.4361 
   00626    0.4116   -8554.2064  0.4338 
   00627    0.4160   -8535.2824  0.4375 
   00628    0.4300   -8528.8920  0.4425 
   00629    0.4076   -8499.4975  0.4428 
   00630    0.4308   -8532.8933  0.4411 
   00631    0.4204   -8529.5314  0.4402 
   00632    0.4032   -8547.4302  0.4379 
   00633    0.4140   -8508.1880  0.4364 
   00634    0.4116   -8535.3902  0.4340 
   00635    0.4152   -8489.0388  0.4400 
   00636    0.4172   -8499.2690  0.4432 
   00637    0.4176   -8551.4920  0.4390 
   00638    0.4004   -8555.1616  0.4438 
   00639    0.3984   -8562.4565  0.4369 
   00640    0.4156   -8521.9445  0.4341 
   00641    0.4264   -8458.7930  0.4294 
   00642    0.4128   -8472.3601  0.4336 
   00643    0.4048   -8460.5963  0.4298 
   00644    0.4116   -8519.9370  0.4359 
   00645    0.4128   -8505.4754  0.4362 
   00646    0.3940   -8510.6529  0.4371 
   00647    0.4044   -8531.8911  0.4387 
   00648    0.4088   -8541.5900  0.4312 
   00649    0.4124   -8543.5606  0.4270 
   00650    0.4220   -8544.5586  0.4260 
   00651    0.4068   -8525.8192  0.4234 
   00652    0.4120   -8510.5044  0.4184 
   00653    0.4120   -8481.2207  0.4201 
   00654    0.4096   -8494.0399  0.4202 
   00655    0.4052   -8488.0960  0.4245 
   00656    0.4044   -8492.5024  0.4270 
   00657    0.4096   -8501.9689  0.4276 
   00658    0.3988   -8519.3384  0.4286 
   00659    0.4144   -8486.5724  0.4321 
   00660    0.4052   -8549.2422  0.4320 
   00661    0.4192   -8520.6556  0.4369 
   00662    0.4076   -8570.8389  0.4315 
   00663    0.4008   -8525.7831  0.4276 
   00664    0.4032   -8504.3790  0.4275 
   00665    0.4088   -8497.8041  0.4347 
   00666    0.4116   -8473.0996  0.4361 
   00667    0.4156   -8467.6518  0.4348 
   00668    0.4108   -8525.3127  0.4367 
   00669    0.4040   -8549.4080  0.4352 
   00670    0.4008   -8522.6821  0.4360 
   00671    0.4128   -8528.8761  0.4396 
   00672    0.4208   -8511.4223  0.4415 
   00673    0.4120   -8528.4032  0.4425 
   00674    0.4096   -8542.8866  0.4413 
   00675    0.4340   -8559.5342  0.4444 
   00676    0.4124   -8570.7190  0.4447 
   00677    0.4076   -8546.4694  0.4420 
   00678    0.4168   -8571.4104  0.4420 
   00679    0.4060   -8486.3680  0.4429 
   00680    0.4212   -8521.3087  0.4445 
   00681    0.4256   -8475.9790  0.4427 
   00682    0.4108   -8491.2185  0.4364 
   00683    0.4224   -8465.2756  0.4398 
   00684    0.4168   -8470.4835  0.4388 
   00685    0.4148   -8491.8824  0.4409 
   00686    0.4284   -8521.4868  0.4430 
   00687    0.4076   -8519.9133  0.4386 
   00688    0.4032   -8530.1488  0.4363 
   00689    0.4076   -8527.2887  0.4351 
   00690    0.4092   -8523.4126  0.4355 
   00691    0.4028   -8510.7923  0.4365 
   00692    0.4132   -8448.0464  0.4368 
   00693    0.4188   -8412.3626  0.4437 
   00694    0.4144   -8379.4105  0.4391 
   00695    0.4272   -8433.4527  0.4377 
   00696    0.4052   -8419.6817  0.4328 
   00697    0.4360   -8392.2451  0.4305 
   00698    0.4136   -8429.2635  0.4368 
   00699    0.4216   -8413.7783  0.4393 
   00700    0.4136   -8451.5916  0.4417 
   00701    0.4196   -8476.5451  0.4420 
   00702    0.4292   -8497.9930  0.4453 
   00703    0.4200   -8509.9817  0.4408 
   00704    0.4036   -8475.0392  0.4398 
   00705    0.4256   -8468.8940  0.4418 
   00706    0.4044   -8448.6181  0.4412 
   00707    0.4088   -8428.2777  0.4415 
   00708    0.4136   -8496.7465  0.4437 
   00709    0.4056   -8466.6133  0.4479 
   00710    0.4232   -8505.1984  0.4428 
   00711    0.4204   -8502.5632  0.4387 
   00712    0.4104   -8498.5118  0.4366 
   00713    0.4084   -8527.1107  0.4301 
   00714    0.4092   -8527.2896  0.4358 
   00715    0.4244   -8527.8956  0.4339 
   00716    0.4116   -8568.1116  0.4330 
   00717    0.4196   -8574.1841  0.4357 
   00718    0.4120   -8566.7947  0.4389 
   00719    0.4060   -8605.6411  0.4311 
   00720    0.4288   -8570.0751  0.4334 
   00721    0.4184   -8560.6306  0.4295 
   00722    0.3976   -8572.4819  0.4229 
   00723    0.4044   -8572.4540  0.4330 
   00724    0.3884   -8541.5155  0.4263 
   00725    0.4016   -8555.6403  0.4291 
   00726    0.4072   -8578.7195  0.4272 
   00727    0.4160   -8611.4657  0.4256 
   00728    0.3892   -8616.3927  0.4229 
   00729    0.4144   -8577.6604  0.4238 
   00730    0.4180   -8598.9733  0.4205 
   00731    0.4244   -8532.5142  0.4179 
   00732    0.4052   -8587.0570  0.4172 
   00733    0.4124   -8560.4242  0.4116 
   00734    0.4112   -8520.0428  0.4104 
   00735    0.4040   -8538.3533  0.4033 
   00736    0.4228   -8508.1397  0.4034 
   00737    0.4212   -8489.3155  0.4030 
   00738    0.4028   -8515.5304  0.4126 
   00739    0.4104   -8498.3184  0.4175 
   00740    0.4052   -8466.0323  0.4162 
   00741    0.4268   -8472.7366  0.4203 
   00742    0.4140   -8471.0905  0.4290 
   00743    0.4088   -8480.3000  0.4255 
   00744    0.4104   -8511.1401  0.4234 
   00745    0.4112   -8521.8983  0.4230 
   00746    0.4164   -8502.7670  0.4193 
   00747    0.4304   -8495.1749  0.4194 
   00748    0.4208   -8505.5036  0.4218 
   00749    0.4272   -8496.4999  0.4243 
   00750    0.4124   -8503.2376  0.4188 
   00751    0.4164   -8528.0845  0.4141 
   00752    0.4372   -8517.2737  0.4123 
   00753    0.4124   -8529.3066  0.4157 
   00754    0.4132   -8524.2115  0.4185 
   00755    0.4008   -8507.5404  0.4222 
   00756    0.4168   -8488.4230  0.4203 
   00757    0.4076   -8520.3653  0.4239 
   00758    0.4164   -8521.5373  0.4256 
   00759    0.4076   -8535.6109  0.4296 
   00760    0.4112   -8505.4762  0.4338 
   00761    0.4264   -8502.0193  0.4307 
   00762    0.4184   -8498.8479  0.4320 
   00763    0.4192   -8561.4355  0.4268 
   00764    0.4084   -8576.9375  0.4263 
   00765    0.4124   -8598.0568  0.4311 
   00766    0.4016   -8627.5743  0.4335 
   00767    0.4072   -8625.5996  0.4394 
   00768    0.4156   -8575.5358  0.4445 
   00769    0.4076   -8583.4751  0.4481 
   00770    0.4028   -8601.3994  0.4440 
   00771    0.3996   -8566.2028  0.4376 
   00772    0.4228   -8546.9255  0.4365 
   00773    0.3804   -8518.5221  0.4408 
   00774    0.3980   -8524.1059  0.4371 
   00775    0.3976   -8477.5654  0.4341 
   00776    0.4264   -8462.8134  0.4334 
   00777    0.4140   -8452.6241  0.4420 
   00778    0.4148   -8506.6528  0.4463 
   00779    0.3988   -8536.3244  0.4443 
   00780    0.4204   -8507.1697  0.4432 
   00781    0.4240   -8508.0326  0.4413 
   00782    0.4248   -8464.3917  0.4348 
   00783    0.4068   -8501.1919  0.4413 
   00784    0.4124   -8537.3087  0.4482 
   00785    0.4080   -8541.8318  0.4459 
   00786    0.4096   -8556.3104  0.4450 
   00787    0.4052   -8571.4929  0.4463 
   00788    0.4196   -8565.3239  0.4532 
   00789    0.4140   -8543.2425  0.4506 
   00790    0.4132   -8548.4233  0.4457 
   00791    0.4156   -8536.7340  0.4384 
   00792    0.4096   -8568.4538  0.4388 
   00793    0.4048   -8555.4760  0.4397 
   00794    0.4116   -8609.0171  0.4437 
   00795    0.4228   -8628.3453  0.4372 
   00796    0.4184   -8606.0311  0.4338 
   00797    0.4176   -8597.4688  0.4326 
   00798    0.3996   -8552.2370  0.4321 
   00799    0.4012   -8514.0107  0.4308 
   00800    0.4248   -8471.9604  0.4319 
   00801    0.4048   -8501.5162  0.4281 
   00802    0.4196   -8468.7474  0.4252 
   00803    0.4128   -8442.3915  0.4260 
   00804    0.4328   -8463.8708  0.4308 
   00805    0.4296   -8487.8785  0.4371 
   00806    0.4156   -8496.0061  0.4322 
   00807    0.4132   -8536.6228  0.4289 
   00808    0.4092   -8506.0551  0.4294 
   00809    0.4228   -8449.9846  0.4284 
   00810    0.4032   -8472.4986  0.4295 
   00811    0.4064   -8508.5235  0.4313 
   00812    0.4068   -8501.7731  0.4297 
   00813    0.4168   -8441.5473  0.4309 
   00814    0.4104   -8476.8134  0.4325 
   00815    0.4216   -8515.0194  0.4345 
   00816    0.4080   -8477.5117  0.4365 
   00817    0.4144   -8502.1867  0.4354 
   00818    0.3940   -8527.0223  0.4412 
   00819    0.4156   -8549.7602  0.4388 
   00820    0.4172   -8549.7910  0.4432 
   00821    0.4192   -8585.0997  0.4474 
   00822    0.4044   -8514.9220  0.4430 
   00823    0.4108   -8548.4745  0.4446 
   00824    0.3908   -8556.9877  0.4422 
   00825    0.4140   -8524.5400  0.4375 
   00826    0.4072   -8546.8399  0.4391 
   00827    0.4132   -8602.1628  0.4392 
   00828    0.4056   -8582.0515  0.4388 
   00829    0.4112   -8532.2876  0.4402 
   00830    0.4184   -8548.9398  0.4381 
   00831    0.4148   -8536.0946  0.4362 
   00832    0.4056   -8513.1784  0.4306 
   00833    0.3872   -8518.0182  0.4370 
   00834    0.4040   -8529.1863  0.4417 
   00835    0.4008   -8518.1404  0.4407 
   00836    0.4276   -8572.6648  0.4379 
   00837    0.4132   -8578.5740  0.4396 
   00838    0.4044   -8573.9166  0.4378 
   00839    0.3984   -8553.4443  0.4383 
   00840    0.4156   -8547.8123  0.4353 
   00841    0.4132   -8525.6040  0.4385 
   00842    0.4092   -8487.5267  0.4373 
   00843    0.4100   -8491.7166  0.4324 
   00844    0.4296   -8509.2580  0.4338 
   00845    0.4160   -8532.7587  0.4300 
   00846    0.4156   -8520.9888  0.4318 
   00847    0.4112   -8492.4589  0.4237 
   00848    0.4032   -8518.9521  0.4255 
   00849    0.4060   -8522.0661  0.4253 
   00850    0.4180   -8556.5475  0.4187 
   00851    0.4056   -8564.8376  0.4198 
   00852    0.4144   -8506.2429  0.4259 
   00853    0.4120   -8549.7011  0.4220 
   00854    0.4200   -8541.5578  0.4170 
   00855    0.4192   -8585.3501  0.4196 
   00856    0.4172   -8579.8509  0.4149 
   00857    0.4104   -8573.3927  0.4058 
   00858    0.4100   -8538.5942  0.3994 
   00859    0.4368   -8468.0148  0.3968 
   00860    0.4144   -8478.6169  0.4000 
   00861    0.4092   -8507.2047  0.4017 
   00862    0.4148   -8499.8065  0.3989 
   00863    0.4116   -8497.4208  0.4017 
   00864    0.4148   -8499.6570  0.4011 
   00865    0.4008   -8491.8476  0.4017 
   00866    0.4212   -8466.4907  0.3887 
   00867    0.4056   -8482.5916  0.3906 
   00868    0.4288   -8497.9858  0.3976 
   00869    0.4120   -8507.4758  0.3998 
   00870    0.4032   -8505.5087  0.4013 
   00871    0.4232   -8456.5703  0.4051 
   00872    0.4204   -8453.1467  0.4104 
   00873    0.4172   -8439.9259  0.4116 
   00874    0.4280   -8448.1012  0.4101 
   00875    0.4164   -8501.8564  0.4141 
   00876    0.4228   -8483.5621  0.4136 
   00877    0.4304   -8511.1063  0.4169 
   00878    0.4064   -8472.1067  0.4192 
   00879    0.4108   -8478.6826  0.4208 
   00880    0.4176   -8450.0628  0.4195 
   00881    0.4176   -8481.7063  0.4097 
   00882    0.4236   -8453.6122  0.4098 
   00883    0.4020   -8468.4410  0.4104 
   00884    0.4208   -8476.9326  0.4084 
   00885    0.4244   -8505.9075  0.4015 
   00886    0.4088   -8522.7180  0.4012 
   00887    0.4196   -8476.3648  0.4032 
   00888    0.4152   -8480.3764  0.4049 
   00889    0.4044   -8458.9064  0.4016 
   00890    0.4156   -8490.6705  0.4014 
   00891    0.3992   -8518.8304  0.3907 
   00892    0.4108   -8544.4840  0.3908 
   00893    0.4188   -8543.8079  0.3921 
   00894    0.4044   -8523.2277  0.3971 
   00895    0.4136   -8484.7043  0.3990 
   00896    0.4088   -8488.2219  0.3974 
   00897    0.3964   -8507.1281  0.3977 
   00898    0.4136   -8483.1185  0.4028 
   00899    0.4092   -8507.3105  0.4074 
   00900    0.4068   -8498.2752  0.4091 
   00901    0.4192   -8489.7335  0.4094 
   00902    0.4124   -8483.7138  0.4081 
   00903    0.3940   -8509.5535  0.4064 
   00904    0.4152   -8515.7257  0.4000 
   00905    0.3932   -8499.5904  0.3980 
   00906    0.4040   -8478.6388  0.4014 
   00907    0.4080   -8459.9842  0.4002 
   00908    0.4184   -8432.8750  0.3977 
   00909    0.4156   -8452.9170  0.3930 
   00910    0.4152   -8509.8961  0.3917 
   00911    0.4140   -8472.0462  0.3925 
   00912    0.4024   -8450.4985  0.3848 
   00913    0.4044   -8445.0807  0.3796 
   00914    0.4132   -8459.7464  0.3800 
   00915    0.4020   -8462.0251  0.3805 
   00916    0.4108   -8509.3491  0.3779 
   00917    0.4028   -8551.3005  0.3770 
   00918    0.4192   -8489.2358  0.3801 
   00919    0.3988   -8453.0076  0.3757 
   00920    0.4416   -8456.2280  0.3747 
   00921    0.4096   -8461.8712  0.3736 
   00922    0.4124   -8456.4061  0.3751 
   00923    0.4184   -8495.1218  0.3778 
   00924    0.3972   -8468.3160  0.3735 
   00925    0.4324   -8464.5652  0.3731 
   00926    0.4096   -8426.0160  0.3682 
   00927    0.4116   -8485.9135  0.3765 
   00928    0.4080   -8511.4995  0.3792 
   00929    0.4192   -8500.9808  0.3758 
   00930    0.4056   -8509.0396  0.3774 
   00931    0.4080   -8501.5449  0.3742 
   00932    0.3996   -8469.0977  0.3689 
   00933    0.4168   -8502.0396  0.3720 
   00934    0.4364   -8484.3863  0.3680 
   00935    0.4104   -8533.4198  0.3702 
   00936    0.4148   -8548.0458  0.3690 
   00937    0.3980   -8522.1955  0.3671 
   00938    0.4192   -8539.6460  0.3689 
   00939    0.4056   -8572.4189  0.3706 
   00940    0.4036   -8539.8510  0.3711 
   00941    0.4156   -8530.0339  0.3739 
   00942    0.3984   -8530.4820  0.3699 
   00943    0.3892   -8515.4488  0.3675 
   00944    0.4268   -8530.3352  0.3670 
   00945    0.4060   -8558.3810  0.3695 
   00946    0.4016   -8570.1703  0.3760 
   00947    0.4080   -8576.9292  0.3735 
   00948    0.4028   -8551.3828  0.3716 
   00949    0.4068   -8512.2234  0.3722 
   00950    0.4136   -8545.4926  0.3651 
   00951    0.4032   -8539.2894  0.3627 
   00952    0.4180   -8521.0887  0.3683 
   00953    0.3880   -8554.1562  0.3636 
   00954    0.4016   -8561.4081  0.3603 
   00955    0.4064   -8600.2043  0.3620 
   00956    0.4076   -8571.4653  0.3645 
   00957    0.4048   -8528.4018  0.3622 
   00958    0.4112   -8482.2143  0.3643 
   00959    0.4076   -8510.8178  0.3623 
   00960    0.4128   -8508.4577  0.3641 
   00961    0.3920   -8453.3352  0.3647 
   00962    0.4040   -8477.4946  0.3713 
   00963    0.4004   -8488.0550  0.3694 
   00964    0.4156   -8462.7979  0.3680 
   00965    0.3992   -8506.2198  0.3641 
   00966    0.4104   -8530.4463  0.3611 
   00967    0.4052   -8545.7106  0.3629 
   00968    0.4232   -8541.7990  0.3571 
   00969    0.3984   -8499.3886  0.3556 
   00970    0.4140   -8498.0079  0.3555 
   00971    0.3840   -8473.1812  0.3551 
   00972    0.4064   -8467.3208  0.3510 
   00973    0.3936   -8472.5396  0.3527 
   00974    0.4100   -8425.9186  0.3568 
   00975    0.4116   -8465.7137  0.3543 
   00976    0.4256   -8462.0880  0.3533 
   00977    0.4284   -8513.4508  0.3520 
   00978    0.4052   -8447.7389  0.3495 
   00979    0.4284   -8459.8209  0.3468 
   00980    0.4088   -8459.3122  0.3455 
   00981    0.4424   -8422.3503  0.3457 
   00982    0.4280   -8454.3017  0.3439 
   00983    0.4320   -8478.4990  0.3413 
   00984    0.4092   -8497.5853  0.3433 
   00985    0.4120   -8512.6001  0.3414 
   00986    0.4080   -8525.8536  0.3406 
   00987    0.4272   -8452.2071  0.3361 
   00988    0.3964   -8454.3873  0.3389 
   00989    0.4380   -8470.8042  0.3318 
   00990    0.4172   -8484.6257  0.3317 
   00991    0.4196   -8538.8061  0.3299 
   00992    0.4164   -8528.7588  0.3246 
   00993    0.4212   -8543.4859  0.3274 
   00994    0.3940   -8520.2966  0.3238 
   00995    0.4248   -8517.4749  0.3202 
   00996    0.4116   -8518.9545  0.3199 
   00997    0.4064   -8563.1632  0.3228 
   00998    0.4060   -8599.9998  0.3169 
   00999    0.3972   -8605.2142  0.3093 
   01000    0.4040   -8639.8493  0.3159 
