#=====================================================
# File created:        Thu-30-Oct-2025-at-12-37-56AM
# Size of lattice:     50x50
# Number of MC steps:  1000
# Reduced temperature: 0.500
# Run time (s):        12.167615
#=====================================================
# MC step:  Ratio:     Energy:   Order:
#=====================================================
   00000    0.5000   -2507.3563  0.2683 
   00001    0.6960   -3758.0608  0.2610 
   00002    0.6192   -4515.9537  0.2611 
   00003    0.5936   -5025.2930  0.2582 
   00004    0.5644   -5462.9796  0.2655 
   00005    0.5572   -5762.0501  0.2640 
   00006    0.5224   -6076.8901  0.2558 
   00007    0.5036   -6310.7699  0.2606 
   00008    0.4900   -6520.4277  0.2596 
   00009    0.4824   -6665.6684  0.2609 
   00010    0.4800   -6821.8187  0.2671 
   00011    0.4636   -6930.5014  0.2691 
   00012    0.4848   -7035.5039  0.2723 
   00013    0.4756   -7222.3098  0.2778 
   00014    0.4528   -7269.8078  0.2812 
   00015    0.4816   -7361.4819  0.2889 
   00016    0.4636   -7448.4666  0.2845 
   00017    0.4584   -7475.5929  0.2932 
   00018    0.4540   -7511.0579  0.2906 
   00019    0.4540   -7573.2841  0.2959 
   00020    0.4388   -7629.8535  0.2954 
   00021    0.4396   -7689.0099  0.2883 
   00022    0.4552   -7714.4586  0.2913 
   00023    0.4572   -7790.3318  0.2948 
   00024    0.4400   -7860.8864  0.2973 
   00025    0.4220   -7805.7067  0.3038 
   00026    0.4460   -7776.9107  0.2952 
   00027    0.4340   -7781.3268  0.2911 
   00028    0.4356   -7790.9316  0.2921 
   00029    0.4416   -7801.0444  0.2908 
   00030    0.4308   -7842.4811  0.2855 
   00031    0.4312   -7847.2538  0.2882 
   00032    0.4336   -7860.9520  0.2866 
   00033    0.4196   -7921.4327  0.2910 
   00034    0.4340   -7947.2601  0.2831 
   00035    0.4408   -7979.7267  0.2887 
   00036    0.4164   -8012.9672  0.2892 
   00037    0.4376   -8058.4330  0.2940 
   00038    0.4284   -8082.1653  0.2918 
   00039    0.4200   -8066.4116  0.2965 
   00040    0.4280   -8087.9770  0.2939 
   00041    0.4380   -8081.4240  0.2922 
   00042    0.4028   -8062.6740  0.2937 
   00043    0.4360   -8069.4653  0.2962 
   00044    0.4392   -8092.9549  0.3058 
   00045    0.4232   -8086.7133  0.3099 
   00046    0.4404   -8138.2124  0.3161 
   00047    0.4280   -8135.5990  0.3213 
   00048    0.4364   -8109.7594  0.3232 
   00049    0.4276   -8102.6282  0.3291 
   00050    0.4280   -8095.8823  0.3310 
   00051    0.4396   -8111.6052  0.3298 
   00052    0.4340   -8097.9065  0.3352 
   00053    0.4368   -8083.7132  0.3320 
   00054    0.4204   -8072.2428  0.3336 
   00055    0.4236   -8120.6581  0.3395 
   00056    0.4348   -8155.5001  0.3331 
   00057    0.4288   -8142.9979  0.3306 
   00058    0.4400   -8151.9597  0.3327 
   00059    0.4116   -8162.3996  0.3357 
   00060    0.4388   -8165.8157  0.3398 
   00061    0.4036   -8182.1511  0.3433 
   00062    0.4260   -8192.6466  0.3394 
   00063    0.4252   -8190.8445  0.3404 
   00064    0.4192   -8199.5930  0.3435 
   00065    0.4228   -8203.8244  0.3467 
   00066    0.4332   -8234.4690  0.3453 
   00067    0.4344   -8209.1723  0.3481 
   00068    0.4180   -8210.3232  0.3469 
   00069    0.4216   -8197.2208  0.3495 
   00070    0.4164   -8279.2586  0.3540 
   00071    0.4192   -8274.6996  0.3471 
   00072    0.4232   -8244.1939  0.3510 
   00073    0.4108   -8266.4907  0.3511 
   00074    0.4040   -8234.1462  0.3505 
   00075    0.4144   -8244.0956  0.3520 
   00076    0.4172   -8249.4905  0.3517 
   00077    0.4160   -8279.9812  0.3491 
   00078    0.4248   -8335.5732  0.3430 
   00079    0.4216   -8284.7035  0.3398 
   00080    0.4188   -8232.2277  0.3474 
   00081    0.4220   -8265.3018  0.3447 
   00082    0.3988   -8271.8412  0.3420 
   00083    0.4236   -8349.4962  0.3420 
   00084    0.4068   -8327.1839  0.3465 
   00085    0.4084   -8339.6496  0.3441 
   00086    0.4188   -8298.9219  0.3413 
   00087    0.4252   -8291.3902  0.3450 
   00088    0.4380   -8319.7353  0.3376 
   00089    0.4120   -8295.4265  0.3371 
   00090    0.4340   -8328.2713  0.3334 
   00091    0.4184   -8314.1101  0.3352 
   00092    0.4200   -8346.3948  0.3277 
   00093    0.4280   -8350.1429  0.3278 
   00094    0.4116   -8354.3850  0.3315 
   00095    0.4200   -8340.5760  0.3375 
   00096    0.4040   -8322.8716  0.3359 
   00097    0.4272   -8346.2060  0.3292 
   00098    0.4084   -8371.5042  0.3282 
   00099    0.4380   -8361.9112  0.3252 
   00100    0.4184   -8343.5303  0.3239 
   00101    0.4300   -8334.0323  0.3185 
   00102    0.4316   -8338.3328  0.3171 
   00103    0.4184   -8320.4759  0.3167 
   00104    0.4172   -8316.6964  0.3108 
   00105    0.4316   -8352.3371  0.3080 
   00106    0.4188   -8383.6207  0.3088 
   00107    0.4144   -8373.6944  0.3067 
   00108    0.4096   -8367.4578  0.3058 
   00109    0.4312   -8360.7184  0.3030 
   00110    0.4220   -8372.9915  0.3010 
   00111    0.4140   -8372.6872  0.3059 
   00112    0.4292   -8342.3658  0.3051 
   00113    0.3904   -8330.5898  0.3104 
   00114    0.4052   -8333.4645  0.3068 
   00115    0.4256   -8319.8702  0.3068 
   00116    0.4280   -8324.4468  0.3077 
   00117    0.4176   -8321.7699  0.3055 
   00118    0.4356   -8266.3888  0.3030 
   00119    0.4220   -8289.6191  0.2946 
   00120    0.4072   -8284.7413  0.2974 
   00121    0.4376   -8280.6040  0.3008 
   00122    0.4228   -8281.8190  0.2953 
   00123    0.4264   -8292.5411  0.2961 
   00124    0.4124   -8312.5361  0.2920 
   00125    0.4300   -8268.9275  0.2901 
   00126    0.4228   -8265.4456  0.2927 
   00127    0.4160   -8266.6852  0.2867 
   00128    0.4464   -8305.5517  0.2815 
   00129    0.4200   -8298.2575  0.2766 
   00130    0.4220   -8294.3248  0.2745 
   00131    0.4220   -8297.8158  0.2740 
   00132    0.4196   -8311.8855  0.2738 
   00133    0.4216   -8353.8487  0.2725 
   00134    0.4136   -8286.0968  0.2666 
   00135    0.4140   -8294.0019  0.2722 
   00136    0.4096   -8316.7690  0.2769 
   00137    0.4248   -8320.9175  0.2802 
   00138    0.4128   -8316.6600  0.2735 
   00139    0.4032   -8300.4961  0.2752 
   00140    0.4180   -8314.0284  0.2707 
   00141    0.4156   -8301.7039  0.2763 
   00142    0.4192   -8321.8356  0.2877 
   00143    0.3956   -8362.6725  0.2825 
   00144    0.4228   -8346.6837  0.2860 
   00145    0.4300   -8326.5432  0.2911 
   00146    0.4252   -8300.3745  0.2915 
   00147    0.4276   -8324.2338  0.2896 
   00148    0.4408   -8333.1659  0.2901 
   00149    0.4352   -8312.2812  0.2918 
   00150    0.4236   -8363.4456  0.2922 
   00151    0.4168   -8299.9576  0.2907 
   00152    0.4320   -8301.8828  0.2980 
   00153    0.4096   -8291.8298  0.3002 
   00154    0.4192   -8272.2162  0.3055 
   00155    0.4224   -8290.4431  0.3067 
   00156    0.4196   -8299.8264  0.3093 
   00157    0.4140   -8348.5757  0.3116 
   00158    0.4240   -8338.3419  0.3095 
   00159    0.3956   -8345.2229  0.3113 
   00160    0.4152   -8331.7557  0.3137 
   00161    0.4260   -8396.1091  0.3048 
   00162    0.4152   -8360.8517  0.3061 
   00163    0.4248   -8369.9613  0.3040 
   00164    0.4120   -8375.2192  0.3008 
   00165    0.4112   -8347.0891  0.2976 
   00166    0.4284   -8346.9585  0.2954 
   00167    0.4124   -8321.6034  0.2956 
   00168    0.4280   -8327.1517  0.2988 
   00169    0.4192   -8342.4686  0.3016 
   00170    0.4084   -8371.3567  0.3042 
   00171    0.4068   -8436.0061  0.3099 
   00172    0.3984   -8368.1324  0.3107 
   00173    0.4240   -8379.1204  0.3062 
   00174    0.4116   -8404.4560  0.3074 
   00175    0.4116   -8379.5867  0.3030 
   00176    0.4088   -8350.3348  0.3088 
   00177    0.4064   -8377.0204  0.3099 
   00178    0.4080   -8342.2092  0.3125 
   00179    0.4160   -8329.7296  0.3137 
   00180    0.4080   -8313.5083  0.3112 
   00181    0.4152   -8331.5371  0.3164 
   00182    0.4092   -8415.7673  0.3204 
   00183    0.4220   -8413.9265  0.3232 
   00184    0.4156   -8419.8875  0.3246 
   00185    0.4188   -8395.7474  0.3242 
   00186    0.4168   -8372.1348  0.3281 
   00187    0.4248   -8371.8977  0.3304 
   00188    0.4224   -8298.0966  0.3206 
   00189    0.4084   -8307.3742  0.3232 
   00190    0.4212   -8301.7095  0.3199 
   00191    0.4184   -8301.9337  0.3163 
   00192    0.4356   -8319.0417  0.3163 
   00193    0.4152   -8317.3508  0.3130 
   00194    0.4216   -8287.1362  0.3109 
   00195    0.4268   -8322.9283  0.3051 
   00196    0.4216   -8338.2997  0.3096 
   00197    0.4284   -8308.2483  0.3133 
   00198    0.4060   -8336.2871  0.3133 
   00199    0.4148   -8340.4293  0.3194 
   00200    0.4208   -8392.3026  0.3252 
   00201    0.4196   -8375.1103  0.3245 
   00202    0.4212   -8364.2827  0.3236 
   00203    0.4292   -8378.7086  0.3155 
   00204    0.4176   -8313.7871  0.3161 
   00205    0.4276   -8294.5770  0.3143 
   00206    0.4216   -8318.0612  0.3155 
   00207    0.4096   -8368.5130  0.3134 
   00208    0.4264   -8361.8023  0.3090 
   00209    0.4264   -8371.4334  0.3105 
   00210    0.4192   -8380.8608  0.3176 
   00211    0.4068   -8349.3435  0.3174 
   00212    0.4124   -8372.3855  0.3187 
   00213    0.4144   -8372.1479  0.3113 
   00214    0.4172   -8364.5079  0.3092 
   00215    0.4108   -8367.7548  0.3106 
   00216    0.3984   -8374.1381  0.3027 
   00217    0.4080   -8353.6323  0.3110 
   00218    0.4180   -8356.2806  0.3056 
   00219    0.4104   -8395.9405  0.3076 
   00220    0.4256   -8389.6929  0.3093 
   00221    0.4044   -8396.0056  0.3116 
   00222    0.4128   -8426.3014  0.3181 
   00223    0.4128   -8454.4276  0.3185 
   00224    0.4088   -8430.9704  0.3161 
   00225    0.4260   -8449.1460  0.3182 
   00226    0.4100   -8429.8209  0.3134 
   00227    0.4204   -8458.4610  0.3143 
   00228    0.4032   -8487.4411  0.3139 
   00229    0.4132   -8495.0473  0.3150 
   00230    0.4220   -8468.2627  0.3137 
   00231    0.4092   -8458.6907  0.3221 
   00232    0.4104   -8414.1746  0.3224 
   00233    0.4120   -8390.2524  0.3200 
   00234    0.4276   -8400.9162  0.3163 
   00235    0.4132   -8414.8025  0.3209 
   00236    0.4172   -8394.2369  0.3217 
   00237    0.4128   -8419.1085  0.3147 
   00238    0.4228   -8383.3612  0.3103 
   00239    0.3968   -8393.8291  0.3141 
   00240    0.4136   -8391.6262  0.3134 
   00241    0.4176   -8409.9585  0.3151 
   00242    0.4168   -8410.0099  0.3145 
   00243    0.4380   -8379.4841  0.3185 
   00244    0.4200   -8334.0645  0.3153 
   00245    0.4180   -8362.1658  0.3187 
   00246    0.4228   -8411.3433  0.3209 
   00247    0.4260   -8424.9957  0.3183 
   00248    0.4092   -8387.4033  0.3179 
   00249    0.4268   -8371.5309  0.3241 
   00250    0.4144   -8377.7442  0.3308 
   00251    0.4320   -8350.7138  0.3319 
   00252    0.4128   -8327.7763  0.3337 
   00253    0.4308   -8371.9478  0.3364 
   00254    0.4268   -8363.4465  0.3429 
   00255    0.4176   -8368.9589  0.3372 
   00256    0.4072   -8348.5134  0.3403 
   00257    0.4280   -8374.0132  0.3351 
   00258    0.4192   -8354.0686  0.3349 
   00259    0.4176   -8389.0831  0.3360 
   00260    0.4328   -8394.1822  0.3388 
   00261    0.4152   -8369.5628  0.3431 
   00262    0.4280   -8388.5076  0.3451 
   00263    0.4096   -8387.5878  0.3423 
   00264    0.4084   -8359.9916  0.3455 
   00265    0.4340   -8370.8277  0.3469 
   00266    0.4000   -8352.2514  0.3457 
   00267    0.4168   -8373.8763  0.3440 
   00268    0.4072   -8396.8521  0.3396 
   00269    0.4036   -8418.6004  0.3346 
   00270    0.4296   -8427.0645  0.3353 
   00271    0.4272   -8449.4656  0.3432 
   00272    0.3956   -8440.9903  0.3380 
   00273    0.4104   -8430.8377  0.3419 
   00274    0.3952   -8394.9518  0.3425 
   00275    0.4004   -8408.7221  0.3507 
   00276    0.4236   -8393.5089  0.3487 
   00277    0.3940   -8390.4420  0.3494 
   00278    0.4036   -8394.4997  0.3543 
   00279    0.4196   -8389.5066  0.3522 
   00280    0.4104   -8420.6887  0.3555 
   00281    0.4344   -8378.6396  0.3530 
   00282    0.4132   -8382.6798  0.3487 
   00283    0.4184   -8372.4688  0.3428 
   00284    0.4088   -8362.2251  0.3485 
   00285    0.4044   -8374.9483  0.3424 
   00286    0.4160   -8373.8671  0.3405 
   00287    0.4144   -8408.9829  0.3382 
   00288    0.4196   -8401.3335  0.3409 
   00289    0.4136   -8462.2133  0.3473 
   00290    0.4232   -8478.9611  0.3491 
   00291    0.4164   -8451.5226  0.3550 
   00292    0.4148   -8402.2102  0.3525 
   00293    0.4180   -8419.5596  0.3603 
   00294    0.4148   -8413.7851  0.3640 
   00295    0.4212   -8446.6349  0.3629 
   00296    0.4236   -8477.3478  0.3619 
   00297    0.4044   -8426.0333  0.3625 
   00298    0.4356   -8443.0398  0.3641 
   00299    0.4096   -8463.2558  0.3660 
   00300    0.4132   -8435.7671  0.3680 
   00301    0.4340   -8456.8572  0.3683 
   00302    0.4120   -8432.4977  0.3681 
   00303    0.3996   -8445.0337  0.3704 
   00304    0.4024   -8437.7690  0.3708 
   00305    0.4296   -8415.0306  0.3681 
   00306    0.4068   -8408.0197  0.3695 
   00307    0.4048   -8407.2879  0.3728 
   00308    0.4212   -8413.3865  0.3742 
   00309    0.4316   -8400.6663  0.3766 
   00310    0.4032   -8428.6246  0.3761 
   00311    0.4236   -8471.2266  0.3767 
   00312    0.4256   -8491.8106  0.3724 
   00313    0.3956   -8448.8932  0.3729 
   00314    0.4076   -8469.6392  0.3742 
   00315    0.4172   -8514.0433  0.3742 
   00316    0.4164   -8502.4375  0.3807 
   00317    0.4000   -8447.2539  0.3730 
   00318    0.4308   -8458.6821  0.3769 
   00319    0.4228   -8497.7287  0.3760 
   00320    0.4012   -8461.4653  0.3756 
   00321    0.4056   -8503.9255  0.3783 
   00322    0.4184   -8508.1081  0.3766 
   00323    0.4360   -8484.3301  0.3780 
   00324    0.4072   -8484.4609  0.3821 
   00325    0.4080   -8493.6609  0.3798 
   00326    0.4112   -8481.1309  0.3769 
   00327    0.4160   -8496.3867  0.3810 
   00328    0.3992   -8456.7442  0.3726 
   00329    0.4032   -8466.2610  0.3699 
   00330    0.4144   -8479.0224  0.3687 
   00331    0.4124   -8478.6038  0.3620 
   00332    0.4144   -8476.6505  0.3557 
   00333    0.4180   -8470.8938  0.3544 
   00334    0.4136   -8455.0845  0.3538 
   00335    0.4312   -8465.6257  0.3542 
   00336    0.4164   -8482.4956  0.3585 
   00337    0.4020   -8434.8268  0.3593 
   00338    0.4280   -8459.9089  0.3551 
   00339    0.4076   -8445.7147  0.3560 
   00340    0.4256   -8410.9087  0.3557 
   00341    0.4100   -8428.5997  0.3565 
   00342    0.4036   -8439.2564  0.3603 
   00343    0.4056   -8436.9126  0.3641 
   00344    0.4068   -8394.4433  0.3622 
   00345    0.4164   -8405.0147  0.3674 
   00346    0.4264   -8396.7054  0.3698 
   00347    0.4368   -8418.4677  0.3705 
   00348    0.4300   -8420.7120  0.3649 
   00349    0.4096   -8413.1832  0.3591 
   00350    0.4052   -8418.0878  0.3575 
   00351    0.4224   -8388.4487  0.3575 
   00352    0.4112   -8384.5714  0.3547 
   00353    0.4308   -8420.9485  0.3549 
   00354    0.4020   -8418.5451  0.3508 
   00355    0.4228   -8413.3048  0.3540 
   00356    0.4208   -8405.5400  0.3514 
   00357    0.4212   -8411.7978  0.3566 
   00358    0.4064   -8416.8326  0.3551 
   00359    0.4152   -8418.6466  0.3559 
   00360    0.4160   -8435.1510  0.3531 
   00361    0.4032   -8432.5271  0.3555 
   00362    0.4224   -8402.8487  0.3655 
   00363    0.4204   -8422.5349  0.3657 
   00364    0.4064   -8359.3727  0.3639 
   00365    0.4140   -8353.3050  0.3575 
   00366    0.4300   -8403.9772  0.3607 
   00367    0.4172   -8407.3596  0.3634 
   00368    0.4068   -8401.1445  0.3675 
   00369    0.4156   -8387.0443  0.3722 
   00370    0.4216   -8394.3828  0.3695 
   00371    0.4172   -8404.0414  0.3711 
   00372    0.4140   -8414.8482  0.3657 
   00373    0.4400   -8391.9830  0.3708 
   00374    0.4036   -8385.9674  0.3765 
   00375    0.4324   -8366.7227  0.3773 
   00376    0.4244   -8394.9290  0.3798 
   00377    0.4112   -8369.8944  0.3760 
   00378    0.4256   -8409.9361  0.3769 
   00379    0.4064   -8432.7769  0.3757 
   00380    0.4136   -8450.1165  0.3732 
   00381    0.4116   -8411.3302  0.3675 
   00382    0.4072   -8397.6320  0.3656 
   00383    0.4212   -8417.6849  0.3655 
   00384    0.4228   -8432.0437  0.3717 
   00385    0.4144   -8414.2178  0.3744 
   00386    0.4224   -8414.3019  0.3830 
   00387    0.4020   -8439.4019  0.3848 
   00388    0.3960   -8403.6768  0.3882 
   00389    0.4328   -8412.6813  0.3921 
   00390    0.4180   -8418.4842  0.3943 
   00391    0.4028   -8439.9224  0.3940 
   00392    0.4332   -8464.7476  0.3927 
   00393    0.4220   -8520.0011  0.3963 
   00394    0.4076   -8482.5155  0.4018 
   00395    0.4168   -8493.4778  0.4018 
   00396    0.4124   -8442.7841  0.4038 
   00397    0.4392   -8425.0038  0.4074 
   00398    0.4084   -8437.9441  0.4052 
   00399    0.4100   -8479.6325  0.4076 
   00400    0.4064   -8481.0996  0.4069 
   00401    0.4128   -8457.9854  0.4059 
   00402    0.4164   -8492.7114  0.4059 
   00403    0.4128   -8476.2204  0.4013 
   00404    0.4372   -8477.6234  0.3990 
   00405    0.4024   -8473.1993  0.3931 
   00406    0.4260   -8487.6846  0.3942 
   00407    0.4180   -8480.9173  0.3964 
   00408    0.4184   -8464.9756  0.3970 
   00409    0.4172   -8481.3834  0.3938 
   00410    0.4384   -8503.3600  0.3942 
   00411    0.4124   -8509.1061  0.3967 
   00412    0.4088   -8505.2067  0.3992 
   00413    0.4212   -8514.0833  0.3984 
   00414    0.4000   -8498.5597  0.3965 
   00415    0.4172   -8543.6633  0.3977 
   00416    0.4204   -8537.7113  0.3944 
   00417    0.4112   -8542.4571  0.3916 
   00418    0.3976   -8540.2986  0.3973 
   00419    0.4136   -8543.1657  0.4001 
   00420    0.4108   -8524.4041  0.3944 
   00421    0.4052   -8511.0878  0.3907 
   00422    0.3932   -8528.4253  0.3877 
   00423    0.4092   -8525.1749  0.3873 
   00424    0.4204   -8500.9755  0.3852 
   00425    0.4064   -8512.9262  0.3897 
   00426    0.4036   -8489.7896  0.3916 
   00427    0.4152   -8490.0910  0.3894 
   00428    0.3964   -8490.7607  0.3931 
   00429    0.3976   -8447.0365  0.3934 
   00430    0.4184   -8445.9381  0.3918 
   00431    0.4016   -8484.4340  0.3973 
   00432    0.4060   -8455.7306  0.3973 
   00433    0.4236   -8484.8271  0.4016 
   00434    0.4200   -8489.4115  0.4031 
   00435    0.4040   -8460.9482  0.3993 
   00436    0.4056   -8478.0311  0.4045 
   00437    0.3956   -8475.0679  0.4058 
   00438    0.4208   -8478.6308  0.4075 
   00439    0.4116   -8490.6620  0.4114 
   00440    0.4180   -8489.1306  0.4100 
   00441    0.4264   -8476.9908  0.4121 
   00442    0.4144   -8488.3120  0.4113 
   00443    0.4028   -8504.2897  0.4152 
   00444    0.4136   -8503.6057  0.4088 
   00445    0.4132   -8497.0455  0.4113 
   00446    0.4276   -8480.6096  0.4078 
   00447    0.4188   -8465.6942  0.3991 
   00448    0.4156   -8426.2207  0.4046 
   00449    0.3980   -8454.4178  0.4072 
   00450    0.4100   -8510.1813  0.4047 
   00451    0.4184   -8490.9900  0.4016 
   00452    0.4340   -8511.1118  0.4026 
   00453    0.4128   -8480.2762  0.4072 
   00454    0.4112   -8466.9759  0.4080 
   00455    0.4248   -8433.2782  0.4024 
   00456    0.4036   -8392.2019  0.4025 
   00457    0.4276   -8393.8025  0.4044 
   00458    0.4132   -8392.7572  0.4109 
   00459    0.4144   -8385.8760  0.4110 
   00460    0.4164   -8391.7017  0.4143 
   00461    0.4292   -8423.7047  0.4170 
   00462    0.4008   -8452.6327  0.4140 
   00463    0.4072   -8454.5360  0.4203 
   00464    0.4232   -8439.3496  0.4194 
   00465    0.4220   -8435.8996  0.4240 
   00466    0.4108   -8451.6848  0.4214 
   00467    0.4192   -8470.0155  0.4266 
   00468    0.4132   -8488.5690  0.4191 
   00469    0.4068   -8488.9693  0.4246 
   00470    0.4224   -8488.8304  0.4204 
   00471    0.4036   -8505.1251  0.4216 
   00472    0.4144   -8489.8512  0.4240 
   00473    0.4004   -8482.8080  0.4242 
   00474    0.4080   -8505.4014  0.4232 
   00475    0.4272   -8504.0998  0.4253 
   00476    0.3952   -8499.5863  0.4312 
   00477    0.4032   -8506.1924  0.4295 
   00478    0.4168   -8462.0658  0.4282 
   00479    0.4248   -8486.6721  0.4244 
   00480    0.3976   -8522.4119  0.4238 
   00481    0.4148   -8511.6161  0.4253 
   00482    0.4040   -8502.4109  0.4260 
   00483    0.4088   -8502.1993  0.4194 
   00484    0.3944   -8501.1293  0.4176 
   00485    0.3968   -8514.1737  0.4186 
   00486    0.4084   -8487.9455  0.4184 
   00487    0.4404   -8509.8411  0.4205 
   00488    0.4260   -8508.2938  0.4222 
   00489    0.4044   -8477.1699  0.4262 
   00490    0.3980   -8446.2899  0.4323 
   00491    0.4200   -8473.6511  0.4381 
   00492    0.4212   -8380.1701  0.4405 
   00493    0.4128   -8369.0676  0.4418 
   00494    0.4084   -8396.6301  0.4392 
   00495    0.4224   -8412.9943  0.4355 
   00496    0.4028   -8413.3901  0.4313 
   00497    0.3980   -8432.8888  0.4373 
   00498    0.4072   -8501.6757  0.4411 
   00499    0.4068   -8506.0167  0.4390 
   00500    0.4136   -8502.4971  0.4402 
   00501    0.4160   -8475.6272  0.4435 
   00502    0.4044   -8448.2694  0.4438 
   00503    0.4064   -8470.3741  0.4457 
   00504    0.4016   -8503.5802  0.4507 
   00505    0.4120   -8493.0266  0.4520 
   00506    0.3928   -8508.6228  0.4513 
   00507    0.4272   -8463.3593  0.4525 
   00508    0.4156   -8444.2323  0.4462 
   00509    0.4068   -8424.8296  0.4444 
   00510    0.4296   -8451.6608  0.4544 
   00511    0.4148   -8488.6233  0.4536 
   00512    0.4352   -8461.1482  0.4577 
   00513    0.4052   -8490.0752  0.4513 
   00514    0.4204   -8466.8272  0.4544 
   00515    0.4296   -8481.8732  0.4549 
   00516    0.4064   -8488.0956  0.4579 
   00517    0.4048   -8488.6651  0.4519 
   00518    0.4228   -8521.6782  0.4537 
   00519    0.4140   -8513.5589  0.4647 
   00520    0.4224   -8517.2513  0.4594 
   00521    0.4116   -8496.8576  0.4574 
   00522    0.4172   -8492.5302  0.4592 
   00523    0.4144   -8486.2955  0.4681 
   00524    0.4036   -8456.7628  0.4592 
   00525    0.4304   -8463.1054  0.4627 
   00526    0.4092   -8442.6604  0.4609 
   00527    0.4256   -8458.5096  0.4605 
   00528    0.4128   -8393.4825  0.4549 
   00529    0.4216   -8414.6206  0.4474 
   00530    0.4088   -8460.4948  0.4411 
   00531    0.4100   -8457.2331  0.4428 
   00532    0.4176   -8468.3838  0.4427 
   00533    0.3956   -8424.7163  0.4362 
   00534    0.3944   -8459.1181  0.4420 
   00535    0.4152   -8427.9404  0.4441 
   00536    0.4044   -8396.8818  0.4515 
   00537    0.4176   -8387.2896  0.4491 
   00538    0.3988   -8425.8558  0.4460 
   00539    0.4020   -8441.2070  0.4443 
   00540    0.4004   -8447.4940  0.4438 
   00541    0.4160   -8451.3720  0.4405 
   00542    0.4340   -8426.0331  0.4385 
   00543    0.4128   -8460.0817  0.4342 
   00544    0.4136   -8484.9725  0.4347 
   00545    0.4184   -8498.1205  0.4401 
   00546    0.4020   -8475.9275  0.4361 
   00547    0.3992   -8467.8371  0.4360 
   00548    0.4324   -8481.9302  0.4318 
   00549    0.4036   -8459.6285  0.4296 
   00550    0.4256   -8441.4602  0.4310 
   00551    0.4036   -8484.0466  0.4304 
   00552    0.4172   -8428.8189  0.4349 
   00553    0.4044   -8447.1640  0.4332 
   00554    0.4064   -8459.0862  0.4418 
   00555    0.4148   -8434.0010  0.4425 
   00556    0.4232   -8478.9810  0.4383 
   00557    0.4084   -8470.2539  0.4371 
   00558    0.3996   -8471.5128  0.4355 
   00559    0.4132   -8458.8299  0.4362 
   00560    0.4128   -8487.9671  0.4405 
   00561    0.4128   -8470.7562  0.4372 
   00562    0.4084   -8454.2898  0.4401 
   00563    0.4060   -8434.2590  0.4408 
   00564    0.4164   -8443.2424  0.4430 
   00565    0.4244   -8408.1810  0.4391 
   00566    0.4280   -8422.6481  0.4347 
   00567    0.4116   -8460.9262  0.4313 
   00568    0.4140   -8450.0171  0.4293 
   00569    0.4028   -8453.0870  0.4300 
   00570    0.4276   -8452.8214  0.4300 
   00571    0.4036   -8467.7702  0.4320 
   00572    0.4176   -8475.6501  0.4303 
   00573    0.3992   -8525.7478  0.4328 
   00574    0.4044   -8482.0612  0.4351 
   00575    0.4036   -8484.8647  0.4388 
   00576    0.4196   -8475.5171  0.4373 
   00577    0.4112   -8497.7495  0.4364 
   00578    0.4124   -8500.4912  0.4377 
   00579    0.4176   -8486.5298  0.4349 
   00580    0.4168   -8476.4403  0.4262 
   00581    0.3880   -8466.8693  0.4242 
   00582    0.4092   -8450.9759  0.4260 
   00583    0.4284   -8440.0080  0.4244 
   00584    0.4140   -8419.5583  0.4302 
   00585    0.4188   -8440.3525  0.4301 
   00586    0.4008   -8468.5843  0.4280 
   00587    0.4068   -8454.1894  0.4277 
   00588    0.4232   -8443.3450  0.4281 
   00589    0.4144   -8477.5646  0.4196 
   00590    0.4044   -8493.7725  0.4163 
   00591    0.4016   -8485.0259  0.4146 
   00592    0.4168   -8484.6915  0.4101 
   00593    0.4312   -8474.3599  0.4081 
   00594    0.4232   -8478.1973  0.4134 
   00595    0.3908   -8459.7542  0.4184 
   00596    0.4156   -8463.1549  0.4149 
   00597    0.4176   -8481.5135  0.4199 
   00598    0.4104   -8480.7437  0.4188 
   00599    0.3952   -8512.7624  0.4184 
   00600    0.3936   -8540.2530  0.4149 
   00601    0.4152   -8530.2546  0.4156 
   00602    0.4148   -8522.1208  0.4153 
   00603    0.4008   -8498.0844  0.4153 
   00604    0.4096   -8487.0935  0.4167 
   00605    0.4048   -8550.0988  0.4149 
   00606    0.4060   -8521.7423  0.4132 
   00607    0.4048   -8490.0523  0.4057 
   00608    0.4104   -8481.2213  0.4042 
   00609    0.4048   -8485.4315  0.3994 
   00610    0.4164   -8507.7913  0.4017 
   00611    0.4192   -8465.3648  0.4048 
   00612    0.4164   -8480.3394  0.4066 
   00613    0.4024   -8489.4782  0.4119 
   00614    0.4116   -8498.1071  0.4079 
   00615    0.4104   -8524.9814  0.3969 
   00616    0.3924   -8560.7709  0.4008 
   00617    0.4028   -8547.7583  0.4025 
   00618    0.4144   -8500.3074  0.4040 
   00619    0.4100   -8471.5192  0.4126 
   00620    0.4140   -8459.2192  0.4177 
   00621    0.4288   -8486.8834  0.4151 
   00622    0.4164   -8503.8269  0.4090 
   00623    0.4020   -8508.0793  0.4116 
   00624    0.4136   -8482.2659  0.4079 
   00625    0.4088   -8490.2703  0.4030 
   00626    0.4028   -8488.4302  0.3974 
   00627    0.4156   -8481.5802  0.4019 
   00628    0.4188   -8455.1306  0.3995 
   00629    0.4212   -8428.2146  0.4031 
   00630    0.4200   -8431.7671  0.4012 
   00631    0.4232   -8454.5601  0.3998 
   00632    0.4168   -8448.3206  0.3966 
   00633    0.4032   -8480.0241  0.3950 
   00634    0.4156   -8460.5785  0.3876 
   00635    0.3992   -8471.6145  0.3812 
   00636    0.4252   -8477.6790  0.3777 
   00637    0.4224   -8465.8213  0.3782 
   00638    0.4056   -8453.3477  0.3694 
   00639    0.4252   -8477.9950  0.3656 
   00640    0.4168   -8469.2881  0.3639 
   00641    0.4168   -8510.7296  0.3613 
   00642    0.4076   -8510.6793  0.3624 
   00643    0.4168   -8494.6929  0.3628 
   00644    0.4212   -8479.1955  0.3619 
   00645    0.4112   -8491.3071  0.3546 
   00646    0.4128   -8494.7186  0.3582 
   00647    0.4292   -8490.6777  0.3576 
   00648    0.4056   -8492.8006  0.3582 
   00649    0.4104   -8520.2292  0.3664 
   00650    0.4064   -8558.6952  0.3626 
   00651    0.4232   -8539.1349  0.3586 
   00652    0.4276   -8514.7485  0.3562 
   00653    0.4088   -8519.6027  0.3499 
   00654    0.4120   -8485.8407  0.3492 
   00655    0.4036   -8472.6154  0.3462 
   00656    0.4184   -8537.0812  0.3471 
   00657    0.4008   -8522.3373  0.3480 
   00658    0.4084   -8522.4500  0.3423 
   00659    0.4024   -8568.5919  0.3412 
   00660    0.4264   -8534.2850  0.3372 
   00661    0.4196   -8506.6865  0.3361 
   00662    0.4208   -8517.2641  0.3373 
   00663    0.4220   -8496.1084  0.3329 
   00664    0.4200   -8518.2213  0.3344 
   00665    0.4044   -8508.0379  0.3314 
   00666    0.4156   -8497.0900  0.3247 
   00667    0.4236   -8440.7836  0.3184 
   00668    0.4080   -8442.0078  0.3209 
   00669    0.4168   -8479.2114  0.3212 
   00670    0.4104   -8480.3676  0.3185 
   00671    0.4060   -8498.9996  0.3161 
   00672    0.4192   -8473.7899  0.3136 
   00673    0.4116   -8472.4411  0.3096 
   00674    0.3928   -8492.1434  0.3148 
   00675    0.4200   -8441.6718  0.3091 
   00676    0.4152   -8442.4767  0.3060 
   00677    0.4036   -8460.1568  0.3105 
   00678    0.4228   -8495.9979  0.3127 
   00679    0.3972   -8513.3646  0.3118 
   00680    0.3836   -8514.7334  0.3124 
   00681    0.4128   -8428.8374  0.3088 
   00682    0.4056   -8459.6083  0.3085 
   00683    0.4100   -8456.9384  0.3076 
   00684    0.4192   -8494.2724  0.3097 
   00685    0.4008   -8447.5698  0.3131 
   00686    0.4084   -8449.0047  0.3148 
   00687    0.4136   -8455.4902  0.3213 
   00688    0.4200   -8412.0029  0.3210 
   00689    0.4196   -8417.8560  0.3218 
   00690    0.4184   -8408.0476  0.3254 
   00691    0.4056   -8406.3212  0.3247 
   00692    0.4220   -8394.5789  0.3354 
   00693    0.3992   -8437.9497  0.3274 
   00694    0.4172   -8437.8747  0.3280 
   00695    0.4220   -8493.7263  0.3283 
   00696    0.4088   -8520.2082  0.3237 
   00697    0.3836   -8518.1829  0.3318 
   00698    0.4000   -8527.8780  0.3317 
   00699    0.4112   -8540.4074  0.3307 
   00700    0.4096   -8496.6547  0.3334 
   00701    0.4040   -8503.1492  0.3232 
   00702    0.4232   -8473.8623  0.3244 
   00703    0.3984   -8483.1477  0.3192 
   00704    0.3996   -8468.7559  0.3213 
   00705    0.4092   -8494.1397  0.3227 
   00706    0.4188   -8498.7343  0.3285 
   00707    0.4124   -8461.4133  0.3333 
   00708    0.3976   -8422.9605  0.3359 
   00709    0.4128   -8503.0143  0.3363 
   00710    0.4120   -8474.2541  0.3370 
   00711    0.4204   -8489.5560  0.3442 
   00712    0.4076   -8493.2230  0.3375 
   00713    0.4184   -8448.8129  0.3441 
   00714    0.4260   -8459.6446  0.3519 
   00715    0.4004   -8433.7291  0.3469 
   00716    0.4144   -8449.1921  0.3489 
   00717    0.4256   -8469.0218  0.3527 
   00718    0.3872   -8442.8679  0.3508 
   00719    0.4092   -8404.6146  0.3551 
   00720    0.4068   -8439.1159  0.3603 
   00721    0.4248   -8442.6936  0.3632 
   00722    0.4108   -8465.7362  0.3650 
   00723    0.4168   -8460.7285  0.3618 
   00724    0.4040   -8500.4383  0.3547 
   00725    0.4352   -8452.8576  0.3542 
   00726    0.4196   -8478.0254  0.3549 
   00727    0.4208   -8475.8273  0.3512 
   00728    0.4092   -8462.1889  0.3508 
   00729    0.4016   -8467.2581  0.3495 
   00730    0.4212   -8437.4371  0.3497 
   00731    0.4084   -8381.2718  0.3455 
   00732    0.4112   -8370.7472  0.3455 
   00733    0.4308   -8417.4414  0.3382 
   00734    0.4144   -8451.5470  0.3436 
   00735    0.4076   -8484.9485  0.3437 
   00736    0.4120   -8481.9241  0.3417 
   00737    0.4120   -8503.1281  0.3422 
   00738    0.4068   -8522.0270  0.3420 
   00739    0.4116   -8483.0660  0.3431 
   00740    0.4092   -8515.9277  0.3420 
   00741    0.4096   -8540.6440  0.3410 
   00742    0.4108   -8547.9161  0.3431 
   00743    0.4312   -8533.5378  0.3460 
   00744    0.4188   -8510.7198  0.3485 
   00745    0.4160   -8495.6011  0.3374 
   00746    0.4096   -8479.0993  0.3373 
   00747    0.4188   -8516.5183  0.3449 
   00748    0.4380   -8494.2218  0.3396 
   00749    0.4196   -8487.4006  0.3454 
   00750    0.3892   -8435.9580  0.3410 
   00751    0.4196   -8424.1144  0.3423 
   00752    0.4120   -8441.6336  0.3429 
   00753    0.4008   -8431.8828  0.3414 
   00754    0.4160   -8413.3711  0.3418 
   00755    0.4364   -8419.2656  0.3425 
   00756    0.4132   -8390.2289  0.3417 
   00757    0.4380   -8387.4268  0.3388 
   00758    0.4276   -8395.9923  0.3427 
   00759    0.4240   -8387.1349  0.3478 
   00760    0.4260   -8433.5697  0.3430 
   00761    0.4256   -8427.5800  0.3388 
   00762    0.4160   -8476.8505  0.3422 
   00763    0.4188   -8523.2747  0.3468 
   00764    0.4000   -8519.2836  0.3462 
   00765    0.4260   -8472.5946  0.3451 
   00766    0.3976   -8438.4619  0.3385 
   00767    0.4112   -8428.2172  0.3338 
   00768    0.4336   -8425.3400  0.3366 
   00769    0.4164   -8434.4888  0.3318 
   00770    0.4284   -8444.8897  0.3398 
   00771    0.4268   -8412.1909  0.3475 
   00772    0.4140   -8432.9489  0.3522 
   00773    0.4176   -8473.4188  0.3513 
   00774    0.4084   -8433.4320  0.3523 
   00775    0.4272   -8449.7952  0.3525 
   00776    0.4292   -8470.8557  0.3532 
   00777    0.4300   -8463.5160  0.3527 
   00778    0.4160   -8498.3941  0.3490 
   00779    0.3984   -8491.8261  0.3461 
   00780    0.4064   -8466.2128  0.3511 
   00781    0.4208   -8446.2578  0.3508 
   00782    0.4076   -8492.8386  0.3519 
   00783    0.4216   -8456.4729  0.3540 
   00784    0.4192   -8469.5488  0.3511 
   00785    0.4172   -8506.8888  0.3458 
   00786    0.4136   -8484.2866  0.3474 
   00787    0.4108   -8468.9086  0.3459 
   00788    0.4144   -8475.2935  0.3446 
   00789    0.4232   -8463.6904  0.3399 
   00790    0.4264   -8452.1170  0.3343 
   00791    0.4048   -8426.3236  0.3361 
   00792    0.4188   -8397.6461  0.3352 
   00793    0.4112   -8402.1055  0.3358 
   00794    0.4312   -8399.7940  0.3375 
   00795    0.4168   -8450.8622  0.3348 
   00796    0.4084   -8485.6249  0.3339 
   00797    0.4148   -8493.2231  0.3349 
   00798    0.4212   -8523.3107  0.3343 
   00799    0.4024   -8470.1653  0.3373 
   00800    0.4204   -8422.5040  0.3361 
   00801    0.4072   -8454.8276  0.3350 
   00802    0.4092   -8473.5164  0.3367 
   00803    0.3964   -8458.9563  0.3337 
   00804    0.4064   -8483.9902  0.3288 
   00805    0.4264   -8481.0997  0.3225 
   00806    0.4156   -8471.8618  0.3247 
   00807    0.4076   -8510.5306  0.3186 
   00808    0.4028   -8494.0251  0.3211 
   00809    0.4132   -8479.7590  0.3190 
   00810    0.4004   -8470.9750  0.3191 
   00811    0.4088   -8458.9570  0.3202 
   00812    0.4296   -8458.3240  0.3264 
   00813    0.4020   -8467.5157  0.3315 
   00814    0.4144   -8469.9593  0.3277 
   00815    0.4196   -8407.9288  0.3250 
   00816    0.4232   -8391.5803  0.3276 
   00817    0.4080   -8436.9468  0.3272 
   00818    0.4120   -8465.2103  0.3320 
   00819    0.4000   -8495.9387  0.3305 
   00820    0.4088   -8463.8071  0.3303 
   00821    0.3968   -8449.2111  0.3294 
   00822    0.4132   -8443.3895  0.3256 
   00823    0.4212   -8489.6784  0.3231 
   00824    0.4100   -8511.1561  0.3221 
   00825    0.4136   -8492.4225  0.3254 
   00826    0.4008   -8474.9996  0.3241 
   00827    0.4284   -8490.8680  0.3286 
   00828    0.4088   -8488.6273  0.3343 
   00829    0.4232   -8435.7740  0.3333 
   00830    0.4180   -8439.9594  0.3346 
   00831    0.4160   -8457.0648  0.3437 
   00832    0.4056   -8467.3239  0.3462 
   00833    0.4080   -8423.8207  0.3464 
   00834    0.4204   -8464.2462  0.3467 
   00835    0.4192   -8469.0615  0.3527 
   00836    0.4008   -8448.6809  0.3509 
   00837    0.4160   -8487.7622  0.3576 
   00838    0.4080   -8513.6656  0.3605 
   00839    0.4060   -8516.5387  0.3576 
   00840    0.4268   -8473.3378  0.3571 
   00841    0.4016   -8514.0864  0.3546 
   00842    0.4120   -8500.6847  0.3537 
   00843    0.4176   -8466.8103  0.3548 
   00844    0.4320   -8523.9928  0.3609 
   00845    0.3932   -8516.1797  0.3631 
   00846    0.4180   -8495.7293  0.3715 
   00847    0.4368   -8512.0805  0.3711 
   00848    0.4008   -8518.9651  0.3672 
   00849    0.4108   -8493.2019  0.3626 
   00850    0.4164   -8487.8956  0.3694 
   00851    0.4028   -8414.9477  0.3645 
   00852    0.4220   -8453.7405  0.3719 
   00853    0.4172   -8453.9646  0.3714 
   00854    0.4196   -8473.3721  0.3662 
   00855    0.4112   -8527.7162  0.3668 
   00856    0.3988   -8519.5509  0.3694 
   00857    0.4100   -8516.1972  0.3726 
   00858    0.4092   -8500.9504  0.3668 
   00859    0.4232   -8513.8920  0.3679 
   00860    0.4104   -8496.7923  0.3659 
   00861    0.4248   -8473.5237  0.3672 
   00862    0.4040   -8439.8956  0.3643 
   00863    0.4156   -8446.6589  0.3572 
   00864    0.4236   -8465.1616  0.3571 
   00865    0.3976   -8486.6284  0.3561 
   00866    0.4240   -8463.0908  0.3544 
   00867    0.4224   -8501.9964  0.3539 
   00868    0.4168   -8472.5451  0.3509 
   00869    0.4080   -8463.4717  0.3481 
   00870    0.4272   -8482.5234  0.3478 
   00871    0.4076   -8460.1994  0.3456 
   00872    0.4100   -8539.9950  0.3426 
   00873    0.4296   -8540.7282  0.3461 
   00874    0.3960   -8509.6152  0.3423 
   00875    0.4208   -8494.7548  0.3475 
   00876    0.3920   -8476.2183  0.3399 
   00877    0.4120   -8485.7543  0.3416 
   00878    0.4268   -8490.9966  0.3391 
   00879    0.4128   -8489.1048  0.3364 
   00880    0.4092   -8486.5277  0.3387 
   00881    0.3972   -8510.3326  0.3393 
   00882    0.4032   -8504.5418  0.3435 
   00883    0.4304   -8500.0603  0.3408 
   00884    0.4152   -8503.0212  0.3454 
   00885    0.4148   -8472.9964  0.3393 
   00886    0.4056   -8488.5577  0.3351 
   00887    0.4308   -8477.1299  0.3369 
   00888    0.4036   -8434.2589  0.3304 
   00889    0.4284   -8408.0381  0.3259 
   00890    0.4076   -8430.0685  0.3241 
   00891    0.4016   -8423.1427  0.3247 
   00892    0.4172   -8443.4541  0.3204 
   00893    0.3976   -8424.1453  0.3204 
   00894    0.4144   -8432.8063  0.3180 
   00895    0.4252   -8394.7868  0.3108 
   00896    0.4168   -8399.1691  0.3037 
   00897    0.4056   -8431.0769  0.3011 
   00898    0.4124   -8444.0128  0.3000 
   00899    0.4000   -8456.6811  0.3074 
   00900    0.4192   -8434.7211  0.3137 
   00901    0.4060   -8430.4989  0.3207 
   00902    0.4076   -8476.8765  0.3277 
   00903    0.4188   -8435.2981  0.3284 
   00904    0.4140   -8407.4140  0.3318 
   00905    0.4080   -8439.2321  0.3305 
   00906    0.4040   -8432.9969  0.3285 
   00907    0.4124   -8419.9151  0.3315 
   00908    0.4200   -8473.7346  0.3257 
   00909    0.4068   -8512.0337  0.3325 
   00910    0.4000   -8516.0337  0.3267 
   00911    0.4232   -8537.8797  0.3294 
   00912    0.4136   -8520.1930  0.3269 
   00913    0.4004   -8469.9568  0.3290 
   00914    0.4280   -8498.0618  0.3297 
   00915    0.4052   -8513.5611  0.3266 
   00916    0.4088   -8505.6832  0.3251 
   00917    0.4176   -8489.4547  0.3143 
   00918    0.4304   -8541.4294  0.3132 
   00919    0.4160   -8541.4953  0.3234 
   00920    0.4012   -8494.0495  0.3300 
   00921    0.4096   -8526.3479  0.3290 
   00922    0.4108   -8489.7250  0.3271 
   00923    0.4184   -8507.8760  0.3318 
   00924    0.4220   -8482.8533  0.3282 
   00925    0.4056   -8446.9984  0.3320 
   00926    0.3992   -8467.6512  0.3310 
   00927    0.3900   -8446.4414  0.3274 
   00928    0.4132   -8460.1645  0.3342 
   00929    0.4252   -8460.3566  0.3407 
   00930    0.4164   -8414.0694  0.3288 
   00931    0.4088   -8396.5424  0.3265 
   00932    0.4024   -8452.4631  0.3287 
   00933    0.4192   -8407.6138  0.3363 
   00934    0.4100   -8421.8556  0.3283 
   00935    0.4116   -8458.6496  0.3250 
   00936    0.4144   -8444.0319  0.3195 
   00937    0.4308   -8457.1327  0.3104 
   00938    0.4120   -8495.9857  0.2994 
   00939    0.4076   -8448.8588  0.3015 
   00940    0.4072   -8445.2232  0.3040 
   00941    0.4216   -8471.6622  0.3007 
   00942    0.4196   -8465.4520  0.3039 
   00943    0.4192   -8509.0793  0.3010 
   00944    0.4072   -8486.1596  0.2932 
   00945    0.4188   -8483.9499  0.2927 
   00946    0.4032   -8476.9684  0.2959 
   00947    0.4160   -8471.2443  0.2955 
   00948    0.4064   -8465.1260  0.3006 
   00949    0.4004   -8481.5724  0.2999 
   00950    0.3840   -8484.0827  0.3044 
   00951    0.4140   -8489.3409  0.3091 
   00952    0.4124   -8445.6150  0.3057 
   00953    0.4324   -8472.3862  0.3026 
   00954    0.4304   -8474.3807  0.3022 
   00955    0.4152   -8476.2527  0.2968 
   00956    0.4288   -8434.8919  0.2971 
   00957    0.4200   -8459.1156  0.2931 
   00958    0.4068   -8435.8604  0.2902 
   00959    0.4208   -8508.4110  0.2898 
   00960    0.4040   -8510.0239  0.2901 
   00961    0.4164   -8473.0039  0.2903 
   00962    0.4328   -8452.9082  0.2945 
   00963    0.4192   -8439.5801  0.2957 
   00964    0.4160   -8446.0298  0.2967 
   00965    0.4112   -8506.3327  0.2996 
   00966    0.4184   -8484.8777  0.3002 
   00967    0.4096   -8480.5162  0.3009 
   00968    0.4060   -8492.0236  0.3023 
   00969    0.4136   -8492.2992  0.3033 
   00970    0.3968   -8474.0654  0.3055 
   00971    0.4404   -8483.3083  0.3049 
   00972    0.3948   -8514.1136  0.3130 
   00973    0.3976   -8468.9952  0.3153 
   00974    0.3992   -8459.5018  0.3165 
   00975    0.4120   -8483.9580  0.3113 
   00976    0.3928   -8532.0597  0.3077 
   00977    0.4088   -8508.8962  0.3074 
   00978    0.4104   -8502.2447  0.3003 
   00979    0.4208   -8464.8088  0.2985 
   00980    0.4076   -8484.1359  0.3035 
   00981    0.4076   -8450.0591  0.3062 
   00982    0.4112   -8472.9978  0.3085 
   00983    0.4048   -8449.3607  0.3112 
   00984    0.4252   -8476.8079  0.3003 
   00985    0.4072   -8472.7947  0.2998 
   00986    0.4092   -8463.3935  0.2976 
   00987    0.4232   -8456.3577  0.3024 
   00988    0.4000   -8435.6508  0.3034 
   00989    0.4228   -8456.4723  0.3029 
   00990    0.4216   -8465.5477  0.3027 
   00991    0.4088   -8477.3679  0.3050 
   00992    0.4180   -8479.5250  0.2946 
   00993    0.4232   -8467.8764  0.2941 
   00994    0.4040   -8477.7501  0.2988 
   00995    0.4072   -8452.5418  0.2945 
   00996    0.4188   -8447.1128  0.2935 
   00997    0.4276   -8450.7897  0.2926 
   00998    0.4196   -8448.4762  0.2949 
   00999    0.4220   -8457.9523  0.2894 
   01000    0.4152   -8444.7946  0.2841 
