temperature,order
0.05,0.983
0.10344827586206898,0.721
0.15689655172413794,0.956
0.21034482758620693,0.944
0.2637931034482759,0.897
0.31724137931034485,0.904
0.3706896551724138,0.906
0.4241379310344828,0.868
0.47758620689655173,0.883
0.5310344827586208,0.836
0.5844827586206898,0.851
0.6379310344827587,0.800
0.6913793103448277,0.754
0.7448275862068966,0.757
0.7982758620689656,0.597
0.8517241379310345,0.603
0.9051724137931035,0.595
0.9586206896551726,0.417
1.0120689655172415,0.392
1.0655172413793104,0.466
1.1189655172413795,0.385
1.1724137931034484,0.268
1.2258620689655173,0.375
1.2793103448275862,0.315
1.3327586206896553,0.307
1.3862068965517242,0.323
1.4396551724137931,0.324
1.4931034482758623,0.345
1.5465517241379312,0.312
1.6,0.260
0.05,0.927
0.10344827586206898,0.967
0.15689655172413794,0.961
0.21034482758620693,0.948
0.2637931034482759,0.918
0.31724137931034485,0.908
0.3706896551724138,0.862
0.4241379310344828,0.847
0.47758620689655173,0.857
0.5310344827586208,0.866
0.5844827586206898,0.834
0.6379310344827587,0.811
0.6913793103448277,0.794
0.7448275862068966,0.673
0.7982758620689656,0.711
0.8517241379310345,0.628
0.9051724137931035,0.533
0.9586206896551726,0.562
1.0120689655172415,0.441
1.0655172413793104,0.472
1.1189655172413795,0.457
1.1724137931034484,0.309
1.2258620689655173,0.331
1.2793103448275862,0.360
1.3327586206896553,0.458
1.3862068965517242,0.341
1.4396551724137931,0.275
1.4931034482758623,0.315
1.5465517241379312,0.277
1.6,0.336
0.05,0.989
0.10344827586206898,0.973
0.15689655172413794,0.963
0.21034482758620693,0.942
0.2637931034482759,0.917
0.31724137931034485,0.921
0.3706896551724138,0.895
0.4241379310344828,0.847
0.47758620689655173,0.891
0.5310344827586208,0.816
0.5844827586206898,0.809
0.6379310344827587,0.774
0.6913793103448277,0.789
0.7448275862068966,0.714
0.7982758620689656,0.755
0.8517241379310345,0.581
0.9051724137931035,0.567
0.9586206896551726,0.465
1.0120689655172415,0.572
1.0655172413793104,0.291
1.1189655172413795,0.355
1.1724137931034484,0.282
1.2258620689655173,0.416
1.2793103448275862,0.280
1.3327586206896553,0.272
1.3862068965517242,0.335
1.4396551724137931,0.372
1.4931034482758623,0.343
1.5465517241379312,0.328
1.6,0.414
0.05,0.988
0.10344827586206898,0.963
0.15689655172413794,0.971
0.21034482758620693,0.934
0.2637931034482759,0.929
0.31724137931034485,0.923
0.3706896551724138,0.915
0.4241379310344828,0.365
0.47758620689655173,0.880
0.5310344827586208,0.843
0.5844827586206898,0.811
0.6379310344827587,0.810
0.6913793103448277,0.789
0.7448275862068966,0.739
0.7982758620689656,0.729
0.8517241379310345,0.582
0.9051724137931035,0.529
0.9586206896551726,0.318
1.0120689655172415,0.422
1.0655172413793104,0.376
1.1189655172413795,0.364
1.1724137931034484,0.379
1.2258620689655173,0.354
1.2793103448275862,0.416
1.3327586206896553,0.369
1.3862068965517242,0.321
1.4396551724137931,0.276
1.4931034482758623,0.302
1.5465517241379312,0.363
1.6,0.295
0.05,0.987
0.10344827586206898,0.978
0.15689655172413794,0.961
0.21034482758620693,0.949
0.2637931034482759,0.924
0.31724137931034485,0.882
0.3706896551724138,0.901
0.4241379310344828,0.922
0.47758620689655173,0.844
0.5310344827586208,0.839
0.5844827586206898,0.834
0.6379310344827587,0.839
0.6913793103448277,0.746
0.7448275862068966,0.570
0.7982758620689656,0.710
0.8517241379310345,0.541
0.9051724137931035,0.468
0.9586206896551726,0.450
1.0120689655172415,0.432
1.0655172413793104,0.421
1.1189655172413795,0.447
1.1724137931034484,0.299
1.2258620689655173,0.430
1.2793103448275862,0.337
1.3327586206896553,0.387
1.3862068965517242,0.309
1.4396551724137931,0.378
1.4931034482758623,0.293
1.5465517241379312,0.295
1.6,0.281
0.05,0.990
0.10344827586206898,0.973
0.15689655172413794,0.961
0.21034482758620693,0.952
0.2637931034482759,0.924
0.31724137931034485,0.906
0.3706896551724138,0.892
0.4241379310344828,0.874
0.47758620689655173,0.876
0.5310344827586208,0.857
0.5844827586206898,0.813
0.6379310344827587,0.818
0.6913793103448277,0.780
0.7448275862068966,0.612
0.7982758620689656,0.669
0.8517241379310345,0.645
0.9051724137931035,0.448
0.9586206896551726,0.378
1.0120689655172415,0.315
1.0655172413793104,0.348
1.1189655172413795,0.522
1.1724137931034484,0.479
1.2258620689655173,0.371
1.2793103448275862,0.330
1.3327586206896553,0.376
1.3862068965517242,0.400
1.4396551724137931,0.278
1.4931034482758623,0.394
1.5465517241379312,0.302
1.6,0.269
0.05,0.984
0.10344827586206898,0.980
0.15689655172413794,0.942
0.21034482758620693,0.942
0.2637931034482759,0.938
0.31724137931034485,0.923
0.3706896551724138,0.870
0.4241379310344828,0.907
0.47758620689655173,0.850
0.5310344827586208,0.880
0.5844827586206898,0.799
0.6379310344827587,0.819
0.6913793103448277,0.796
0.7448275862068966,0.773
0.7982758620689656,0.737
0.8517241379310345,0.747
0.9051724137931035,0.464
0.9586206896551726,0.559
1.0120689655172415,0.392
1.0655172413793104,0.391
1.1189655172413795,0.396
1.1724137931034484,0.327
1.2258620689655173,0.321
1.2793103448275862,0.379
1.3327586206896553,0.306
1.3862068965517242,0.329
1.4396551724137931,0.303
1.4931034482758623,0.303
1.5465517241379312,0.330
1.6,0.351
0.05,0.985
0.10344827586206898,0.972
0.15689655172413794,0.952
0.21034482758620693,0.947
0.2637931034482759,0.928
0.31724137931034485,0.916
0.3706896551724138,0.864
0.4241379310344828,0.891
0.47758620689655173,0.835
0.5310344827586208,0.867
0.5844827586206898,0.790
0.6379310344827587,0.824
0.6913793103448277,0.818
0.7448275862068966,0.738
0.7982758620689656,0.704
0.8517241379310345,0.534
0.9051724137931035,0.550
0.9586206896551726,0.491
1.0120689655172415,0.468
1.0655172413793104,0.388
1.1189655172413795,0.384
1.1724137931034484,0.349
1.2258620689655173,0.336
1.2793103448275862,0.325
1.3327586206896553,0.290
1.3862068965517242,0.353
1.4396551724137931,0.293
1.4931034482758623,0.323
1.5465517241379312,0.329
1.6,0.417
0.05,0.985
0.10344827586206898,0.975
0.15689655172413794,0.959
0.21034482758620693,0.950
0.2637931034482759,0.903
0.31724137931034485,0.903
0.3706896551724138,0.903
0.4241379310344828,0.895
0.47758620689655173,0.853
0.5310344827586208,0.817
0.5844827586206898,0.784
0.6379310344827587,0.823
0.6913793103448277,0.760
0.7448275862068966,0.734
0.7982758620689656,0.478
0.8517241379310345,0.609
0.9051724137931035,0.491
0.9586206896551726,0.414
1.0120689655172415,0.402
1.0655172413793104,0.319
1.1189655172413795,0.319
1.1724137931034484,0.352
1.2258620689655173,0.278
1.2793103448275862,0.349
1.3327586206896553,0.358
1.3862068965517242,0.339
1.4396551724137931,0.290
1.4931034482758623,0.287
1.5465517241379312,0.295
1.6,0.308
0.05,0.987
0.10344827586206898,0.973
0.15689655172413794,0.963
0.21034482758620693,0.949
0.2637931034482759,0.906
0.31724137931034485,0.885
0.3706896551724138,0.893
0.4241379310344828,0.913
0.47758620689655173,0.860
0.5310344827586208,0.876
0.5844827586206898,0.835
0.6379310344827587,0.785
0.6913793103448277,0.835
0.7448275862068966,0.747
0.7982758620689656,0.744
0.8517241379310345,0.731
0.9051724137931035,0.592
0.9586206896551726,0.473
1.0120689655172415,0.379
1.0655172413793104,0.388
1.1189655172413795,0.377
1.1724137931034484,0.262
1.2258620689655173,0.410
1.2793103448275862,0.311
1.3327586206896553,0.328
1.3862068965517242,0.393
1.4396551724137931,0.372
1.4931034482758623,0.377
1.5465517241379312,0.306
1.6,0.376
0.05,0.981
0.10344827586206898,0.975
0.15689655172413794,0.949
0.21034482758620693,0.948
0.2637931034482759,0.924
0.31724137931034485,0.291
0.3706896551724138,0.898
0.4241379310344828,0.881
0.47758620689655173,0.839
0.5310344827586208,0.807
0.5844827586206898,0.855
0.6379310344827587,0.820
0.6913793103448277,0.821
0.7448275862068966,0.780
0.7982758620689656,0.739
0.8517241379310345,0.598
0.9051724137931035,0.435
0.9586206896551726,0.504
1.0120689655172415,0.356
1.0655172413793104,0.424
1.1189655172413795,0.311
1.1724137931034484,0.366
1.2258620689655173,0.371
1.2793103448275862,0.315
1.3327586206896553,0.387
1.3862068965517242,0.295
1.4396551724137931,0.308
1.4931034482758623,0.304
1.5465517241379312,0.305
1.6,0.255
0.05,0.277
0.10344827586206898,0.646
0.15689655172413794,0.963
0.21034482758620693,0.922
0.2637931034482759,0.930
0.31724137931034485,0.901
0.3706896551724138,0.883
0.4241379310344828,0.898
0.47758620689655173,0.894
0.5310344827586208,0.852
0.5844827586206898,0.816
0.6379310344827587,0.784
0.6913793103448277,0.714
0.7448275862068966,0.699
0.7982758620689656,0.613
0.8517241379310345,0.590
0.9051724137931035,0.667
0.9586206896551726,0.334
1.0120689655172415,0.387
1.0655172413793104,0.348
1.1189655172413795,0.459
1.1724137931034484,0.340
1.2258620689655173,0.358
1.2793103448275862,0.271
1.3327586206896553,0.395
1.3862068965517242,0.330
1.4396551724137931,0.339
1.4931034482758623,0.397
1.5465517241379312,0.269
1.6,0.305
0.05,0.986
0.10344827586206898,0.963
0.15689655172413794,0.960
0.21034482758620693,0.963
0.2637931034482759,0.931
0.31724137931034485,0.903
0.3706896551724138,0.897
0.4241379310344828,0.896
0.47758620689655173,0.890
0.5310344827586208,0.833
0.5844827586206898,0.847
0.6379310344827587,0.784
0.6913793103448277,0.820
0.7448275862068966,0.772
0.7982758620689656,0.753
0.8517241379310345,0.570
0.9051724137931035,0.399
0.9586206896551726,0.343
1.0120689655172415,0.495
1.0655172413793104,0.531
1.1189655172413795,0.454
1.1724137931034484,0.412
1.2258620689655173,0.324
1.2793103448275862,0.316
1.3327586206896553,0.343
1.3862068965517242,0.308
1.4396551724137931,0.254
1.4931034482758623,0.292
1.5465517241379312,0.356
1.6,0.289
0.05,0.985
0.10344827586206898,0.975
0.15689655172413794,0.950
0.21034482758620693,0.947
0.2637931034482759,0.608
0.31724137931034485,0.922
0.3706896551724138,0.895
0.4241379310344828,0.889
0.47758620689655173,0.878
0.5310344827586208,0.864
0.5844827586206898,0.786
0.6379310344827587,0.830
0.6913793103448277,0.780
0.7448275862068966,0.707
0.7982758620689656,0.549
0.8517241379310345,0.689
0.9051724137931035,0.342
0.9586206896551726,0.335
1.0120689655172415,0.428
1.0655172413793104,0.374
1.1189655172413795,0.335
1.1724137931034484,0.374
1.2258620689655173,0.281
1.2793103448275862,0.369
1.3327586206896553,0.328
1.3862068965517242,0.328
1.4396551724137931,0.294
1.4931034482758623,0.317
1.5465517241379312,0.339
1.6,0.352
0.05,0.986
0.10344827586206898,0.972
0.15689655172413794,0.969
0.21034482758620693,0.943
0.2637931034482759,0.925
0.31724137931034485,0.927
0.3706896551724138,0.871
0.4241379310344828,0.899
0.47758620689655173,0.882
0.5310344827586208,0.829
0.5844827586206898,0.827
0.6379310344827587,0.770
0.6913793103448277,0.774
0.7448275862068966,0.747
0.7982758620689656,0.682
0.8517241379310345,0.555
0.9051724137931035,0.388
0.9586206896551726,0.419
1.0120689655172415,0.443
1.0655172413793104,0.379
1.1189655172413795,0.368
1.1724137931034484,0.332
1.2258620689655173,0.297
1.2793103448275862,0.281
1.3327586206896553,0.324
1.3862068965517242,0.392
1.4396551724137931,0.330
1.4931034482758623,0.359
1.5465517241379312,0.263
1.6,0.319
0.05,0.984
0.10344827586206898,0.972
0.15689655172413794,0.955
0.21034482758620693,0.959
0.2637931034482759,0.914
0.31724137931034485,0.875
0.3706896551724138,0.904
0.4241379310344828,0.878
0.47758620689655173,0.881
0.5310344827586208,0.834
0.5844827586206898,0.792
0.6379310344827587,0.769
0.6913793103448277,0.776
0.7448275862068966,0.740
0.7982758620689656,0.725
0.8517241379310345,0.586
0.9051724137931035,0.511
0.9586206896551726,0.380
1.0120689655172415,0.419
1.0655172413793104,0.397
1.1189655172413795,0.493
1.1724137931034484,0.339
1.2258620689655173,0.323
1.2793103448275862,0.413
1.3327586206896553,0.329
1.3862068965517242,0.325
1.4396551724137931,0.323
1.4931034482758623,0.301
1.5465517241379312,0.315
1.6,0.378
0.05,0.990
0.10344827586206898,0.965
0.15689655172413794,0.965
0.21034482758620693,0.940
0.2637931034482759,0.918
0.31724137931034485,0.905
0.3706896551724138,0.917
0.4241379310344828,0.888
0.47758620689655173,0.842
0.5310344827586208,0.854
0.5844827586206898,0.823
0.6379310344827587,0.813
0.6913793103448277,0.740
0.7448275862068966,0.704
0.7982758620689656,0.685
0.8517241379310345,0.619
0.9051724137931035,0.592
0.9586206896551726,0.402
1.0120689655172415,0.480
1.0655172413793104,0.464
1.1189655172413795,0.318
1.1724137931034484,0.366
1.2258620689655173,0.271
1.2793103448275862,0.408
1.3327586206896553,0.322
1.3862068965517242,0.296
1.4396551724137931,0.361
1.4931034482758623,0.346
1.5465517241379312,0.319
1.6,0.310
0.05,0.979
0.10344827586206898,0.975
0.15689655172413794,0.939
0.21034482758620693,0.934
0.2637931034482759,0.934
0.31724137931034485,0.920
0.3706896551724138,0.893
0.4241379310344828,0.908
0.47758620689655173,0.852
0.5310344827586208,0.812
0.5844827586206898,0.819
0.6379310344827587,0.842
0.6913793103448277,0.674
0.7448275862068966,0.732
0.7982758620689656,0.703
0.8517241379310345,0.614
0.9051724137931035,0.419
0.9586206896551726,0.577
1.0120689655172415,0.464
1.0655172413793104,0.426
1.1189655172413795,0.287
1.1724137931034484,0.359
1.2258620689655173,0.259
1.2793103448275862,0.467
1.3327586206896553,0.344
1.3862068965517242,0.281
1.4396551724137931,0.357
1.4931034482758623,0.273
1.5465517241379312,0.346
1.6,0.369
0.05,0.986
0.10344827586206898,0.968
0.15689655172413794,0.968
0.21034482758620693,0.937
0.2637931034482759,0.940
0.31724137931034485,0.919
0.3706896551724138,0.922
0.4241379310344828,0.892
0.47758620689655173,0.842
0.5310344827586208,0.872
0.5844827586206898,0.850
0.6379310344827587,0.792
0.6913793103448277,0.776
0.7448275862068966,0.794
0.7982758620689656,0.531
0.8517241379310345,0.657
0.9051724137931035,0.521
0.9586206896551726,0.361
1.0120689655172415,0.481
1.0655172413793104,0.396
1.1189655172413795,0.255
1.1724137931034484,0.335
1.2258620689655173,0.360
1.2793103448275862,0.298
1.3327586206896553,0.318
1.3862068965517242,0.332
1.4396551724137931,0.344
1.4931034482758623,0.290
1.5465517241379312,0.309
1.6,0.333
