#=====================================================
# File created:        Thu-30-Oct-2025-at-12-37-26AM
# Size of lattice:     50x50
# Number of MC steps:  1000
# Reduced temperature: 0.500
# Run time (s):        33.115931
#=====================================================
# MC step:  Ratio:     Energy:   Order:
#=====================================================
   00000    0.5000   -2479.1392  0.2585 
   00001    0.6596   -3827.4225  0.2643 
   00002    0.6140   -4630.5157  0.2504 
   00003    0.5712   -5151.2703  0.2580 
   00004    0.5392   -5499.7423  0.2609 
   00005    0.5308   -5815.4077  0.2653 
   00006    0.5116   -6120.8400  0.2657 
   00007    0.5016   -6391.1763  0.2684 
   00008    0.4920   -6618.8877  0.2702 
   00009    0.4880   -6728.1977  0.2798 
   00010    0.4732   -6875.1463  0.2828 
   00011    0.4660   -7030.9450  0.2800 
   00012    0.4580   -7143.2993  0.2778 
   00013    0.4616   -7210.7971  0.2899 
   00014    0.4544   -7244.2427  0.2947 
   00015    0.4656   -7343.3708  0.2953 
   00016    0.4664   -7443.5439  0.2979 
   00017    0.4456   -7510.1624  0.2999 
   00018    0.4484   -7524.8458  0.3021 
   00019    0.4588   -7596.6065  0.3104 
   00020    0.4532   -7669.9429  0.3143 
   00021    0.4404   -7634.4397  0.3101 
   00022    0.4348   -7690.2996  0.3134 
   00023    0.4184   -7692.8826  0.3095 
   00024    0.4304   -7733.5842  0.3139 
   00025    0.4424   -7740.4483  0.3158 
   00026    0.4656   -7758.4379  0.3214 
   00027    0.4344   -7804.5786  0.3242 
   00028    0.4424   -7848.8070  0.3238 
   00029    0.4312   -7832.6104  0.3252 
   00030    0.4424   -7809.0002  0.3294 
   00031    0.4356   -7877.0839  0.3254 
   00032    0.4216   -7908.5256  0.3267 
   00033    0.4356   -7879.6970  0.3368 
   00034    0.4416   -7946.9205  0.3385 
   00035    0.4508   -7953.1094  0.3412 
   00036    0.4504   -7962.4137  0.3440 
   00037    0.4352   -7990.6900  0.3479 
   00038    0.4288   -8003.1769  0.3488 
   00039    0.4400   -8015.5316  0.3601 
   00040    0.4408   -8095.0278  0.3584 
   00041    0.4356   -8125.6108  0.3562 
   00042    0.4256   -8115.7431  0.3630 
   00043    0.4100   -8128.5749  0.3661 
   00044    0.4164   -8126.8832  0.3678 
   00045    0.4460   -8153.8988  0.3640 
   00046    0.4276   -8146.2125  0.3649 
   00047    0.4364   -8139.3604  0.3616 
   00048    0.4456   -8137.3346  0.3606 
   00049    0.4144   -8146.9936  0.3622 
   00050    0.4208   -8194.6805  0.3694 
   00051    0.4188   -8164.1870  0.3726 
   00052    0.4228   -8177.5107  0.3731 
   00053    0.4132   -8176.5250  0.3734 
   00054    0.4064   -8194.6775  0.3657 
   00055    0.4244   -8208.0424  0.3625 
   00056    0.4196   -8175.9134  0.3606 
   00057    0.4336   -8190.5242  0.3636 
   00058    0.4208   -8222.0955  0.3604 
   00059    0.4088   -8166.0385  0.3642 
   00060    0.4224   -8230.2448  0.3676 
   00061    0.4204   -8236.8318  0.3731 
   00062    0.4160   -8227.1662  0.3770 
   00063    0.4180   -8229.8006  0.3834 
   00064    0.4188   -8194.8858  0.3858 
   00065    0.4296   -8189.8114  0.3900 
   00066    0.4060   -8184.6134  0.3919 
   00067    0.4152   -8191.6369  0.3924 
   00068    0.4264   -8215.8099  0.3936 
   00069    0.4200   -8243.2430  0.3931 
   00070    0.4244   -8268.5555  0.3921 
   00071    0.4184   -8261.7460  0.3941 
   00072    0.4120   -8261.8936  0.3993 
   00073    0.4152   -8244.2653  0.3913 
   00074    0.4216   -8224.5012  0.3855 
   00075    0.4044   -8255.0720  0.3887 
   00076    0.4112   -8257.8611  0.3907 
   00077    0.4116   -8291.1554  0.3898 
   00078    0.4236   -8282.2816  0.3926 
   00079    0.4176   -8255.5284  0.3936 
   00080    0.4248   -8277.5315  0.3957 
   00081    0.4112   -8275.1800  0.3952 
   00082    0.4264   -8329.4795  0.3849 
   00083    0.4052   -8322.9409  0.3882 
   00084    0.4120   -8310.0754  0.3847 
   00085    0.4140   -8295.5396  0.3794 
   00086    0.4032   -8316.2521  0.3849 
   00087    0.4212   -8350.4287  0.3868 
   00088    0.4036   -8338.5864  0.3909 
   00089    0.4260   -8358.6992  0.3971 
   00090    0.4144   -8363.8957  0.3949 
   00091    0.4280   -8350.3887  0.4025 
   00092    0.4048   -8305.0014  0.4031 
   00093    0.4172   -8345.5627  0.4074 
   00094    0.4204   -8369.7955  0.4037 
   00095    0.3908   -8371.5495  0.4020 
   00096    0.4264   -8375.1151  0.4058 
   00097    0.4036   -8393.7391  0.4077 
   00098    0.4212   -8387.5641  0.4080 
   00099    0.3964   -8340.3004  0.4143 
   00100    0.4100   -8343.8382  0.4231 
   00101    0.3996   -8355.4884  0.4238 
   00102    0.4060   -8310.7930  0.4253 
   00103    0.4308   -8345.8569  0.4300 
   00104    0.4028   -8353.2711  0.4297 
   00105    0.4168   -8363.2990  0.4281 
   00106    0.4108   -8392.5022  0.4325 
   00107    0.4144   -8402.2415  0.4312 
   00108    0.4216   -8365.2681  0.4295 
   00109    0.4096   -8391.7185  0.4368 
   00110    0.4160   -8371.7884  0.4336 
   00111    0.4160   -8352.3374  0.4318 
   00112    0.4220   -8377.5807  0.4331 
   00113    0.4176   -8389.8885  0.4289 
   00114    0.4052   -8413.9595  0.4284 
   00115    0.4228   -8445.8432  0.4258 
   00116    0.4292   -8390.8606  0.4220 
   00117    0.4144   -8372.5934  0.4231 
   00118    0.4312   -8376.8906  0.4232 
   00119    0.4168   -8379.0401  0.4240 
   00120    0.4220   -8351.8612  0.4206 
   00121    0.4040   -8375.6347  0.4218 
   00122    0.4056   -8370.4863  0.4252 
   00123    0.4128   -8372.3492  0.4137 
   00124    0.4116   -8389.1999  0.4226 
   00125    0.4100   -8348.7906  0.4271 
   00126    0.4020   -8336.6733  0.4264 
   00127    0.4048   -8335.2083  0.4241 
   00128    0.4124   -8342.6487  0.4221 
   00129    0.3996   -8333.0190  0.4249 
   00130    0.3988   -8348.7660  0.4187 
   00131    0.4224   -8360.5567  0.4198 
   00132    0.4264   -8364.2571  0.4251 
   00133    0.4316   -8416.4864  0.4183 
   00134    0.4320   -8448.0571  0.4196 
   00135    0.4248   -8448.0546  0.4141 
   00136    0.4252   -8431.3302  0.4135 
   00137    0.4164   -8457.4582  0.4109 
   00138    0.4020   -8438.9022  0.4111 
   00139    0.4024   -8468.3367  0.4119 
   00140    0.4140   -8454.1602  0.4126 
   00141    0.4132   -8434.3538  0.4160 
   00142    0.4148   -8465.8576  0.4133 
   00143    0.4132   -8427.2094  0.4144 
   00144    0.4068   -8442.5879  0.4074 
   00145    0.4236   -8442.4006  0.4015 
   00146    0.4184   -8463.3641  0.4032 
   00147    0.3932   -8438.8346  0.4023 
   00148    0.4212   -8410.5437  0.4034 
   00149    0.4144   -8410.3218  0.4032 
   00150    0.4100   -8390.0734  0.4032 
   00151    0.4108   -8450.0811  0.4077 
   00152    0.4076   -8450.8184  0.4171 
   00153    0.4136   -8410.1544  0.4229 
   00154    0.3964   -8421.8281  0.4277 
   00155    0.4152   -8439.2439  0.4294 
   00156    0.4104   -8437.6910  0.4317 
   00157    0.4072   -8424.9316  0.4328 
   00158    0.4012   -8421.2360  0.4336 
   00159    0.4204   -8404.9362  0.4359 
   00160    0.4156   -8378.6472  0.4473 
   00161    0.4208   -8416.5194  0.4469 
   00162    0.4180   -8404.8537  0.4442 
   00163    0.4220   -8428.0309  0.4496 
   00164    0.4276   -8419.5842  0.4456 
   00165    0.4084   -8484.9888  0.4455 
   00166    0.4040   -8434.9872  0.4473 
   00167    0.4404   -8445.2347  0.4538 
   00168    0.4220   -8443.9327  0.4586 
   00169    0.3996   -8458.7120  0.4558 
   00170    0.4180   -8468.6017  0.4577 
   00171    0.4144   -8434.9287  0.4499 
   00172    0.4040   -8423.7659  0.4489 
   00173    0.4100   -8455.8049  0.4500 
   00174    0.4040   -8485.2549  0.4452 
   00175    0.4224   -8495.5724  0.4494 
   00176    0.4048   -8459.6497  0.4500 
   00177    0.4108   -8482.6257  0.4553 
   00178    0.4048   -8458.4500  0.4568 
   00179    0.4160   -8459.9690  0.4587 
   00180    0.4088   -8465.0884  0.4570 
   00181    0.4180   -8451.7236  0.4585 
   00182    0.4204   -8434.8384  0.4569 
   00183    0.4092   -8404.3481  0.4562 
   00184    0.4248   -8435.8686  0.4499 
   00185    0.4184   -8439.8645  0.4538 
   00186    0.4124   -8422.8100  0.4552 
   00187    0.4288   -8437.7664  0.4554 
   00188    0.4052   -8452.1958  0.4550 
   00189    0.4024   -8467.0598  0.4560 
   00190    0.4096   -8470.4105  0.4610 
   00191    0.4220   -8457.4771  0.4584 
   00192    0.4168   -8465.1986  0.4619 
   00193    0.4096   -8467.0694  0.4595 
   00194    0.4120   -8472.3833  0.4574 
   00195    0.4024   -8459.6483  0.4588 
   00196    0.3960   -8454.3547  0.4578 
   00197    0.4064   -8473.1548  0.4544 
   00198    0.4020   -8434.3372  0.4513 
   00199    0.4080   -8392.8553  0.4492 
   00200    0.4080   -8378.8021  0.4482 
   00201    0.4096   -8389.5345  0.4480 
   00202    0.4128   -8360.1878  0.4516 
   00203    0.4080   -8379.4109  0.4509 
   00204    0.4340   -8431.0533  0.4583 
   00205    0.4092   -8439.0655  0.4566 
   00206    0.4220   -8451.5952  0.4556 
   00207    0.4032   -8465.4315  0.4651 
   00208    0.4136   -8475.6650  0.4636 
   00209    0.4076   -8478.1207  0.4633 
   00210    0.4300   -8466.6724  0.4579 
   00211    0.4040   -8404.6070  0.4611 
   00212    0.4016   -8382.1700  0.4630 
   00213    0.4216   -8420.8333  0.4638 
   00214    0.4160   -8419.0578  0.4711 
   00215    0.4028   -8429.5134  0.4741 
   00216    0.4060   -8397.4829  0.4804 
   00217    0.4140   -8423.0731  0.4840 
   00218    0.3972   -8449.1543  0.4916 
   00219    0.4196   -8415.7501  0.4897 
   00220    0.4084   -8410.7520  0.4924 
   00221    0.4208   -8443.2733  0.4866 
   00222    0.4008   -8426.3033  0.4862 
   00223    0.4108   -8385.0316  0.4836 
   00224    0.4188   -8390.9466  0.4905 
   00225    0.4124   -8405.0282  0.4860 
   00226    0.4248   -8447.9284  0.4914 
   00227    0.4172   -8425.4631  0.4858 
   00228    0.4016   -8437.0763  0.4826 
   00229    0.4104   -8442.0367  0.4854 
   00230    0.4200   -8436.8626  0.4870 
   00231    0.4188   -8436.0219  0.4894 
   00232    0.4184   -8408.5116  0.4915 
   00233    0.4252   -8468.6871  0.4937 
   00234    0.4244   -8480.9173  0.4953 
   00235    0.4028   -8461.1990  0.4973 
   00236    0.4136   -8462.8146  0.4958 
   00237    0.4292   -8445.3512  0.4927 
   00238    0.4060   -8461.1306  0.4882 
   00239    0.4116   -8447.5607  0.4923 
   00240    0.4180   -8458.5282  0.4951 
   00241    0.4084   -8437.2495  0.4941 
   00242    0.4184   -8474.7345  0.4985 
   00243    0.4272   -8456.6499  0.4981 
   00244    0.4012   -8453.3950  0.4925 
   00245    0.4280   -8485.1999  0.4925 
   00246    0.4092   -8466.9201  0.4926 
   00247    0.4196   -8473.1750  0.4913 
   00248    0.4096   -8485.7251  0.4893 
   00249    0.4084   -8530.9374  0.4931 
   00250    0.4140   -8551.4205  0.4993 
   00251    0.3868   -8524.7044  0.5025 
   00252    0.4052   -8534.1414  0.5062 
   00253    0.4064   -8525.1852  0.5158 
   00254    0.3928   -8500.0384  0.5129 
   00255    0.4016   -8469.3685  0.5114 
   00256    0.4104   -8477.3768  0.5128 
   00257    0.4112   -8532.3363  0.5207 
   00258    0.3960   -8514.2222  0.5238 
   00259    0.4088   -8469.2252  0.5285 
   00260    0.4212   -8474.7937  0.5311 
   00261    0.4160   -8478.6094  0.5291 
   00262    0.4272   -8496.1176  0.5302 
   00263    0.3968   -8502.8182  0.5326 
   00264    0.3956   -8522.2932  0.5319 
   00265    0.4068   -8525.4920  0.5356 
   00266    0.4044   -8515.6514  0.5338 
   00267    0.4044   -8473.4430  0.5292 
   00268    0.4016   -8506.7333  0.5253 
   00269    0.4156   -8494.0675  0.5303 
   00270    0.4260   -8500.2659  0.5334 
   00271    0.4092   -8504.9280  0.5335 
   00272    0.4072   -8483.3924  0.5297 
   00273    0.3896   -8459.9411  0.5362 
   00274    0.4084   -8444.2205  0.5376 
   00275    0.4196   -8465.3715  0.5335 
   00276    0.4072   -8465.6370  0.5359 
   00277    0.4040   -8426.2621  0.5360 
   00278    0.4176   -8457.0629  0.5336 
   00279    0.3912   -8479.3289  0.5312 
   00280    0.4136   -8502.5424  0.5333 
   00281    0.4080   -8481.1149  0.5403 
   00282    0.4212   -8537.6365  0.5430 
   00283    0.4164   -8513.7263  0.5459 
   00284    0.4144   -8508.0604  0.5468 
   00285    0.3832   -8493.2961  0.5444 
   00286    0.4036   -8482.9193  0.5433 
   00287    0.4104   -8513.4242  0.5402 
   00288    0.3960   -8493.2401  0.5367 
   00289    0.4088   -8523.7545  0.5451 
   00290    0.4004   -8529.8873  0.5512 
   00291    0.4160   -8558.5606  0.5487 
   00292    0.4152   -8503.3073  0.5474 
   00293    0.4180   -8476.4149  0.5474 
   00294    0.4112   -8484.7054  0.5465 
   00295    0.4088   -8481.3512  0.5508 
   00296    0.4016   -8498.2071  0.5471 
   00297    0.4220   -8561.8259  0.5527 
   00298    0.4228   -8569.3728  0.5543 
   00299    0.4100   -8566.6854  0.5510 
   00300    0.4120   -8559.7066  0.5506 
   00301    0.4040   -8507.3520  0.5442 
   00302    0.4028   -8495.8832  0.5402 
   00303    0.4072   -8449.9028  0.5375 
   00304    0.4144   -8505.8567  0.5455 
   00305    0.4100   -8486.6551  0.5442 
   00306    0.4056   -8495.6583  0.5404 
   00307    0.4148   -8515.9993  0.5443 
   00308    0.4056   -8521.8936  0.5475 
   00309    0.4112   -8534.3795  0.5520 
   00310    0.4016   -8542.3085  0.5494 
   00311    0.4056   -8578.6231  0.5533 
   00312    0.4020   -8546.8731  0.5523 
   00313    0.3856   -8538.4587  0.5491 
   00314    0.4076   -8561.0012  0.5475 
   00315    0.4000   -8554.8905  0.5456 
   00316    0.4248   -8533.8599  0.5437 
   00317    0.3948   -8579.7255  0.5456 
   00318    0.4184   -8544.6106  0.5424 
   00319    0.3948   -8572.0317  0.5427 
   00320    0.4216   -8518.5567  0.5393 
   00321    0.4084   -8525.2502  0.5385 
   00322    0.4112   -8519.4035  0.5400 
   00323    0.4124   -8510.0871  0.5414 
   00324    0.3944   -8510.7720  0.5434 
   00325    0.4152   -8499.8593  0.5457 
   00326    0.4124   -8512.2835  0.5430 
   00327    0.4088   -8542.2034  0.5416 
   00328    0.4212   -8510.5370  0.5416 
   00329    0.4164   -8518.0716  0.5422 
   00330    0.4068   -8572.5889  0.5379 
   00331    0.4212   -8531.3250  0.5355 
   00332    0.4208   -8509.3473  0.5391 
   00333    0.4348   -8527.1114  0.5455 
   00334    0.4124   -8500.7061  0.5394 
   00335    0.3988   -8535.6908  0.5365 
   00336    0.3996   -8515.1810  0.5353 
   00337    0.4008   -8492.0814  0.5299 
   00338    0.4040   -8518.8412  0.5347 
   00339    0.4064   -8524.2498  0.5322 
   00340    0.4012   -8550.0179  0.5403 
   00341    0.4104   -8538.5592  0.5417 
   00342    0.4020   -8509.8990  0.5392 
   00343    0.4092   -8504.6476  0.5394 
   00344    0.4124   -8511.5995  0.5443 
   00345    0.4092   -8506.7783  0.5427 
   00346    0.4168   -8522.5226  0.5417 
   00347    0.4008   -8492.4994  0.5482 
   00348    0.4068   -8481.1789  0.5465 
   00349    0.4212   -8515.9675  0.5482 
   00350    0.4108   -8513.2387  0.5565 
   00351    0.3948   -8434.5403  0.5510 
   00352    0.4300   -8483.8975  0.5566 
   00353    0.4224   -8507.3461  0.5583 
   00354    0.4024   -8557.1832  0.5587 
   00355    0.4076   -8527.3191  0.5614 
   00356    0.4112   -8555.9319  0.5612 
   00357    0.4184   -8521.4475  0.5632 
   00358    0.4076   -8504.3132  0.5640 
   00359    0.4020   -8516.9635  0.5697 
   00360    0.4176   -8498.6817  0.5620 
   00361    0.4112   -8538.6210  0.5654 
   00362    0.4136   -8534.9407  0.5607 
   00363    0.4136   -8542.8116  0.5619 
   00364    0.4040   -8583.7923  0.5626 
   00365    0.4004   -8583.7106  0.5638 
   00366    0.4160   -8561.8783  0.5590 
   00367    0.4120   -8531.3346  0.5597 
   00368    0.4204   -8542.7671  0.5611 
   00369    0.4268   -8546.9705  0.5582 
   00370    0.4120   -8533.6971  0.5604 
   00371    0.4036   -8527.3354  0.5664 
   00372    0.4248   -8517.6125  0.5691 
   00373    0.4220   -8517.8060  0.5632 
   00374    0.4168   -8492.7976  0.5594 
   00375    0.4272   -8507.1126  0.5573 
   00376    0.4180   -8518.8758  0.5632 
   00377    0.4020   -8518.8318  0.5629 
   00378    0.4076   -8535.7921  0.5692 
   00379    0.4044   -8527.1284  0.5672 
   00380    0.4136   -8537.5822  0.5622 
   00381    0.3944   -8540.8993  0.5653 
   00382    0.3968   -8505.8003  0.5625 
   00383    0.4080   -8495.9091  0.5601 
   00384    0.4292   -8522.5187  0.5608 
   00385    0.4256   -8507.6050  0.5578 
   00386    0.4152   -8509.8478  0.5597 
   00387    0.4176   -8508.9053  0.5556 
   00388    0.4072   -8523.9171  0.5588 
   00389    0.3964   -8547.1811  0.5638 
   00390    0.4084   -8555.6407  0.5627 
   00391    0.4076   -8574.0726  0.5691 
   00392    0.4212   -8564.4503  0.5678 
   00393    0.4116   -8550.8855  0.5686 
   00394    0.3980   -8526.5806  0.5638 
   00395    0.4000   -8503.1304  0.5594 
   00396    0.4192   -8508.9477  0.5628 
   00397    0.4088   -8528.8802  0.5626 
   00398    0.4128   -8484.7640  0.5608 
   00399    0.4220   -8517.0633  0.5625 
   00400    0.4056   -8487.3050  0.5668 
   00401    0.4136   -8520.8911  0.5647 
   00402    0.4164   -8524.1144  0.5615 
   00403    0.4288   -8545.3649  0.5644 
   00404    0.4048   -8490.6580  0.5599 
   00405    0.4084   -8532.7994  0.5690 
   00406    0.4020   -8554.1179  0.5691 
   00407    0.4152   -8575.8233  0.5677 
   00408    0.4160   -8531.6416  0.5677 
   00409    0.3936   -8511.5251  0.5642 
   00410    0.4152   -8518.5266  0.5678 
   00411    0.4036   -8527.1339  0.5717 
   00412    0.4016   -8536.4074  0.5720 
   00413    0.3908   -8566.5435  0.5725 
   00414    0.4116   -8568.2551  0.5691 
   00415    0.4172   -8542.1442  0.5694 
   00416    0.4164   -8581.9656  0.5693 
   00417    0.3912   -8574.3738  0.5713 
   00418    0.3912   -8578.6276  0.5704 
   00419    0.4032   -8568.6044  0.5705 
   00420    0.3976   -8597.8437  0.5691 
   00421    0.3932   -8571.0904  0.5721 
   00422    0.3920   -8561.1092  0.5702 
   00423    0.3996   -8552.8317  0.5669 
   00424    0.3964   -8590.2848  0.5647 
   00425    0.3904   -8594.9948  0.5640 
   00426    0.4144   -8571.8296  0.5678 
   00427    0.4160   -8593.1478  0.5754 
   00428    0.4184   -8605.7962  0.5753 
   00429    0.4064   -8626.0682  0.5775 
   00430    0.4104   -8591.5064  0.5785 
   00431    0.3968   -8582.4164  0.5788 
   00432    0.4056   -8529.0300  0.5806 
   00433    0.4028   -8573.5415  0.5838 
   00434    0.3960   -8576.4430  0.5855 
   00435    0.4184   -8558.1722  0.5854 
   00436    0.4116   -8554.4822  0.5876 
   00437    0.4024   -8537.4009  0.5845 
   00438    0.4076   -8487.7512  0.5893 
   00439    0.4280   -8477.2430  0.5943 
   00440    0.4152   -8484.2472  0.5949 
   00441    0.4000   -8488.6850  0.5968 
   00442    0.4016   -8515.3201  0.5945 
   00443    0.4072   -8526.6893  0.5959 
   00444    0.3856   -8549.6251  0.5977 
   00445    0.4148   -8528.9325  0.5956 
   00446    0.4120   -8523.1193  0.5899 
   00447    0.4056   -8533.9119  0.5875 
   00448    0.3992   -8558.9953  0.5898 
   00449    0.3996   -8564.0038  0.5887 
   00450    0.3968   -8552.1515  0.5893 
   00451    0.4040   -8557.2771  0.5898 
   00452    0.4164   -8571.9055  0.5947 
   00453    0.4140   -8546.4408  0.5901 
   00454    0.4200   -8518.6675  0.5893 
   00455    0.4020   -8519.0432  0.5899 
   00456    0.4176   -8493.1289  0.5946 
   00457    0.4204   -8488.4452  0.6025 
   00458    0.4260   -8528.7799  0.5991 
   00459    0.3924   -8544.8321  0.5914 
   00460    0.4048   -8488.5325  0.5925 
   00461    0.4116   -8503.4496  0.5898 
   00462    0.4136   -8468.8052  0.5945 
   00463    0.4188   -8480.9339  0.5963 
   00464    0.4200   -8511.3333  0.5999 
   00465    0.4028   -8532.1599  0.5998 
   00466    0.4024   -8511.7250  0.5957 
   00467    0.3960   -8519.3644  0.5985 
   00468    0.4112   -8507.0917  0.5962 
   00469    0.4024   -8499.3486  0.5980 
   00470    0.3988   -8505.5584  0.5995 
   00471    0.4244   -8522.4845  0.6001 
   00472    0.4092   -8525.3674  0.6023 
   00473    0.4052   -8516.0483  0.5982 
   00474    0.3996   -8532.7455  0.5977 
   00475    0.4112   -8547.9084  0.5947 
   00476    0.4160   -8577.5189  0.5889 
   00477    0.4044   -8550.2833  0.5905 
   00478    0.4188   -8528.8160  0.5894 
   00479    0.4124   -8554.8911  0.5913 
   00480    0.3864   -8543.3025  0.5884 
   00481    0.4088   -8544.1869  0.5874 
   00482    0.4056   -8524.7539  0.5880 
   00483    0.4172   -8521.7178  0.5806 
   00484    0.3896   -8478.1565  0.5861 
   00485    0.4068   -8534.8388  0.5946 
   00486    0.3936   -8542.7493  0.5895 
   00487    0.4212   -8560.3039  0.5864 
   00488    0.4104   -8543.0736  0.5900 
   00489    0.3936   -8568.7815  0.5911 
   00490    0.4076   -8573.0905  0.5919 
   00491    0.4124   -8534.9793  0.5848 
   00492    0.4124   -8514.8231  0.5860 
   00493    0.4044   -8512.6763  0.5850 
   00494    0.4108   -8507.7109  0.5860 
   00495    0.4128   -8554.3900  0.5879 
   00496    0.4016   -8566.2615  0.5853 
   00497    0.4104   -8601.8299  0.5926 
   00498    0.3860   -8535.2617  0.5923 
   00499    0.3932   -8499.3411  0.5963 
   00500    0.4112   -8505.0756  0.5975 
   00501    0.4124   -8525.7525  0.6059 
   00502    0.4100   -8517.7672  0.6101 
   00503    0.3832   -8500.1362  0.6070 
   00504    0.4056   -8535.2840  0.6060 
   00505    0.4212   -8535.2424  0.6027 
   00506    0.4208   -8495.8143  0.5976 
   00507    0.4240   -8511.4243  0.5957 
   00508    0.4032   -8475.4566  0.5959 
   00509    0.4264   -8502.0376  0.5959 
   00510    0.4192   -8548.6026  0.5989 
   00511    0.4140   -8530.6430  0.5965 
   00512    0.4084   -8514.8564  0.5951 
   00513    0.3960   -8478.8346  0.5942 
   00514    0.3976   -8527.2691  0.5958 
   00515    0.4116   -8564.7472  0.5987 
   00516    0.4100   -8544.0734  0.6022 
   00517    0.4076   -8579.4512  0.6006 
   00518    0.4008   -8599.2891  0.6040 
   00519    0.4084   -8607.1923  0.6046 
   00520    0.4056   -8620.2651  0.6025 
   00521    0.4020   -8600.6301  0.6039 
   00522    0.4084   -8562.7396  0.6016 
   00523    0.4028   -8565.4024  0.5929 
   00524    0.3936   -8539.3868  0.5937 
   00525    0.4064   -8545.4976  0.6022 
   00526    0.3940   -8576.0802  0.5995 
   00527    0.3964   -8555.6072  0.6003 
   00528    0.4104   -8531.4892  0.6044 
   00529    0.4096   -8572.6239  0.6046 
   00530    0.4264   -8538.5127  0.6023 
   00531    0.3996   -8552.9486  0.5993 
   00532    0.4212   -8507.1923  0.6012 
   00533    0.3928   -8518.5686  0.5944 
   00534    0.4260   -8558.0566  0.5909 
   00535    0.4012   -8550.2199  0.5918 
   00536    0.3948   -8573.9982  0.5915 
   00537    0.4100   -8517.4924  0.5945 
   00538    0.3972   -8527.0578  0.5960 
   00539    0.4100   -8533.4119  0.6002 
   00540    0.4036   -8502.0132  0.5976 
   00541    0.3984   -8557.8607  0.5972 
   00542    0.4208   -8576.1541  0.6021 
   00543    0.4072   -8580.4004  0.6074 
   00544    0.4136   -8579.2581  0.6097 
   00545    0.4236   -8550.8211  0.6097 
   00546    0.4036   -8531.3109  0.6115 
   00547    0.4052   -8558.5866  0.6115 
   00548    0.4144   -8581.1953  0.6181 
   00549    0.4096   -8553.1093  0.6194 
   00550    0.4124   -8586.2501  0.6230 
   00551    0.4080   -8589.2941  0.6202 
   00552    0.4056   -8563.6524  0.6232 
   00553    0.3936   -8557.3523  0.6198 
   00554    0.4060   -8539.7305  0.6213 
   00555    0.4192   -8536.3498  0.6228 
   00556    0.3952   -8558.0543  0.6190 
   00557    0.4052   -8538.1453  0.6146 
   00558    0.4104   -8557.6102  0.6192 
   00559    0.4212   -8586.1474  0.6235 
   00560    0.4096   -8604.9158  0.6234 
   00561    0.4184   -8592.7412  0.6206 
   00562    0.3992   -8564.8169  0.6232 
   00563    0.3996   -8588.2804  0.6284 
   00564    0.4068   -8554.3414  0.6243 
   00565    0.4240   -8525.7671  0.6236 
   00566    0.4312   -8499.4876  0.6171 
   00567    0.4148   -8486.6636  0.6148 
   00568    0.4156   -8529.5972  0.6135 
   00569    0.4088   -8529.8984  0.6092 
   00570    0.3912   -8544.2594  0.6119 
   00571    0.3952   -8557.6851  0.6101 
   00572    0.4120   -8563.7627  0.6076 
   00573    0.4008   -8586.0380  0.6077 
   00574    0.4068   -8597.9327  0.6050 
   00575    0.3948   -8555.9940  0.6032 
   00576    0.3992   -8573.5782  0.6030 
   00577    0.3960   -8542.8307  0.6035 
   00578    0.4088   -8584.7769  0.6043 
   00579    0.4052   -8557.5259  0.6044 
   00580    0.4092   -8607.9768  0.6049 
   00581    0.4056   -8566.2582  0.6083 
   00582    0.4160   -8591.5139  0.6060 
   00583    0.4040   -8585.9050  0.6030 
   00584    0.4064   -8582.1919  0.6053 
   00585    0.4128   -8555.9947  0.6097 
   00586    0.4112   -8559.3185  0.6095 
   00587    0.4164   -8542.8751  0.6137 
   00588    0.4204   -8551.4258  0.6120 
   00589    0.4016   -8557.5772  0.6064 
   00590    0.4060   -8571.9737  0.6098 
   00591    0.4056   -8575.7784  0.6077 
   00592    0.4040   -8600.1110  0.6106 
   00593    0.3976   -8558.3023  0.6093 
   00594    0.4164   -8537.7520  0.6131 
   00595    0.4128   -8523.8927  0.6053 
   00596    0.4068   -8521.4079  0.6007 
   00597    0.4024   -8571.2984  0.6077 
   00598    0.4076   -8552.4817  0.6134 
   00599    0.4192   -8533.7845  0.6098 
   00600    0.4148   -8564.3867  0.6090 
   00601    0.4072   -8576.2617  0.6185 
   00602    0.4092   -8566.9049  0.6171 
   00603    0.4028   -8528.8951  0.6170 
   00604    0.4016   -8569.8138  0.6180 
   00605    0.4136   -8544.1172  0.6157 
   00606    0.4172   -8543.7717  0.6148 
   00607    0.4052   -8592.8093  0.6131 
   00608    0.4120   -8530.7665  0.6103 
   00609    0.4172   -8555.4805  0.6147 
   00610    0.3916   -8525.4993  0.6123 
   00611    0.4084   -8561.1309  0.6117 
   00612    0.4016   -8600.6598  0.6160 
   00613    0.3900   -8575.7224  0.6176 
   00614    0.4108   -8563.3159  0.6151 
   00615    0.4096   -8568.4186  0.6171 
   00616    0.4132   -8569.1833  0.6182 
   00617    0.4220   -8577.5109  0.6139 
   00618    0.4004   -8576.8292  0.6149 
   00619    0.4180   -8578.7855  0.6145 
   00620    0.4208   -8594.4425  0.6128 
   00621    0.4096   -8548.7307  0.6129 
   00622    0.4120   -8531.0088  0.6108 
   00623    0.4244   -8502.2002  0.6045 
   00624    0.4068   -8483.3129  0.6085 
   00625    0.4296   -8543.4021  0.6094 
   00626    0.4112   -8527.1698  0.6039 
   00627    0.4032   -8550.9404  0.6035 
   00628    0.4132   -8582.3470  0.6010 
   00629    0.3904   -8551.4138  0.6003 
   00630    0.3884   -8532.5882  0.5965 
   00631    0.3996   -8531.8967  0.5997 
   00632    0.4068   -8550.2055  0.5990 
   00633    0.4032   -8533.0234  0.5933 
   00634    0.4044   -8526.6570  0.5911 
   00635    0.4068   -8533.2655  0.5926 
   00636    0.4088   -8553.8527  0.5960 
   00637    0.4016   -8563.9664  0.6015 
   00638    0.3992   -8535.8952  0.6023 
   00639    0.3924   -8534.2964  0.6005 
   00640    0.3996   -8525.9261  0.6048 
   00641    0.3852   -8504.9864  0.6051 
   00642    0.4016   -8522.3788  0.6025 
   00643    0.4264   -8502.9764  0.6009 
   00644    0.4272   -8510.5268  0.5994 
   00645    0.4004   -8482.9605  0.6029 
   00646    0.4080   -8508.1642  0.6029 
   00647    0.4196   -8516.0160  0.6049 
   00648    0.4064   -8532.1819  0.6113 
   00649    0.4000   -8559.7408  0.6088 
   00650    0.4040   -8568.1632  0.6099 
   00651    0.4068   -8557.7125  0.6138 
   00652    0.4128   -8500.9966  0.6187 
   00653    0.4036   -8504.2048  0.6215 
   00654    0.4224   -8575.5449  0.6244 
   00655    0.4136   -8593.3519  0.6270 
   00656    0.3984   -8549.5250  0.6263 
   00657    0.4268   -8527.8848  0.6280 
   00658    0.3856   -8506.8039  0.6304 
   00659    0.4184   -8552.8385  0.6337 
   00660    0.4116   -8589.2062  0.6315 
   00661    0.3932   -8562.8744  0.6278 
   00662    0.4036   -8534.7302  0.6212 
   00663    0.4292   -8570.8988  0.6195 
   00664    0.4076   -8549.9363  0.6164 
   00665    0.4344   -8564.1162  0.6178 
   00666    0.4148   -8554.8230  0.6220 
   00667    0.4240   -8521.3562  0.6144 
   00668    0.3836   -8541.8253  0.6129 
   00669    0.4040   -8542.7281  0.6076 
   00670    0.3968   -8532.1514  0.6093 
   00671    0.4016   -8508.5335  0.6059 
   00672    0.4156   -8531.1438  0.6053 
   00673    0.4052   -8553.8958  0.6093 
   00674    0.4060   -8529.3670  0.6074 
   00675    0.3880   -8543.5016  0.6085 
   00676    0.3968   -8507.8759  0.6055 
   00677    0.4100   -8514.6329  0.6116 
   00678    0.4252   -8557.2884  0.6116 
   00679    0.4048   -8535.5661  0.6116 
   00680    0.4200   -8541.6435  0.6172 
   00681    0.3988   -8520.3260  0.6178 
   00682    0.4040   -8578.1447  0.6199 
   00683    0.3888   -8580.6468  0.6205 
   00684    0.4160   -8559.7567  0.6234 
   00685    0.4020   -8596.9348  0.6268 
   00686    0.4112   -8597.4794  0.6347 
   00687    0.4256   -8618.8303  0.6356 
   00688    0.4152   -8542.7705  0.6358 
   00689    0.3988   -8559.6601  0.6380 
   00690    0.4064   -8612.5644  0.6448 
   00691    0.3872   -8586.2991  0.6420 
   00692    0.4076   -8552.2502  0.6362 
   00693    0.4148   -8597.7317  0.6340 
   00694    0.4008   -8584.2598  0.6356 
   00695    0.4116   -8576.8885  0.6358 
   00696    0.4248   -8565.1760  0.6409 
   00697    0.4140   -8508.7429  0.6347 
   00698    0.4172   -8551.6086  0.6299 
   00699    0.4232   -8517.8072  0.6280 
   00700    0.4044   -8514.1481  0.6242 
   00701    0.4176   -8496.2995  0.6227 
   00702    0.4120   -8536.3397  0.6225 
   00703    0.4040   -8530.3820  0.6272 
   00704    0.3912   -8544.5796  0.6261 
   00705    0.3948   -8558.4659  0.6308 
   00706    0.4016   -8535.2353  0.6314 
   00707    0.4160   -8549.5721  0.6346 
   00708    0.4112   -8554.5435  0.6345 
   00709    0.4276   -8557.4907  0.6320 
   00710    0.4192   -8586.4358  0.6337 
   00711    0.4156   -8572.8772  0.6340 
   00712    0.4104   -8588.4189  0.6341 
   00713    0.4076   -8597.9315  0.6388 
   00714    0.4064   -8584.0997  0.6337 
   00715    0.3940   -8610.4660  0.6329 
   00716    0.4032   -8585.7611  0.6323 
   00717    0.4024   -8590.1945  0.6318 
   00718    0.3936   -8556.9201  0.6279 
   00719    0.4160   -8578.2388  0.6263 
   00720    0.4132   -8599.2675  0.6353 
   00721    0.4128   -8620.1686  0.6397 
   00722    0.3972   -8623.7984  0.6369 
   00723    0.4080   -8617.3679  0.6396 
   00724    0.4088   -8622.3813  0.6378 
   00725    0.4136   -8612.1551  0.6373 
   00726    0.4152   -8604.5757  0.6419 
   00727    0.3976   -8554.3018  0.6417 
   00728    0.4012   -8592.1802  0.6465 
   00729    0.4248   -8646.6153  0.6489 
   00730    0.4116   -8606.4644  0.6441 
   00731    0.4112   -8610.2653  0.6426 
   00732    0.4156   -8587.0202  0.6379 
   00733    0.4048   -8637.5673  0.6389 
   00734    0.3932   -8594.5880  0.6326 
   00735    0.4060   -8578.9370  0.6321 
   00736    0.4012   -8591.3882  0.6335 
   00737    0.3952   -8578.0047  0.6374 
   00738    0.4252   -8602.7082  0.6408 
   00739    0.4116   -8600.4081  0.6427 
   00740    0.4096   -8608.6739  0.6455 
   00741    0.4192   -8618.2664  0.6521 
   00742    0.4220   -8672.0088  0.6547 
   00743    0.4028   -8645.4959  0.6589 
   00744    0.4032   -8653.0105  0.6594 
   00745    0.4196   -8619.5667  0.6542 
   00746    0.4228   -8613.0214  0.6545 
   00747    0.4064   -8630.1487  0.6587 
   00748    0.3988   -8609.8864  0.6531 
   00749    0.4012   -8566.8216  0.6532 
   00750    0.3916   -8587.7961  0.6448 
   00751    0.4124   -8591.0180  0.6446 
   00752    0.4084   -8610.1732  0.6469 
   00753    0.4072   -8596.0539  0.6502 
   00754    0.4256   -8610.3789  0.6485 
   00755    0.4088   -8607.4189  0.6424 
   00756    0.3892   -8588.1800  0.6375 
   00757    0.3996   -8560.2295  0.6322 
   00758    0.4036   -8593.2809  0.6334 
   00759    0.4152   -8603.7182  0.6336 
   00760    0.3960   -8605.7569  0.6293 
   00761    0.4144   -8616.9576  0.6258 
   00762    0.3884   -8647.5729  0.6251 
   00763    0.4192   -8627.2805  0.6205 
   00764    0.4268   -8636.4655  0.6181 
   00765    0.4092   -8604.2345  0.6124 
   00766    0.4048   -8598.1460  0.6152 
   00767    0.3916   -8601.9306  0.6177 
   00768    0.4036   -8597.1864  0.6164 
   00769    0.4088   -8616.1766  0.6224 
   00770    0.4036   -8625.8651  0.6173 
   00771    0.4132   -8596.9335  0.6125 
   00772    0.4024   -8608.2129  0.6142 
   00773    0.4116   -8598.6316  0.6100 
   00774    0.3912   -8594.4570  0.6120 
   00775    0.4096   -8563.6402  0.6092 
   00776    0.4064   -8615.1977  0.6151 
   00777    0.4088   -8622.6518  0.6170 
   00778    0.4156   -8613.0974  0.6061 
   00779    0.3984   -8539.1413  0.6071 
   00780    0.4016   -8575.4028  0.5987 
   00781    0.3856   -8538.6631  0.6061 
   00782    0.3984   -8579.7897  0.6019 
   00783    0.4116   -8579.6886  0.6054 
   00784    0.4112   -8528.7124  0.6025 
   00785    0.4004   -8517.4232  0.6029 
   00786    0.4128   -8547.1045  0.6098 
   00787    0.4032   -8545.4410  0.6097 
   00788    0.4012   -8538.9365  0.6128 
   00789    0.4100   -8554.7052  0.6114 
   00790    0.4000   -8571.5046  0.6131 
   00791    0.4088   -8560.7313  0.6121 
   00792    0.4132   -8583.3069  0.6084 
   00793    0.4064   -8548.8448  0.6100 
   00794    0.3992   -8563.0415  0.6069 
   00795    0.4164   -8556.4445  0.6122 
   00796    0.4172   -8574.7474  0.6163 
   00797    0.4168   -8558.7204  0.6171 
   00798    0.4116   -8583.7451  0.6195 
   00799    0.4152   -8554.2904  0.6204 
   00800    0.4132   -8521.8472  0.6207 
   00801    0.3996   -8537.0372  0.6190 
   00802    0.4024   -8557.9149  0.6254 
   00803    0.4212   -8546.8916  0.6290 
   00804    0.4016   -8532.1188  0.6282 
   00805    0.4068   -8517.8739  0.6262 
   00806    0.4028   -8545.4626  0.6319 
   00807    0.4048   -8551.3225  0.6340 
   00808    0.3988   -8545.1649  0.6342 
   00809    0.3972   -8523.8147  0.6279 
   00810    0.4068   -8524.7221  0.6236 
   00811    0.4072   -8510.2111  0.6268 
   00812    0.4016   -8514.5380  0.6260 
   00813    0.3992   -8520.7424  0.6271 
   00814    0.4052   -8472.1410  0.6243 
   00815    0.3996   -8474.1966  0.6273 
   00816    0.4108   -8490.2322  0.6298 
   00817    0.4096   -8530.9252  0.6321 
   00818    0.3888   -8558.1021  0.6333 
   00819    0.4004   -8523.6908  0.6292 
   00820    0.4052   -8487.5607  0.6260 
   00821    0.4176   -8493.7629  0.6227 
   00822    0.4072   -8505.3784  0.6227 
   00823    0.4052   -8513.3452  0.6244 
   00824    0.3912   -8510.7327  0.6257 
   00825    0.4096   -8544.5393  0.6329 
   00826    0.4132   -8580.4316  0.6292 
   00827    0.4032   -8580.6146  0.6216 
   00828    0.4152   -8528.8661  0.6144 
   00829    0.4064   -8505.9812  0.6188 
   00830    0.3900   -8536.8859  0.6164 
   00831    0.4196   -8560.9016  0.6115 
   00832    0.4220   -8536.4359  0.6164 
   00833    0.4124   -8503.7727  0.6176 
   00834    0.4064   -8498.6104  0.6167 
   00835    0.3912   -8493.2799  0.6207 
   00836    0.4068   -8520.2795  0.6238 
   00837    0.4124   -8542.7906  0.6266 
   00838    0.4068   -8554.7404  0.6254 
   00839    0.4120   -8559.9909  0.6250 
   00840    0.4040   -8548.3697  0.6272 
   00841    0.4160   -8551.6491  0.6274 
   00842    0.3968   -8525.6721  0.6292 
   00843    0.4196   -8544.7581  0.6375 
   00844    0.4024   -8536.8124  0.6375 
   00845    0.4092   -8553.6267  0.6367 
   00846    0.4364   -8566.2301  0.6443 
   00847    0.4016   -8584.4757  0.6431 
   00848    0.4004   -8589.2354  0.6426 
   00849    0.4156   -8546.6963  0.6414 
   00850    0.4020   -8567.5025  0.6399 
   00851    0.4140   -8572.3911  0.6369 
   00852    0.4152   -8557.7316  0.6334 
   00853    0.4116   -8594.0736  0.6307 
   00854    0.4204   -8556.9389  0.6291 
   00855    0.4056   -8560.4549  0.6282 
   00856    0.4172   -8531.3569  0.6247 
   00857    0.4188   -8572.4853  0.6294 
   00858    0.4068   -8607.7294  0.6343 
   00859    0.4156   -8610.0069  0.6380 
   00860    0.4088   -8602.2356  0.6397 
   00861    0.4104   -8575.5370  0.6380 
   00862    0.4048   -8578.5562  0.6407 
   00863    0.4100   -8584.2319  0.6398 
   00864    0.4140   -8563.1845  0.6382 
   00865    0.4088   -8586.6869  0.6389 
   00866    0.4064   -8600.1781  0.6428 
   00867    0.4188   -8603.0367  0.6409 
   00868    0.4160   -8616.1966  0.6390 
   00869    0.4164   -8606.3019  0.6382 
   00870    0.4020   -8593.2002  0.6319 
   00871    0.3916   -8593.3136  0.6325 
   00872    0.4032   -8614.9935  0.6313 
   00873    0.3920   -8585.4024  0.6277 
   00874    0.4112   -8612.3443  0.6343 
   00875    0.4064   -8617.2323  0.6346 
   00876    0.4040   -8589.2779  0.6307 
   00877    0.4056   -8592.3856  0.6348 
   00878    0.4108   -8596.2607  0.6321 
   00879    0.4176   -8651.4466  0.6382 
   00880    0.4164   -8656.6472  0.6425 
   00881    0.4044   -8612.9843  0.6380 
   00882    0.3904   -8615.3982  0.6444 
   00883    0.3988   -8646.9828  0.6429 
   00884    0.4044   -8619.2482  0.6400 
   00885    0.4024   -8577.3074  0.6330 
   00886    0.4024   -8565.1878  0.6317 
   00887    0.4080   -8576.5011  0.6338 
   00888    0.3964   -8536.0291  0.6375 
   00889    0.4112   -8533.8916  0.6381 
   00890    0.4084   -8517.0252  0.6394 
   00891    0.4088   -8572.8511  0.6419 
   00892    0.4088   -8590.9203  0.6399 
   00893    0.4160   -8606.4893  0.6342 
   00894    0.3848   -8607.2627  0.6320 
   00895    0.4020   -8593.5480  0.6354 
   00896    0.4084   -8585.5700  0.6366 
   00897    0.4132   -8600.3730  0.6369 
   00898    0.4020   -8566.3736  0.6335 
   00899    0.4008   -8557.5413  0.6395 
   00900    0.4176   -8578.0563  0.6426 
   00901    0.4108   -8575.5507  0.6445 
   00902    0.4100   -8582.1930  0.6470 
   00903    0.4128   -8593.4678  0.6432 
   00904    0.4112   -8598.7499  0.6441 
   00905    0.3976   -8576.1692  0.6424 
   00906    0.4104   -8569.6060  0.6407 
   00907    0.4112   -8587.6072  0.6385 
   00908    0.4140   -8602.0765  0.6376 
   00909    0.4060   -8585.7819  0.6370 
   00910    0.3944   -8531.8964  0.6369 
   00911    0.3948   -8589.7647  0.6389 
   00912    0.4204   -8586.1475  0.6342 
   00913    0.4004   -8582.2814  0.6384 
   00914    0.4176   -8604.0399  0.6385 
   00915    0.4152   -8616.9090  0.6500 
   00916    0.4020   -8600.0541  0.6489 
   00917    0.4076   -8529.6748  0.6460 
   00918    0.4032   -8508.7722  0.6538 
   00919    0.3972   -8574.6593  0.6559 
   00920    0.4084   -8597.7719  0.6590 
   00921    0.4000   -8593.1648  0.6595 
   00922    0.4080   -8555.1953  0.6572 
   00923    0.4284   -8585.6210  0.6589 
   00924    0.4056   -8611.9040  0.6648 
   00925    0.4060   -8606.9907  0.6655 
   00926    0.4036   -8630.5580  0.6675 
   00927    0.3972   -8620.0141  0.6642 
   00928    0.4064   -8610.1710  0.6603 
   00929    0.4284   -8629.2214  0.6588 
   00930    0.4248   -8608.8668  0.6627 
   00931    0.4024   -8588.7591  0.6635 
   00932    0.3932   -8595.5337  0.6689 
   00933    0.4204   -8610.3261  0.6671 
   00934    0.4096   -8612.4527  0.6669 
   00935    0.4060   -8579.4395  0.6639 
   00936    0.3960   -8605.5473  0.6670 
   00937    0.4104   -8608.2307  0.6672 
   00938    0.4020   -8643.9209  0.6658 
   00939    0.4140   -8580.6296  0.6631 
   00940    0.4036   -8590.0049  0.6647 
   00941    0.4108   -8582.4403  0.6663 
   00942    0.4024   -8541.0103  0.6641 
   00943    0.4092   -8520.5140  0.6633 
   00944    0.4144   -8539.8585  0.6581 
   00945    0.4116   -8562.1320  0.6593 
   00946    0.3944   -8570.0767  0.6622 
   00947    0.4084   -8553.0877  0.6649 
   00948    0.3992   -8573.4213  0.6639 
   00949    0.4176   -8518.9499  0.6625 
   00950    0.4004   -8518.4646  0.6570 
   00951    0.4076   -8549.6808  0.6560 
   00952    0.4188   -8566.2083  0.6562 
   00953    0.4064   -8514.6527  0.6537 
   00954    0.3984   -8557.7140  0.6606 
   00955    0.4196   -8569.0654  0.6590 
   00956    0.4072   -8557.1466  0.6600 
   00957    0.4140   -8532.3856  0.6583 
   00958    0.4072   -8530.3036  0.6519 
   00959    0.4080   -8543.5392  0.6523 
   00960    0.4048   -8525.9902  0.6532 
   00961    0.3992   -8583.1752  0.6578 
   00962    0.4192   -8611.0446  0.6627 
   00963    0.3928   -8608.1267  0.6606 
   00964    0.4324   -8653.6957  0.6634 
   00965    0.3832   -8629.5725  0.6627 
   00966    0.3964   -8633.2579  0.6603 
   00967    0.4192   -8622.5399  0.6639 
   00968    0.4180   -8584.5530  0.6574 
   00969    0.4160   -8622.9248  0.6643 
   00970    0.4060   -8607.4449  0.6636 
   00971    0.4112   -8572.2140  0.6620 
   00972    0.4072   -8604.5640  0.6563 
   00973    0.4024   -8607.9934  0.6618 
   00974    0.3960   -8575.6736  0.6588 
   00975    0.4068   -8582.9691  0.6614 
   00976    0.4056   -8586.4558  0.6636 
   00977    0.4168   -8597.4694  0.6628 
   00978    0.4032   -8585.2440  0.6694 
   00979    0.4224   -8568.7113  0.6652 
   00980    0.3928   -8584.6547  0.6723 
   00981    0.4060   -8560.7991  0.6722 
   00982    0.4004   -8542.8678  0.6717 
   00983    0.4308   -8534.4776  0.6692 
   00984    0.4144   -8565.9301  0.6710 
   00985    0.4152   -8578.3309  0.6781 
   00986    0.4144   -8569.8300  0.6783 
   00987    0.4168   -8601.3765  0.6883 
   00988    0.3952   -8586.1234  0.6905 
   00989    0.4104   -8608.0073  0.6926 
   00990    0.4032   -8614.0509  0.6957 
   00991    0.4016   -8630.6571  0.7014 
   00992    0.4052   -8620.3061  0.7002 
   00993    0.3980   -8609.9706  0.7010 
   00994    0.4116   -8599.4269  0.6965 
   00995    0.4020   -8558.2750  0.6996 
   00996    0.4048   -8583.3279  0.7021 
   00997    0.4076   -8551.7894  0.6987 
   00998    0.4128   -8606.4290  0.7096 
   00999    0.4056   -8572.7535  0.7032 
   01000    0.3904   -8600.8627  0.6962 
