#=====================================================
# File created:        Wed-29-Oct-2025-at-10-21-49PM
# Size of lattice:     50x50
# Number of MC steps:  1000
# Reduced temperature: 0.500
# Run time (s):        12.663652
#=====================================================
# MC step:  Ratio:     Energy:   Order:
#=====================================================
   00000    0.5000   -2566.2622  0.2523 
   00001    0.6748   -3804.9810  0.2665 
   00002    0.6264   -4540.3288  0.2662 
   00003    0.5864   -5100.6749  0.2745 
   00004    0.5460   -5627.9903  0.2730 
   00005    0.5316   -5975.9163  0.2858 
   00006    0.5204   -6218.6688  0.2854 
   00007    0.5168   -6464.0168  0.2847 
   00008    0.4916   -6659.5601  0.2785 
   00009    0.4944   -6800.6411  0.2817 
   00010    0.4908   -6931.3382  0.2902 
   00011    0.4856   -7002.5105  0.2904 
   00012    0.4620   -7107.2208  0.2869 
   00013    0.4700   -7183.6828  0.2859 
   00014    0.4656   -7264.9199  0.2902 
   00015    0.4500   -7327.2140  0.2917 
   00016    0.4524   -7422.8336  0.2942 
   00017    0.4648   -7458.2533  0.2919 
   00018    0.4540   -7501.9258  0.2981 
   00019    0.4640   -7572.4843  0.3027 
   00020    0.4528   -7628.0843  0.3104 
   00021    0.4604   -7628.7614  0.3065 
   00022    0.4572   -7666.8329  0.3147 
   00023    0.4452   -7718.9445  0.3148 
   00024    0.4316   -7716.0411  0.3070 
   00025    0.4332   -7812.7644  0.3041 
   00026    0.4332   -7818.5004  0.3062 
   00027    0.4372   -7907.5311  0.3117 
   00028    0.4300   -7876.3358  0.3155 
   00029    0.4400   -7915.0641  0.3252 
   00030    0.4252   -7963.5027  0.3302 
   00031    0.4316   -7988.3284  0.3289 
   00032    0.4348   -7988.2235  0.3371 
   00033    0.4380   -7892.1183  0.3405 
   00034    0.4212   -7932.1848  0.3444 
   00035    0.4360   -7969.8404  0.3384 
   00036    0.4260   -7961.9881  0.3395 
   00037    0.4408   -7997.1315  0.3465 
   00038    0.4380   -8019.2935  0.3482 
   00039    0.4224   -8049.1796  0.3439 
   00040    0.4404   -8063.2577  0.3464 
   00041    0.4484   -8065.0295  0.3514 
   00042    0.4332   -8042.6423  0.3483 
   00043    0.4296   -8053.4366  0.3484 
   00044    0.4108   -8122.8754  0.3468 
   00045    0.4144   -8105.3655  0.3494 
   00046    0.4124   -8111.7848  0.3436 
   00047    0.4260   -8070.6949  0.3467 
   00048    0.4188   -8109.1775  0.3433 
   00049    0.4252   -8105.0328  0.3489 
   00050    0.4380   -8131.2325  0.3390 
   00051    0.4252   -8096.8034  0.3442 
   00052    0.4328   -8132.9944  0.3385 
   00053    0.4124   -8131.7153  0.3393 
   00054    0.4200   -8167.7461  0.3442 
   00055    0.4216   -8166.5371  0.3427 
   00056    0.4224   -8180.4612  0.3475 
   00057    0.4256   -8151.6117  0.3451 
   00058    0.4068   -8172.6674  0.3490 
   00059    0.4220   -8156.5975  0.3412 
   00060    0.4308   -8154.8492  0.3452 
   00061    0.4176   -8142.0560  0.3468 
   00062    0.4352   -8147.5853  0.3430 
   00063    0.4116   -8170.2746  0.3414 
   00064    0.4376   -8164.1585  0.3375 
   00065    0.4412   -8143.4468  0.3380 
   00066    0.4232   -8162.6622  0.3374 
   00067    0.4344   -8204.6544  0.3382 
   00068    0.4096   -8269.1751  0.3361 
   00069    0.4292   -8250.4983  0.3336 
   00070    0.4348   -8193.8705  0.3290 
   00071    0.4180   -8269.1248  0.3315 
   00072    0.4088   -8246.4916  0.3354 
   00073    0.4212   -8307.9744  0.3343 
   00074    0.4368   -8272.8947  0.3297 
   00075    0.4180   -8278.4782  0.3265 
   00076    0.4136   -8243.9596  0.3285 
   00077    0.3972   -8231.3765  0.3314 
   00078    0.4272   -8217.3376  0.3260 
   00079    0.3916   -8270.1657  0.3261 
   00080    0.4220   -8314.9150  0.3258 
   00081    0.4060   -8277.6872  0.3242 
   00082    0.4264   -8280.7884  0.3260 
   00083    0.4144   -8316.7129  0.3240 
   00084    0.4104   -8330.9753  0.3229 
   00085    0.4124   -8357.0280  0.3296 
   00086    0.4324   -8311.4320  0.3317 
   00087    0.4260   -8322.2394  0.3333 
   00088    0.4152   -8349.7150  0.3366 
   00089    0.4108   -8380.3432  0.3444 
   00090    0.4184   -8323.1091  0.3374 
   00091    0.4256   -8303.7056  0.3400 
   00092    0.4216   -8290.8075  0.3403 
   00093    0.4196   -8320.1736  0.3443 
   00094    0.4276   -8320.2754  0.3418 
   00095    0.4356   -8332.1739  0.3425 
   00096    0.3956   -8351.9018  0.3417 
   00097    0.4168   -8364.2570  0.3426 
   00098    0.4216   -8354.1331  0.3383 
   00099    0.4144   -8352.6959  0.3443 
   00100    0.4088   -8350.8907  0.3424 
   00101    0.4264   -8371.5684  0.3475 
   00102    0.4168   -8399.0829  0.3444 
   00103    0.4196   -8369.8346  0.3379 
   00104    0.4372   -8378.8263  0.3334 
   00105    0.4208   -8386.5592  0.3358 
   00106    0.4120   -8342.5277  0.3384 
   00107    0.4024   -8360.8827  0.3395 
   00108    0.4212   -8381.2228  0.3398 
   00109    0.4204   -8348.8228  0.3452 
   00110    0.3964   -8354.1642  0.3474 
   00111    0.4224   -8411.8088  0.3485 
   00112    0.4192   -8422.1366  0.3484 
   00113    0.4212   -8432.4930  0.3434 
   00114    0.4076   -8396.3984  0.3363 
   00115    0.4152   -8416.1945  0.3385 
   00116    0.4204   -8411.5661  0.3376 
   00117    0.4040   -8409.2712  0.3387 
   00118    0.4252   -8397.3959  0.3402 
   00119    0.4216   -8412.4028  0.3443 
   00120    0.4108   -8409.5492  0.3367 
   00121    0.4240   -8363.7810  0.3344 
   00122    0.4024   -8322.6273  0.3319 
   00123    0.3968   -8313.8292  0.3328 
   00124    0.4156   -8317.2660  0.3363 
   00125    0.4196   -8302.6992  0.3354 
   00126    0.4252   -8276.2041  0.3332 
   00127    0.4340   -8268.3135  0.3343 
   00128    0.4200   -8252.6320  0.3351 
   00129    0.4076   -8222.1307  0.3295 
   00130    0.4168   -8289.0705  0.3283 
   00131    0.4120   -8278.8860  0.3278 
   00132    0.4048   -8278.2511  0.3289 
   00133    0.4304   -8352.9428  0.3286 
   00134    0.4232   -8365.6497  0.3305 
   00135    0.4152   -8344.9127  0.3292 
   00136    0.4312   -8360.3484  0.3269 
   00137    0.4172   -8283.9694  0.3227 
   00138    0.4000   -8292.7353  0.3131 
   00139    0.4280   -8288.1298  0.3102 
   00140    0.4120   -8288.9519  0.3061 
   00141    0.4088   -8283.2704  0.3042 
   00142    0.4336   -8340.9460  0.3017 
   00143    0.4256   -8337.9748  0.2978 
   00144    0.4172   -8372.2912  0.3029 
   00145    0.4116   -8380.4030  0.2984 
   00146    0.4124   -8346.8410  0.2976 
   00147    0.4136   -8344.3305  0.2930 
   00148    0.4148   -8307.6769  0.2883 
   00149    0.4240   -8304.1276  0.2874 
   00150    0.4072   -8310.9437  0.2866 
   00151    0.4064   -8275.0456  0.2876 
   00152    0.4376   -8296.0790  0.2912 
   00153    0.4188   -8301.2493  0.2966 
   00154    0.4168   -8310.1907  0.2987 
   00155    0.4176   -8333.6049  0.2959 
   00156    0.4096   -8311.4687  0.2921 
   00157    0.4176   -8346.8699  0.2921 
   00158    0.4224   -8335.3469  0.2906 
   00159    0.4112   -8298.6397  0.2860 
   00160    0.4008   -8288.1729  0.2881 
   00161    0.4132   -8314.2014  0.2927 
   00162    0.4332   -8278.5999  0.2990 
   00163    0.4148   -8338.1625  0.2938 
   00164    0.3920   -8386.5243  0.2969 
   00165    0.4212   -8399.2438  0.3009 
   00166    0.4292   -8403.9264  0.3019 
   00167    0.4036   -8347.5934  0.3017 
   00168    0.4024   -8394.4474  0.3041 
   00169    0.4276   -8389.6572  0.3056 
   00170    0.4036   -8392.2802  0.3029 
   00171    0.4180   -8384.9561  0.3102 
   00172    0.4212   -8353.3338  0.3059 
   00173    0.4128   -8330.2308  0.3030 
   00174    0.4016   -8360.7566  0.3078 
   00175    0.3948   -8431.5684  0.3061 
   00176    0.4148   -8470.8157  0.2998 
   00177    0.4120   -8442.6932  0.3015 
   00178    0.4028   -8469.8813  0.2972 
   00179    0.4016   -8414.2395  0.2915 
   00180    0.4196   -8365.6364  0.2981 
   00181    0.4124   -8385.8670  0.2994 
   00182    0.4168   -8375.7768  0.2986 
   00183    0.4228   -8336.6778  0.2988 
   00184    0.4344   -8352.0616  0.3023 
   00185    0.4072   -8345.2197  0.2968 
   00186    0.4292   -8341.5819  0.3074 
   00187    0.4104   -8350.0006  0.3025 
   00188    0.4332   -8365.9925  0.2946 
   00189    0.4044   -8359.7126  0.2915 
   00190    0.4184   -8346.5626  0.2962 
   00191    0.4048   -8387.5265  0.2964 
   00192    0.4200   -8417.3416  0.3003 
   00193    0.4348   -8442.5022  0.3000 
   00194    0.4216   -8401.8614  0.3085 
   00195    0.4104   -8424.3869  0.3104 
   00196    0.4256   -8409.2178  0.3063 
   00197    0.4016   -8383.5003  0.3054 
   00198    0.4096   -8387.8658  0.3052 
   00199    0.4108   -8400.2938  0.3044 
   00200    0.4196   -8402.1162  0.3082 
   00201    0.4008   -8407.1758  0.3110 
   00202    0.4092   -8374.4479  0.3090 
   00203    0.4152   -8366.0993  0.3157 
   00204    0.4180   -8331.5167  0.3208 
   00205    0.4280   -8354.0319  0.3218 
   00206    0.4388   -8357.1684  0.3178 
   00207    0.4172   -8344.4693  0.3185 
   00208    0.4228   -8358.1430  0.3153 
   00209    0.4172   -8378.5084  0.3171 
   00210    0.4164   -8406.3894  0.3141 
   00211    0.4172   -8397.6165  0.3155 
   00212    0.4300   -8402.6095  0.3127 
   00213    0.4076   -8406.5135  0.3114 
   00214    0.4116   -8383.1726  0.3187 
   00215    0.4196   -8387.4486  0.3205 
   00216    0.4084   -8383.6574  0.3192 
   00217    0.4036   -8402.8035  0.3201 
   00218    0.4072   -8405.4515  0.3176 
   00219    0.4220   -8415.2940  0.3161 
   00220    0.4096   -8387.8287  0.3141 
   00221    0.4268   -8389.9326  0.3115 
   00222    0.4232   -8396.3649  0.3127 
   00223    0.4028   -8434.8275  0.3041 
   00224    0.4012   -8394.6560  0.3061 
   00225    0.4024   -8369.6070  0.3105 
   00226    0.4180   -8380.9928  0.3090 
   00227    0.4088   -8368.2222  0.3097 
   00228    0.4076   -8334.5667  0.3058 
   00229    0.4328   -8346.2387  0.3035 
   00230    0.4124   -8371.4485  0.3084 
   00231    0.4160   -8366.4869  0.3093 
   00232    0.4184   -8351.3703  0.3126 
   00233    0.4104   -8323.7359  0.3097 
   00234    0.4188   -8344.1320  0.3116 
   00235    0.4164   -8382.1408  0.3106 
   00236    0.4124   -8380.0761  0.3115 
   00237    0.4204   -8392.3145  0.3157 
   00238    0.4156   -8391.4072  0.3101 
   00239    0.4068   -8413.2803  0.3139 
   00240    0.4256   -8429.2777  0.3150 
   00241    0.4276   -8413.6813  0.3229 
   00242    0.4112   -8403.4357  0.3238 
   00243    0.4240   -8392.1407  0.3255 
   00244    0.4316   -8429.4964  0.3300 
   00245    0.4132   -8441.8835  0.3308 
   00246    0.4252   -8449.6802  0.3305 
   00247    0.4124   -8410.2033  0.3223 
   00248    0.4160   -8454.9298  0.3232 
   00249    0.3964   -8476.0967  0.3265 
   00250    0.4220   -8464.7638  0.3319 
   00251    0.4124   -8470.7740  0.3296 
   00252    0.4052   -8449.2051  0.3340 
   00253    0.4268   -8477.6980  0.3305 
   00254    0.4164   -8461.2554  0.3290 
   00255    0.4152   -8440.3936  0.3301 
   00256    0.4192   -8442.9215  0.3268 
   00257    0.4304   -8443.2624  0.3313 
   00258    0.4236   -8425.7242  0.3338 
   00259    0.3952   -8431.6253  0.3449 
   00260    0.4272   -8422.2137  0.3456 
   00261    0.3936   -8433.8514  0.3451 
   00262    0.4028   -8441.5526  0.3449 
   00263    0.4072   -8436.9396  0.3504 
   00264    0.4112   -8476.4797  0.3559 
   00265    0.4216   -8459.2970  0.3546 
   00266    0.4256   -8501.5963  0.3552 
   00267    0.4176   -8477.0232  0.3492 
   00268    0.4228   -8486.5047  0.3481 
   00269    0.4356   -8419.6442  0.3405 
   00270    0.4020   -8417.6177  0.3460 
   00271    0.4160   -8459.7001  0.3478 
   00272    0.4072   -8452.0255  0.3480 
   00273    0.4052   -8442.7272  0.3458 
   00274    0.4280   -8498.9241  0.3481 
   00275    0.4100   -8518.4227  0.3479 
   00276    0.4256   -8515.9844  0.3447 
   00277    0.4204   -8481.7226  0.3467 
   00278    0.4200   -8480.1867  0.3404 
   00279    0.4060   -8444.9314  0.3427 
   00280    0.4164   -8434.7392  0.3427 
   00281    0.4236   -8418.3714  0.3380 
   00282    0.4160   -8449.3866  0.3417 
   00283    0.4236   -8461.2318  0.3536 
   00284    0.4052   -8464.8928  0.3537 
   00285    0.4276   -8430.7277  0.3535 
   00286    0.4100   -8428.7105  0.3531 
   00287    0.4336   -8443.5261  0.3534 
   00288    0.4160   -8473.4291  0.3510 
   00289    0.4052   -8519.7252  0.3539 
   00290    0.4032   -8477.1493  0.3555 
   00291    0.4184   -8418.7002  0.3617 
   00292    0.4124   -8425.0383  0.3676 
   00293    0.4192   -8444.1162  0.3680 
   00294    0.4172   -8445.9221  0.3753 
   00295    0.4304   -8425.0273  0.3797 
   00296    0.4072   -8428.4935  0.3851 
   00297    0.4116   -8420.0212  0.3777 
   00298    0.4072   -8428.2488  0.3745 
   00299    0.4168   -8463.1520  0.3837 
   00300    0.4228   -8439.0134  0.3852 
   00301    0.4088   -8399.2269  0.3896 
   00302    0.4164   -8406.8186  0.3836 
   00303    0.4140   -8424.7490  0.3874 
   00304    0.4104   -8439.1104  0.3816 
   00305    0.4200   -8458.4223  0.3789 
   00306    0.4020   -8493.8564  0.3862 
   00307    0.3960   -8486.6247  0.3839 
   00308    0.4268   -8514.6463  0.3820 
   00309    0.4168   -8481.6628  0.3866 
   00310    0.4220   -8523.9114  0.3822 
   00311    0.4136   -8499.6306  0.3811 
   00312    0.4192   -8501.4903  0.3842 
   00313    0.4216   -8490.6651  0.3775 
   00314    0.4116   -8480.9687  0.3788 
   00315    0.4060   -8482.4037  0.3809 
   00316    0.4228   -8525.7385  0.3792 
   00317    0.4128   -8516.2058  0.3729 
   00318    0.4044   -8483.4491  0.3650 
   00319    0.4144   -8449.7190  0.3601 
   00320    0.4228   -8418.8342  0.3628 
   00321    0.4348   -8406.7409  0.3602 
   00322    0.4092   -8443.6974  0.3599 
   00323    0.4136   -8376.6207  0.3514 
   00324    0.4164   -8387.4959  0.3529 
   00325    0.4268   -8418.8779  0.3515 
   00326    0.3980   -8426.1251  0.3588 
   00327    0.4108   -8494.7048  0.3562 
   00328    0.4064   -8461.6077  0.3575 
   00329    0.4128   -8439.4174  0.3583 
   00330    0.4108   -8399.1747  0.3598 
   00331    0.4072   -8392.8299  0.3578 
   00332    0.4180   -8383.5609  0.3533 
   00333    0.4192   -8371.4013  0.3577 
   00334    0.3988   -8371.7242  0.3566 
   00335    0.4208   -8412.2546  0.3618 
   00336    0.4204   -8435.7614  0.3679 
   00337    0.4192   -8460.8118  0.3686 
   00338    0.4168   -8418.8171  0.3718 
   00339    0.4112   -8470.8470  0.3763 
   00340    0.4008   -8455.9319  0.3788 
   00341    0.4104   -8485.9171  0.3794 
   00342    0.4060   -8523.0363  0.3827 
   00343    0.4164   -8486.5969  0.3831 
   00344    0.4044   -8487.9649  0.3908 
   00345    0.3964   -8436.1420  0.3833 
   00346    0.4132   -8459.4145  0.3917 
   00347    0.4168   -8485.4713  0.3975 
   00348    0.4160   -8497.0699  0.4020 
   00349    0.4152   -8477.2412  0.4028 
   00350    0.4108   -8446.3544  0.3987 
   00351    0.4140   -8476.9391  0.4022 
   00352    0.4100   -8492.1670  0.3952 
   00353    0.4160   -8479.9558  0.3869 
   00354    0.4072   -8413.3576  0.3940 
   00355    0.4368   -8426.6699  0.3886 
   00356    0.4296   -8460.2913  0.3905 
   00357    0.4164   -8439.0354  0.3953 
   00358    0.4156   -8422.3596  0.4016 
   00359    0.4164   -8437.5686  0.3997 
   00360    0.4052   -8479.1061  0.3973 
   00361    0.4216   -8500.6756  0.3985 
   00362    0.4216   -8502.0928  0.4027 
   00363    0.4220   -8497.2670  0.4044 
   00364    0.4212   -8483.2002  0.4084 
   00365    0.4148   -8505.9609  0.4081 
   00366    0.4076   -8543.1259  0.4099 
   00367    0.4108   -8519.1416  0.4075 
   00368    0.4076   -8520.3028  0.4107 
   00369    0.4084   -8517.5816  0.4088 
   00370    0.4068   -8528.9989  0.4120 
   00371    0.3988   -8562.0438  0.4082 
   00372    0.4044   -8548.8784  0.4084 
   00373    0.4156   -8548.7465  0.4097 
   00374    0.4112   -8545.6938  0.4021 
   00375    0.4156   -8513.1457  0.3970 
   00376    0.3964   -8516.3372  0.3956 
   00377    0.4104   -8533.8754  0.4039 
   00378    0.4156   -8457.2366  0.4041 
   00379    0.4116   -8457.0049  0.4055 
   00380    0.4336   -8487.7414  0.3987 
   00381    0.4008   -8479.3496  0.4021 
   00382    0.4168   -8433.4395  0.3951 
   00383    0.4104   -8458.9020  0.3967 
   00384    0.4152   -8516.9843  0.3952 
   00385    0.4124   -8488.2141  0.3875 
   00386    0.4072   -8476.8976  0.3931 
   00387    0.4324   -8502.1044  0.3921 
   00388    0.4144   -8457.3548  0.3945 
   00389    0.4304   -8478.2485  0.3969 
   00390    0.4116   -8486.4091  0.3995 
   00391    0.4140   -8480.9126  0.3989 
   00392    0.4188   -8514.6764  0.4023 
   00393    0.4212   -8446.8606  0.3999 
   00394    0.4120   -8450.0621  0.4037 
   00395    0.4228   -8454.3686  0.3999 
   00396    0.4176   -8520.0142  0.4020 
   00397    0.4168   -8543.4131  0.4022 
   00398    0.4104   -8532.3363  0.3974 
   00399    0.3928   -8525.6842  0.3974 
   00400    0.4144   -8526.5746  0.4002 
   00401    0.4236   -8532.1493  0.4050 
   00402    0.4096   -8515.5153  0.4049 
   00403    0.4100   -8493.6309  0.4060 
   00404    0.4208   -8503.4163  0.4069 
   00405    0.4028   -8520.8671  0.4056 
   00406    0.4052   -8457.8600  0.4097 
   00407    0.4008   -8494.6145  0.4124 
   00408    0.4228   -8464.3834  0.4089 
   00409    0.4296   -8485.4915  0.4045 
   00410    0.4168   -8519.5332  0.4025 
   00411    0.4228   -8524.6720  0.3995 
   00412    0.4068   -8505.7415  0.4054 
   00413    0.4116   -8546.4496  0.4042 
   00414    0.3908   -8543.3637  0.4031 
   00415    0.4020   -8533.4804  0.4010 
   00416    0.4052   -8536.9428  0.4025 
   00417    0.4092   -8536.2453  0.4028 
   00418    0.4044   -8565.9314  0.4079 
   00419    0.4040   -8575.1228  0.4049 
   00420    0.4204   -8537.8853  0.4029 
   00421    0.3988   -8544.8474  0.4068 
   00422    0.4160   -8531.4779  0.4071 
   00423    0.4020   -8513.3060  0.4031 
   00424    0.4052   -8474.1031  0.4018 
   00425    0.3844   -8466.6931  0.4115 
   00426    0.4124   -8451.4266  0.4128 
   00427    0.4208   -8533.0412  0.4156 
   00428    0.3892   -8522.5448  0.4185 
   00429    0.3988   -8536.1856  0.4189 
   00430    0.4372   -8541.9507  0.4161 
   00431    0.3868   -8549.7731  0.4171 
   00432    0.4056   -8510.6766  0.4161 
   00433    0.4132   -8531.9060  0.4146 
   00434    0.4080   -8485.7372  0.4153 
   00435    0.4120   -8438.2508  0.4090 
   00436    0.4096   -8480.6332  0.4131 
   00437    0.4184   -8511.5821  0.4192 
   00438    0.4120   -8481.0826  0.4196 
   00439    0.4200   -8474.8916  0.4169 
   00440    0.4040   -8479.3130  0.4136 
   00441    0.4016   -8499.8578  0.4126 
   00442    0.4072   -8517.1521  0.4121 
   00443    0.3928   -8491.9307  0.4084 
   00444    0.4268   -8474.2171  0.4158 
   00445    0.4216   -8474.1593  0.4105 
   00446    0.4188   -8441.5631  0.4133 
   00447    0.4048   -8485.7172  0.4112 
   00448    0.4064   -8496.9547  0.4103 
   00449    0.4220   -8486.1080  0.4130 
   00450    0.4148   -8467.9863  0.4140 
   00451    0.4008   -8463.1996  0.4198 
   00452    0.4124   -8467.1270  0.4156 
   00453    0.4152   -8505.0552  0.4178 
   00454    0.4196   -8476.3413  0.4224 
   00455    0.3912   -8534.0830  0.4294 
   00456    0.4168   -8536.4650  0.4272 
   00457    0.4004   -8608.5197  0.4308 
   00458    0.4028   -8586.9187  0.4263 
   00459    0.4060   -8574.5710  0.4259 
   00460    0.4208   -8592.1957  0.4203 
   00461    0.4000   -8532.7465  0.4208 
   00462    0.4188   -8484.6683  0.4170 
   00463    0.4220   -8474.3166  0.4150 
   00464    0.3936   -8480.4588  0.4144 
   00465    0.4096   -8491.4293  0.4173 
   00466    0.4240   -8491.9814  0.4116 
   00467    0.3936   -8518.8086  0.4041 
   00468    0.4124   -8488.0868  0.4117 
   00469    0.4124   -8463.4099  0.4107 
   00470    0.4184   -8500.0228  0.4140 
   00471    0.4148   -8511.7842  0.4137 
   00472    0.4064   -8509.7390  0.4107 
   00473    0.4248   -8524.3560  0.4059 
   00474    0.4012   -8536.3515  0.4059 
   00475    0.4108   -8513.6786  0.4068 
   00476    0.4124   -8515.4772  0.4012 
   00477    0.4272   -8527.9221  0.3981 
   00478    0.4060   -8500.4238  0.3969 
   00479    0.4180   -8489.5894  0.4011 
   00480    0.3964   -8540.0976  0.4030 
   00481    0.4236   -8553.2427  0.4031 
   00482    0.4060   -8508.5890  0.4014 
   00483    0.4244   -8423.4509  0.3938 
   00484    0.4036   -8468.8563  0.3918 
   00485    0.3908   -8487.5074  0.3936 
   00486    0.4048   -8505.3980  0.3887 
   00487    0.4084   -8519.0693  0.3938 
   00488    0.4148   -8543.0865  0.3915 
   00489    0.4128   -8594.1034  0.3902 
   00490    0.4052   -8552.6429  0.3932 
   00491    0.4168   -8554.6849  0.3879 
   00492    0.4196   -8563.8786  0.3925 
   00493    0.3972   -8579.0478  0.3935 
   00494    0.4244   -8517.7794  0.3912 
   00495    0.4112   -8486.5205  0.3842 
   00496    0.4104   -8543.3803  0.3838 
   00497    0.4128   -8524.9129  0.3837 
   00498    0.4136   -8513.1901  0.3892 
   00499    0.4100   -8534.1526  0.3960 
   00500    0.3952   -8567.0949  0.3906 
   00501    0.3972   -8570.1432  0.3930 
   00502    0.4096   -8579.8809  0.3939 
   00503    0.4112   -8550.1538  0.3935 
   00504    0.4212   -8509.7090  0.3941 
   00505    0.4112   -8504.3452  0.3851 
   00506    0.4164   -8503.9462  0.3911 
   00507    0.4060   -8509.3680  0.3901 
   00508    0.4164   -8514.2818  0.3870 
   00509    0.4000   -8513.2457  0.3920 
   00510    0.4264   -8484.5459  0.3933 
   00511    0.4212   -8578.9174  0.4012 
   00512    0.4056   -8559.2514  0.4058 
   00513    0.4184   -8529.7193  0.4065 
   00514    0.4156   -8518.4859  0.4088 
   00515    0.4216   -8550.1039  0.4115 
   00516    0.4004   -8527.7162  0.4103 
   00517    0.4116   -8478.8951  0.4158 
   00518    0.3988   -8507.2205  0.4242 
   00519    0.4220   -8533.5838  0.4289 
   00520    0.4268   -8518.6244  0.4339 
   00521    0.4092   -8544.7741  0.4336 
   00522    0.4016   -8518.1314  0.4368 
   00523    0.4216   -8486.5416  0.4364 
   00524    0.4056   -8513.2107  0.4370 
   00525    0.4248   -8489.7040  0.4421 
   00526    0.4300   -8459.7708  0.4365 
   00527    0.3944   -8430.6096  0.4352 
   00528    0.4340   -8457.5687  0.4316 
   00529    0.4016   -8455.0013  0.4315 
   00530    0.4220   -8466.1505  0.4331 
   00531    0.4088   -8503.5873  0.4299 
   00532    0.4080   -8525.0699  0.4296 
   00533    0.4080   -8517.3500  0.4268 
   00534    0.4156   -8503.8677  0.4235 
   00535    0.4052   -8565.7166  0.4246 
   00536    0.4212   -8565.8347  0.4193 
   00537    0.4228   -8518.5692  0.4192 
   00538    0.4128   -8504.6922  0.4196 
   00539    0.4024   -8475.5514  0.4181 
   00540    0.3944   -8481.3459  0.4131 
   00541    0.4080   -8502.4282  0.4189 
   00542    0.3932   -8442.7705  0.4180 
   00543    0.4376   -8451.3600  0.4189 
   00544    0.4172   -8440.5597  0.4264 
   00545    0.4200   -8440.4015  0.4240 
   00546    0.4064   -8496.0459  0.4279 
   00547    0.4132   -8512.3310  0.4294 
   00548    0.4068   -8476.3215  0.4264 
   00549    0.4128   -8524.1838  0.4295 
   00550    0.4156   -8523.9599  0.4283 
   00551    0.4256   -8475.6130  0.4325 
   00552    0.4000   -8452.8625  0.4341 
   00553    0.4260   -8460.7950  0.4338 
   00554    0.4136   -8455.4309  0.4338 
   00555    0.3984   -8505.4022  0.4302 
   00556    0.4104   -8512.7539  0.4355 
   00557    0.4000   -8465.9907  0.4367 
   00558    0.4340   -8521.6236  0.4411 
   00559    0.4196   -8496.9685  0.4425 
   00560    0.4132   -8496.1702  0.4443 
   00561    0.4060   -8548.1658  0.4498 
   00562    0.4076   -8527.5076  0.4446 
   00563    0.4072   -8540.2202  0.4465 
   00564    0.4008   -8515.0401  0.4477 
   00565    0.4232   -8492.7861  0.4474 
   00566    0.4280   -8506.4069  0.4431 
   00567    0.4260   -8492.9102  0.4410 
   00568    0.4056   -8493.1926  0.4414 
   00569    0.4036   -8517.6069  0.4518 
   00570    0.4132   -8501.1528  0.4523 
   00571    0.4180   -8502.2566  0.4533 
   00572    0.4152   -8499.7655  0.4521 
   00573    0.4036   -8475.1668  0.4437 
   00574    0.4236   -8493.8294  0.4408 
   00575    0.4084   -8512.9067  0.4424 
   00576    0.4036   -8539.4981  0.4508 
   00577    0.4112   -8523.1861  0.4545 
   00578    0.4444   -8534.8678  0.4581 
   00579    0.4056   -8569.2210  0.4541 
   00580    0.4140   -8574.9336  0.4482 
   00581    0.4192   -8579.1324  0.4469 
   00582    0.3976   -8518.3898  0.4476 
   00583    0.4196   -8531.1858  0.4437 
   00584    0.3984   -8524.4768  0.4449 
   00585    0.3988   -8524.9468  0.4400 
   00586    0.4116   -8467.4042  0.4372 
   00587    0.4020   -8460.6220  0.4403 
   00588    0.4248   -8455.2359  0.4489 
   00589    0.4152   -8486.5465  0.4454 
   00590    0.4100   -8522.1180  0.4440 
   00591    0.4172   -8513.5520  0.4460 
   00592    0.4248   -8482.4939  0.4426 
   00593    0.4120   -8506.0439  0.4446 
   00594    0.4120   -8475.8758  0.4490 
   00595    0.4264   -8510.4736  0.4561 
   00596    0.4184   -8513.2577  0.4527 
   00597    0.3964   -8506.9439  0.4533 
   00598    0.4272   -8493.1429  0.4531 
   00599    0.4184   -8466.1024  0.4438 
   00600    0.4096   -8468.7748  0.4467 
   00601    0.3936   -8513.8053  0.4498 
   00602    0.4008   -8538.9505  0.4519 
   00603    0.4040   -8524.1285  0.4541 
   00604    0.3972   -8518.8186  0.4548 
   00605    0.4076   -8497.7671  0.4474 
   00606    0.4296   -8515.2872  0.4427 
   00607    0.3956   -8533.3129  0.4437 
   00608    0.4092   -8531.3353  0.4445 
   00609    0.4072   -8506.4952  0.4382 
   00610    0.4216   -8543.1663  0.4428 
   00611    0.4060   -8525.6546  0.4465 
   00612    0.3980   -8543.2763  0.4470 
   00613    0.4108   -8529.6394  0.4499 
   00614    0.4328   -8489.4672  0.4489 
   00615    0.4092   -8517.1610  0.4464 
   00616    0.4052   -8507.9738  0.4539 
   00617    0.4264   -8489.2364  0.4514 
   00618    0.4264   -8464.6306  0.4576 
   00619    0.4244   -8471.1322  0.4631 
   00620    0.4008   -8503.0988  0.4619 
   00621    0.4172   -8563.5358  0.4596 
   00622    0.4000   -8618.0850  0.4576 
   00623    0.4076   -8579.6264  0.4634 
   00624    0.4172   -8559.1129  0.4618 
   00625    0.4212   -8577.1383  0.4653 
   00626    0.4104   -8552.2783  0.4664 
   00627    0.4004   -8523.6058  0.4631 
   00628    0.3940   -8532.2310  0.4636 
   00629    0.4160   -8544.7111  0.4637 
   00630    0.4068   -8480.2327  0.4663 
   00631    0.4072   -8529.0641  0.4720 
   00632    0.4036   -8537.1331  0.4718 
   00633    0.4128   -8529.7640  0.4713 
   00634    0.4220   -8523.6493  0.4676 
   00635    0.4052   -8519.9819  0.4634 
   00636    0.4220   -8521.1026  0.4648 
   00637    0.4032   -8532.4749  0.4671 
   00638    0.4288   -8498.3466  0.4628 
   00639    0.4248   -8532.3037  0.4615 
   00640    0.4264   -8539.0011  0.4601 
   00641    0.4180   -8537.6970  0.4532 
   00642    0.4216   -8519.2188  0.4513 
   00643    0.4044   -8511.4762  0.4540 
   00644    0.4108   -8548.1889  0.4518 
   00645    0.4204   -8558.2260  0.4507 
   00646    0.3952   -8565.8285  0.4458 
   00647    0.3960   -8546.1932  0.4433 
   00648    0.4088   -8555.8765  0.4420 
   00649    0.4220   -8572.4959  0.4388 
   00650    0.4128   -8533.4190  0.4338 
   00651    0.4220   -8515.3426  0.4342 
   00652    0.4120   -8515.0191  0.4361 
   00653    0.4260   -8536.5875  0.4348 
   00654    0.4132   -8576.2575  0.4314 
   00655    0.4008   -8568.4576  0.4299 
   00656    0.4280   -8567.2159  0.4332 
   00657    0.4144   -8536.3058  0.4374 
   00658    0.4188   -8537.2297  0.4419 
   00659    0.4132   -8510.3067  0.4397 
   00660    0.4164   -8489.6707  0.4407 
   00661    0.4120   -8487.3642  0.4389 
   00662    0.4164   -8501.9774  0.4380 
   00663    0.4244   -8490.7729  0.4417 
   00664    0.4148   -8450.1476  0.4418 
   00665    0.4148   -8462.1619  0.4527 
   00666    0.4044   -8475.6299  0.4530 
   00667    0.4132   -8486.8550  0.4480 
   00668    0.4068   -8539.4689  0.4472 
   00669    0.4036   -8512.1966  0.4493 
   00670    0.4116   -8521.0199  0.4496 
   00671    0.4192   -8547.3712  0.4629 
   00672    0.4104   -8572.7194  0.4645 
   00673    0.3904   -8549.4756  0.4657 
   00674    0.4040   -8540.0355  0.4647 
   00675    0.4032   -8489.2105  0.4632 
   00676    0.4140   -8470.2918  0.4618 
   00677    0.3912   -8514.2682  0.4653 
   00678    0.4300   -8564.7441  0.4671 
   00679    0.4116   -8572.1167  0.4667 
   00680    0.3876   -8600.2061  0.4613 
   00681    0.3916   -8610.8874  0.4662 
   00682    0.4268   -8547.4394  0.4638 
   00683    0.3888   -8517.4468  0.4650 
   00684    0.4012   -8557.0774  0.4668 
   00685    0.4184   -8505.5945  0.4662 
   00686    0.4136   -8464.9539  0.4574 
   00687    0.4032   -8465.0598  0.4557 
   00688    0.4040   -8494.5929  0.4564 
   00689    0.4032   -8447.4197  0.4598 
   00690    0.4160   -8453.1176  0.4624 
   00691    0.4168   -8469.5979  0.4709 
   00692    0.4156   -8476.2622  0.4737 
   00693    0.4300   -8475.0280  0.4749 
   00694    0.4280   -8471.5519  0.4745 
   00695    0.4120   -8477.0173  0.4673 
   00696    0.4272   -8516.1230  0.4696 
   00697    0.4080   -8526.5970  0.4662 
   00698    0.4148   -8560.0528  0.4690 
   00699    0.4076   -8570.0278  0.4691 
   00700    0.3976   -8569.3705  0.4659 
   00701    0.4156   -8566.3296  0.4597 
   00702    0.4124   -8535.1189  0.4675 
   00703    0.4080   -8508.5483  0.4640 
   00704    0.4048   -8505.3714  0.4629 
   00705    0.4176   -8572.0065  0.4603 
   00706    0.4140   -8546.7703  0.4635 
   00707    0.4136   -8601.0393  0.4662 
   00708    0.4072   -8589.3099  0.4655 
   00709    0.4272   -8607.4717  0.4717 
   00710    0.4252   -8605.3290  0.4766 
   00711    0.3996   -8555.0366  0.4761 
   00712    0.4240   -8548.5427  0.4823 
   00713    0.3988   -8528.7438  0.4740 
   00714    0.4068   -8564.1940  0.4747 
   00715    0.4080   -8589.3058  0.4796 
   00716    0.4080   -8632.7973  0.4782 
   00717    0.4128   -8596.4467  0.4804 
   00718    0.4060   -8518.7819  0.4864 
   00719    0.4004   -8538.1245  0.4875 
   00720    0.4104   -8506.6909  0.4871 
   00721    0.4108   -8493.6175  0.4880 
   00722    0.4232   -8540.7869  0.4868 
   00723    0.4308   -8547.9028  0.4807 
   00724    0.4188   -8506.9893  0.4799 
   00725    0.3992   -8503.3419  0.4819 
   00726    0.4244   -8494.1994  0.4789 
   00727    0.4092   -8510.0573  0.4786 
   00728    0.4076   -8539.6050  0.4793 
   00729    0.4104   -8526.8979  0.4804 
   00730    0.4064   -8537.1766  0.4755 
   00731    0.4048   -8516.9325  0.4766 
   00732    0.4144   -8513.2783  0.4757 
   00733    0.4108   -8542.6581  0.4795 
   00734    0.4132   -8559.2696  0.4833 
   00735    0.4284   -8584.0556  0.4850 
   00736    0.4024   -8577.5932  0.4818 
   00737    0.4056   -8579.1540  0.4837 
   00738    0.4112   -8610.2504  0.4799 
   00739    0.3804   -8557.0396  0.4836 
   00740    0.3924   -8587.5432  0.4864 
   00741    0.4232   -8606.4067  0.4827 
   00742    0.3936   -8626.0801  0.4813 
   00743    0.3928   -8610.5831  0.4827 
   00744    0.3880   -8598.9864  0.4798 
   00745    0.4036   -8608.0869  0.4839 
   00746    0.4188   -8610.0180  0.4855 
   00747    0.4060   -8642.0764  0.4850 
   00748    0.4016   -8596.7715  0.4822 
   00749    0.4136   -8645.8804  0.4842 
   00750    0.3916   -8645.3678  0.4852 
   00751    0.4076   -8569.3027  0.4814 
   00752    0.4272   -8552.3679  0.4782 
   00753    0.4132   -8570.4551  0.4760 
   00754    0.4164   -8564.0101  0.4765 
   00755    0.4044   -8559.0150  0.4761 
   00756    0.3988   -8550.6793  0.4758 
   00757    0.4236   -8531.9134  0.4781 
   00758    0.4164   -8532.7708  0.4832 
   00759    0.3952   -8520.3707  0.4814 
   00760    0.4176   -8496.3222  0.4861 
   00761    0.4136   -8555.8859  0.4823 
   00762    0.4036   -8506.7555  0.4885 
   00763    0.4196   -8539.0495  0.4847 
   00764    0.3792   -8494.0631  0.4781 
   00765    0.3964   -8527.4048  0.4834 
   00766    0.4056   -8526.5082  0.4823 
   00767    0.4248   -8557.5095  0.4847 
   00768    0.4180   -8555.8225  0.4817 
   00769    0.4232   -8586.1160  0.4763 
   00770    0.4004   -8585.1150  0.4764 
   00771    0.4152   -8576.6917  0.4722 
   00772    0.4020   -8574.9574  0.4697 
   00773    0.3980   -8568.8119  0.4762 
   00774    0.4072   -8565.2952  0.4814 
   00775    0.4104   -8498.3582  0.4860 
   00776    0.4128   -8541.7636  0.4834 
   00777    0.3928   -8559.5752  0.4829 
   00778    0.3940   -8552.2246  0.4818 
   00779    0.3992   -8534.3573  0.4811 
   00780    0.4076   -8545.6577  0.4776 
   00781    0.4152   -8539.4301  0.4831 
   00782    0.4084   -8560.7308  0.4875 
   00783    0.4260   -8526.4909  0.4894 
   00784    0.4172   -8552.1276  0.4901 
   00785    0.4088   -8542.6866  0.4829 
   00786    0.4152   -8567.9007  0.4831 
   00787    0.4228   -8590.4858  0.4827 
   00788    0.4072   -8560.2596  0.4866 
   00789    0.4100   -8501.6434  0.4867 
   00790    0.4236   -8535.6418  0.4852 
   00791    0.4180   -8497.3295  0.4868 
   00792    0.4104   -8496.5536  0.4905 
   00793    0.4068   -8537.3509  0.4940 
   00794    0.4096   -8552.7436  0.4980 
   00795    0.4064   -8560.3717  0.5034 
   00796    0.4280   -8559.3569  0.5092 
   00797    0.4192   -8543.5453  0.5098 
   00798    0.4008   -8540.0936  0.5083 
   00799    0.3900   -8563.4940  0.5045 
   00800    0.4232   -8578.9013  0.5076 
   00801    0.4020   -8586.2151  0.5112 
   00802    0.4176   -8544.4881  0.5099 
   00803    0.4144   -8546.6642  0.5199 
   00804    0.4096   -8540.0853  0.5186 
   00805    0.4148   -8569.3376  0.5207 
   00806    0.4132   -8555.8130  0.5243 
   00807    0.4148   -8564.7648  0.5203 
   00808    0.4132   -8575.7000  0.5274 
   00809    0.3960   -8531.2363  0.5228 
   00810    0.4068   -8541.2221  0.5237 
   00811    0.4188   -8527.4796  0.5227 
   00812    0.4024   -8551.9468  0.5249 
   00813    0.4228   -8539.0282  0.5208 
   00814    0.3992   -8520.1583  0.5201 
   00815    0.4064   -8526.2259  0.5175 
   00816    0.3960   -8553.1856  0.5146 
   00817    0.4208   -8572.5085  0.5138 
   00818    0.4172   -8563.3860  0.5120 
   00819    0.4092   -8526.5996  0.5125 
   00820    0.4080   -8506.0105  0.5158 
   00821    0.4056   -8552.4291  0.5161 
   00822    0.4212   -8565.2600  0.5158 
   00823    0.4160   -8582.8042  0.5164 
   00824    0.4160   -8586.9646  0.5206 
   00825    0.4096   -8552.3521  0.5143 
   00826    0.3956   -8544.3998  0.5121 
   00827    0.4212   -8514.2617  0.5079 
   00828    0.4132   -8515.7873  0.5064 
   00829    0.4064   -8556.5518  0.5028 
   00830    0.4048   -8566.0502  0.5086 
   00831    0.4128   -8549.4798  0.5059 
   00832    0.4132   -8517.8618  0.5053 
   00833    0.4168   -8549.7278  0.5087 
   00834    0.4008   -8582.7693  0.5107 
   00835    0.3920   -8596.2611  0.5097 
   00836    0.3756   -8570.6640  0.5030 
   00837    0.4156   -8544.0261  0.5067 
   00838    0.3952   -8538.3685  0.5028 
   00839    0.4032   -8513.0549  0.5013 
   00840    0.4020   -8535.0685  0.5112 
   00841    0.3960   -8533.1060  0.5202 
   00842    0.4124   -8521.4793  0.5201 
   00843    0.4228   -8507.4919  0.5163 
   00844    0.4080   -8524.4669  0.5231 
   00845    0.4276   -8527.1156  0.5205 
   00846    0.4112   -8554.1768  0.5227 
   00847    0.4076   -8572.4187  0.5219 
   00848    0.4088   -8536.9499  0.5252 
   00849    0.4148   -8573.2437  0.5288 
   00850    0.4140   -8586.5017  0.5302 
   00851    0.4044   -8578.4151  0.5347 
   00852    0.4076   -8590.9962  0.5392 
   00853    0.4036   -8576.7012  0.5446 
   00854    0.3852   -8583.2937  0.5442 
   00855    0.4068   -8495.5487  0.5450 
   00856    0.4000   -8492.8286  0.5428 
   00857    0.4044   -8559.5327  0.5422 
   00858    0.4068   -8577.9638  0.5421 
   00859    0.3804   -8592.4627  0.5434 
   00860    0.4004   -8575.5276  0.5357 
   00861    0.4212   -8586.7976  0.5366 
   00862    0.4072   -8561.2079  0.5356 
   00863    0.4112   -8540.0471  0.5317 
   00864    0.4032   -8571.5358  0.5281 
   00865    0.4080   -8566.1040  0.5282 
   00866    0.4004   -8549.6597  0.5220 
   00867    0.4200   -8533.1668  0.5222 
   00868    0.4216   -8511.4132  0.5183 
   00869    0.4104   -8525.8523  0.5155 
   00870    0.4252   -8480.5095  0.5123 
   00871    0.3968   -8458.7718  0.5160 
   00872    0.4112   -8469.9699  0.5203 
   00873    0.4096   -8478.3066  0.5211 
   00874    0.4160   -8489.5348  0.5226 
   00875    0.4108   -8502.1236  0.5272 
   00876    0.4152   -8539.5834  0.5367 
   00877    0.4148   -8538.5401  0.5347 
   00878    0.4116   -8530.6201  0.5292 
   00879    0.4060   -8511.9762  0.5312 
   00880    0.4148   -8536.8074  0.5350 
   00881    0.4096   -8539.8821  0.5386 
   00882    0.3952   -8564.0419  0.5383 
   00883    0.4104   -8546.3143  0.5396 
   00884    0.4152   -8512.7242  0.5321 
   00885    0.3904   -8560.9543  0.5299 
   00886    0.4140   -8533.7735  0.5317 
   00887    0.4284   -8586.1024  0.5352 
   00888    0.3940   -8557.9449  0.5374 
   00889    0.4172   -8572.5609  0.5400 
   00890    0.4060   -8533.4543  0.5378 
   00891    0.4184   -8494.2679  0.5368 
   00892    0.4140   -8498.1147  0.5463 
   00893    0.4128   -8488.3439  0.5486 
   00894    0.4048   -8492.9304  0.5479 
   00895    0.4192   -8500.8533  0.5464 
   00896    0.4124   -8506.6725  0.5534 
   00897    0.4112   -8504.3940  0.5546 
   00898    0.4184   -8476.7411  0.5627 
   00899    0.4196   -8498.5931  0.5658 
   00900    0.4016   -8556.2159  0.5648 
   00901    0.4056   -8540.0162  0.5569 
   00902    0.4020   -8515.9222  0.5587 
   00903    0.4128   -8530.2923  0.5616 
   00904    0.3944   -8539.3225  0.5517 
   00905    0.3884   -8600.4714  0.5507 
   00906    0.3976   -8586.9743  0.5484 
   00907    0.4040   -8582.8415  0.5542 
   00908    0.4084   -8579.0471  0.5567 
   00909    0.4104   -8557.9384  0.5634 
   00910    0.4024   -8523.7144  0.5593 
   00911    0.4092   -8563.0365  0.5562 
   00912    0.4124   -8574.2766  0.5553 
   00913    0.4052   -8516.1278  0.5544 
   00914    0.4288   -8495.9556  0.5507 
   00915    0.4108   -8547.0513  0.5471 
   00916    0.4104   -8538.7563  0.5456 
   00917    0.3996   -8533.0439  0.5400 
   00918    0.3856   -8545.1590  0.5390 
   00919    0.4080   -8531.2852  0.5450 
   00920    0.4168   -8535.8534  0.5431 
   00921    0.4152   -8518.5853  0.5417 
   00922    0.4248   -8520.4606  0.5461 
   00923    0.4052   -8569.4992  0.5487 
   00924    0.3988   -8573.3143  0.5522 
   00925    0.4152   -8550.2812  0.5511 
   00926    0.4168   -8558.1794  0.5585 
   00927    0.3864   -8537.6273  0.5661 
   00928    0.4020   -8542.1712  0.5561 
   00929    0.4200   -8555.4432  0.5577 
   00930    0.4096   -8569.1348  0.5619 
   00931    0.4136   -8611.4116  0.5577 
   00932    0.3964   -8587.2031  0.5598 
   00933    0.4052   -8556.1675  0.5590 
   00934    0.4048   -8549.0051  0.5553 
   00935    0.3984   -8571.7227  0.5549 
   00936    0.3996   -8612.3686  0.5625 
   00937    0.4120   -8569.4166  0.5587 
   00938    0.4200   -8571.3795  0.5610 
   00939    0.4216   -8577.3902  0.5611 
   00940    0.4004   -8528.0298  0.5520 
   00941    0.4188   -8535.7354  0.5414 
   00942    0.4148   -8569.3878  0.5449 
   00943    0.4212   -8620.3909  0.5428 
   00944    0.4088   -8587.7622  0.5424 
   00945    0.4160   -8559.6346  0.5430 
   00946    0.4176   -8562.5040  0.5445 
   00947    0.4264   -8543.1262  0.5429 
   00948    0.4236   -8533.8247  0.5415 
   00949    0.4012   -8537.1860  0.5410 
   00950    0.4056   -8536.4683  0.5506 
   00951    0.4132   -8534.4500  0.5571 
   00952    0.3964   -8521.3499  0.5550 
   00953    0.3988   -8526.4920  0.5555 
   00954    0.4040   -8519.6298  0.5572 
   00955    0.3948   -8545.4150  0.5617 
   00956    0.4180   -8563.9867  0.5584 
   00957    0.4136   -8591.4577  0.5669 
   00958    0.4064   -8587.6848  0.5686 
   00959    0.4024   -8609.3826  0.5668 
   00960    0.4048   -8540.8016  0.5568 
   00961    0.4096   -8592.2925  0.5536 
   00962    0.4044   -8608.9427  0.5470 
   00963    0.4092   -8577.2048  0.5437 
   00964    0.4072   -8574.9035  0.5410 
   00965    0.4012   -8543.0898  0.5426 
   00966    0.4188   -8502.5588  0.5374 
   00967    0.4220   -8532.0378  0.5354 
   00968    0.4240   -8554.2883  0.5398 
   00969    0.4308   -8522.1569  0.5414 
   00970    0.4092   -8543.4513  0.5507 
   00971    0.4248   -8509.9232  0.5600 
   00972    0.4256   -8495.2706  0.5673 
   00973    0.4452   -8479.0773  0.5716 
   00974    0.4116   -8486.5294  0.5713 
   00975    0.4004   -8457.0602  0.5717 
   00976    0.4040   -8478.1305  0.5777 
   00977    0.4084   -8497.8726  0.5777 
   00978    0.4032   -8494.7771  0.5795 
   00979    0.4092   -8484.3943  0.5775 
   00980    0.4148   -8515.2621  0.5797 
   00981    0.3952   -8574.1798  0.5876 
   00982    0.4140   -8565.8545  0.5833 
   00983    0.4052   -8554.7511  0.5859 
   00984    0.4228   -8548.0745  0.5878 
   00985    0.4132   -8569.3755  0.5987 
   00986    0.4100   -8597.1260  0.5975 
   00987    0.4124   -8614.2479  0.5985 
   00988    0.4020   -8604.3389  0.6019 
   00989    0.4136   -8593.3300  0.5969 
   00990    0.4016   -8604.4022  0.5947 
   00991    0.4128   -8523.9851  0.5892 
   00992    0.4020   -8511.2695  0.5846 
   00993    0.3968   -8560.9374  0.5911 
   00994    0.4168   -8524.5248  0.5976 
   00995    0.4052   -8549.4156  0.5985 
   00996    0.4268   -8513.6897  0.6001 
   00997    0.4380   -8513.9571  0.5946 
   00998    0.4056   -8492.0528  0.5937 
   00999    0.3972   -8539.8987  0.5937 
   01000    0.4176   -8546.4594  0.5889 
