#=====================================================
# File created:        Sun-02-Nov-2025-at-08-06-03PM
# Size of lattice:     50x50
# Number of MC steps:  1000
# Reduced temperature: 0.500
# Run time (s):        20.507619
#=====================================================
# MC step:  Ratio:     Energy:   Order:
#=====================================================
   00000    0.5000   -2528.8603  0.2635 
   00001    0.6176   -3637.9550  0.2607 
   00002    0.5456   -4390.9729  0.2551 
   00003    0.5140   -4952.4906  0.2636 
   00004    0.4576   -5251.0479  0.2687 
   00005    0.4156   -5546.6378  0.2670 
   00006    0.4168   -5793.3756  0.2652 
   00007    0.3896   -6007.7066  0.2688 
   00008    0.3884   -6145.5907  0.2757 
   00009    0.3608   -6331.3264  0.2714 
   00010    0.3664   -6439.7221  0.2802 
   00011    0.3472   -6560.3370  0.2768 
   00012    0.3320   -6578.6360  0.2847 
   00013    0.3236   -6688.2793  0.2848 
   00014    0.3488   -6746.5846  0.2880 
   00015    0.3320   -6804.9787  0.2947 
   00016    0.3392   -6847.7615  0.3026 
   00017    0.3372   -6894.6036  0.3017 
   00018    0.3348   -6944.6272  0.3005 
   00019    0.3148   -6971.1544  0.3008 
   00020    0.3268   -7027.6138  0.3090 
   00021    0.3112   -7085.9985  0.3151 
   00022    0.3216   -7170.8522  0.3101 
   00023    0.2968   -7201.8958  0.3134 
   00024    0.3088   -7317.1633  0.3108 
   00025    0.2896   -7374.1276  0.3076 
   00026    0.3008   -7404.7970  0.3182 
   00027    0.2868   -7413.4106  0.3232 
   00028    0.3096   -7447.2485  0.3192 
   00029    0.2884   -7464.8689  0.3186 
   00030    0.2920   -7470.8387  0.3165 
   00031    0.2748   -7447.1181  0.3206 
   00032    0.3012   -7520.5348  0.3224 
   00033    0.2700   -7493.9833  0.3311 
   00034    0.3060   -7511.5696  0.3383 
   00035    0.2776   -7486.1638  0.3344 
   00036    0.2796   -7523.7764  0.3384 
   00037    0.2968   -7517.4156  0.3338 
   00038    0.2868   -7514.0868  0.3330 
   00039    0.2996   -7471.5213  0.3356 
   00040    0.2736   -7514.3633  0.3290 
   00041    0.2976   -7495.9780  0.3318 
   00042    0.2828   -7489.9149  0.3338 
   00043    0.2684   -7508.7827  0.3295 
   00044    0.2936   -7512.1643  0.3308 
   00045    0.2832   -7536.0052  0.3247 
   00046    0.2904   -7555.0367  0.3295 
   00047    0.2916   -7562.1633  0.3259 
   00048    0.2752   -7578.2475  0.3287 
   00049    0.2892   -7598.6519  0.3288 
   00050    0.2704   -7577.7410  0.3222 
   00051    0.2736   -7576.9025  0.3166 
   00052    0.2976   -7600.5267  0.3211 
   00053    0.2768   -7658.1129  0.3230 
   00054    0.2936   -7612.6347  0.3265 
   00055    0.2780   -7577.4645  0.3271 
   00056    0.2848   -7629.9490  0.3285 
   00057    0.2700   -7639.3879  0.3385 
   00058    0.2776   -7612.2589  0.3514 
   00059    0.2744   -7626.4774  0.3559 
   00060    0.2884   -7611.7424  0.3613 
   00061    0.2804   -7577.0716  0.3780 
   00062    0.2904   -7580.2914  0.3858 
   00063    0.2920   -7589.5734  0.3921 
   00064    0.3076   -7638.0997  0.3974 
   00065    0.3120   -7651.7429  0.3993 
   00066    0.2848   -7674.2937  0.3925 
   00067    0.2828   -7689.1277  0.4003 
   00068    0.2808   -7722.3437  0.4063 
   00069    0.2672   -7708.3752  0.4006 
   00070    0.2680   -7749.0385  0.4096 
   00071    0.2572   -7748.5103  0.4137 
   00072    0.2756   -7745.2203  0.4192 
   00073    0.2780   -7773.0382  0.4206 
   00074    0.2628   -7789.9913  0.4183 
   00075    0.2736   -7796.0615  0.4119 
   00076    0.2760   -7772.5761  0.4116 
   00077    0.2840   -7767.1459  0.4220 
   00078    0.2700   -7817.6113  0.4186 
   00079    0.2664   -7822.7970  0.4169 
   00080    0.2732   -7888.7166  0.4263 
   00081    0.2540   -7933.2985  0.4269 
   00082    0.2720   -7882.0417  0.4187 
   00083    0.2604   -7836.1252  0.4187 
   00084    0.2648   -7859.4625  0.4215 
   00085    0.2744   -7820.0265  0.4238 
   00086    0.2732   -7824.7131  0.4309 
   00087    0.2844   -7802.9216  0.4279 
   00088    0.2696   -7829.4101  0.4265 
   00089    0.2900   -7785.8441  0.4172 
   00090    0.2704   -7894.1039  0.4152 
   00091    0.2664   -7819.0035  0.4212 
   00092    0.2572   -7847.4901  0.4138 
   00093    0.2656   -7853.0465  0.4099 
   00094    0.2668   -7924.4623  0.4145 
   00095    0.2624   -7975.0081  0.4178 
   00096    0.2592   -8002.2036  0.4230 
   00097    0.2576   -8033.9532  0.4286 
   00098    0.2656   -8048.1083  0.4335 
   00099    0.2572   -8031.6130  0.4358 
   00100    0.2592   -7967.0060  0.4402 
   00101    0.2748   -7998.5003  0.4384 
   00102    0.2568   -7984.2804  0.4393 
   00103    0.2552   -7932.2073  0.4357 
   00104    0.2668   -7935.1747  0.4386 
   00105    0.2540   -7917.5639  0.4334 
   00106    0.2788   -7927.0956  0.4371 
   00107    0.2552   -7881.3079  0.4329 
   00108    0.2848   -7873.4200  0.4350 
   00109    0.2648   -7892.7225  0.4315 
   00110    0.2780   -7954.0631  0.4312 
   00111    0.2408   -7915.4524  0.4266 
   00112    0.2616   -7877.1823  0.4267 
   00113    0.2832   -7951.1251  0.4282 
   00114    0.2628   -7995.7821  0.4307 
   00115    0.2560   -7963.3438  0.4390 
   00116    0.2556   -7974.5879  0.4465 
   00117    0.2664   -7979.0675  0.4463 
   00118    0.2676   -7986.1980  0.4404 
   00119    0.2684   -7952.2604  0.4409 
   00120    0.2644   -7980.5520  0.4369 
   00121    0.2520   -7984.4610  0.4463 
   00122    0.2728   -7981.7391  0.4488 
   00123    0.2664   -7921.6369  0.4417 
   00124    0.2668   -7952.5294  0.4426 
   00125    0.2532   -7889.1316  0.4434 
   00126    0.2780   -7882.6873  0.4465 
   00127    0.2680   -7852.7938  0.4473 
   00128    0.2676   -7911.0930  0.4521 
   00129    0.2416   -7913.2567  0.4562 
   00130    0.2624   -7899.9843  0.4524 
   00131    0.2748   -7892.7472  0.4550 
   00132    0.2608   -7885.0581  0.4506 
   00133    0.2676   -7821.4856  0.4532 
   00134    0.2820   -7866.4334  0.4558 
   00135    0.2684   -7888.0885  0.4584 
   00136    0.2664   -7872.4450  0.4574 
   00137    0.2636   -7933.1023  0.4687 
   00138    0.2720   -7952.5432  0.4636 
   00139    0.2608   -7907.4754  0.4650 
   00140    0.2580   -7915.8620  0.4706 
   00141    0.2644   -7920.0912  0.4666 
   00142    0.2448   -7934.5174  0.4711 
   00143    0.2680   -7961.3448  0.4661 
   00144    0.2768   -7993.3581  0.4548 
   00145    0.2516   -8038.6158  0.4605 
   00146    0.2676   -8037.6792  0.4611 
   00147    0.2504   -7990.9710  0.4608 
   00148    0.2736   -7985.4516  0.4622 
   00149    0.2512   -8006.9355  0.4635 
   00150    0.2640   -7973.4523  0.4610 
   00151    0.2568   -7987.8984  0.4616 
   00152    0.2560   -8023.3027  0.4604 
   00153    0.2548   -7955.7677  0.4595 
   00154    0.2500   -7971.8378  0.4479 
   00155    0.2600   -8036.6268  0.4516 
   00156    0.2432   -8061.4783  0.4519 
   00157    0.2360   -8043.6253  0.4543 
   00158    0.2580   -8062.5548  0.4521 
   00159    0.2624   -8058.7810  0.4565 
   00160    0.2740   -8053.3330  0.4688 
   00161    0.2512   -7977.3281  0.4738 
   00162    0.2368   -8012.1045  0.4842 
   00163    0.2636   -8013.2269  0.4845 
   00164    0.2520   -8044.6930  0.4849 
   00165    0.2696   -8034.6328  0.4886 
   00166    0.2628   -8014.0309  0.4901 
   00167    0.2656   -8049.2549  0.4893 
   00168    0.2616   -8054.2815  0.4877 
   00169    0.2588   -8016.2961  0.4926 
   00170    0.2528   -8082.5876  0.4984 
   00171    0.2528   -8078.7991  0.4961 
   00172    0.2396   -8099.3959  0.4985 
   00173    0.2516   -8130.7006  0.4984 
   00174    0.2448   -8089.2390  0.4983 
   00175    0.2576   -8087.9650  0.4939 
   00176    0.2628   -8037.4885  0.5015 
   00177    0.2644   -8035.5489  0.5083 
   00178    0.2656   -8039.4776  0.5106 
   00179    0.2584   -8004.1025  0.5066 
   00180    0.2540   -8021.2532  0.5052 
   00181    0.2592   -8078.4874  0.5125 
   00182    0.2668   -8126.6204  0.5126 
   00183    0.2560   -8120.7523  0.5143 
   00184    0.2564   -8148.7405  0.5143 
   00185    0.2456   -8080.6157  0.4996 
   00186    0.2552   -8114.8326  0.5036 
   00187    0.2564   -8054.3446  0.5003 
   00188    0.2612   -8040.6866  0.4999 
   00189    0.2556   -8109.6705  0.5028 
   00190    0.2436   -8149.1106  0.4957 
   00191    0.2520   -8103.2814  0.4886 
   00192    0.2496   -8148.2628  0.4866 
   00193    0.2392   -8086.6375  0.4848 
   00194    0.2528   -8096.9862  0.4831 
   00195    0.2536   -8091.5072  0.4828 
   00196    0.2736   -8074.3484  0.4787 
   00197    0.2620   -8039.4464  0.4781 
   00198    0.2804   -8043.6104  0.4802 
   00199    0.2424   -8088.3909  0.4811 
   00200    0.2464   -8078.2879  0.4856 
   00201    0.2516   -8134.6857  0.4887 
   00202    0.2656   -8177.0478  0.4865 
   00203    0.2388   -8157.6513  0.4854 
   00204    0.2496   -8173.4236  0.4863 
   00205    0.2468   -8118.1208  0.4783 
   00206    0.2408   -8104.6812  0.4873 
   00207    0.2580   -8135.4179  0.4842 
   00208    0.2464   -8141.9554  0.4890 
   00209    0.2440   -8061.0195  0.4867 
   00210    0.2612   -8093.2659  0.4882 
   00211    0.2676   -8098.9420  0.4907 
   00212    0.2380   -8124.2183  0.4950 
   00213    0.2440   -8199.3387  0.4951 
   00214    0.2384   -8188.8097  0.4903 
   00215    0.2540   -8193.0390  0.4980 
   00216    0.2468   -8179.5723  0.4937 
   00217    0.2568   -8212.2323  0.4992 
   00218    0.2512   -8186.4610  0.4971 
   00219    0.2480   -8171.6715  0.5006 
   00220    0.2348   -8215.5317  0.4993 
   00221    0.2564   -8181.3317  0.4965 
   00222    0.2620   -8205.0776  0.4989 
   00223    0.2416   -8208.9632  0.4995 
   00224    0.2488   -8242.5118  0.5071 
   00225    0.2496   -8204.2126  0.4985 
   00226    0.2396   -8225.8793  0.5023 
   00227    0.2340   -8199.4809  0.5042 
   00228    0.2596   -8176.6837  0.5027 
   00229    0.2392   -8208.5188  0.5053 
   00230    0.2460   -8228.3230  0.5100 
   00231    0.2356   -8222.7927  0.5081 
   00232    0.2496   -8150.3974  0.5039 
   00233    0.2528   -8210.1058  0.5089 
   00234    0.2496   -8169.5432  0.5075 
   00235    0.2428   -8161.5528  0.5059 
   00236    0.2376   -8157.6457  0.5079 
   00237    0.2524   -8243.8859  0.5054 
   00238    0.2244   -8211.5572  0.5041 
   00239    0.2488   -8224.1807  0.5166 
   00240    0.2468   -8220.0550  0.5144 
   00241    0.2600   -8201.4471  0.5094 
   00242    0.2540   -8170.2839  0.5086 
   00243    0.2348   -8202.4867  0.5070 
   00244    0.2492   -8214.0111  0.5051 
   00245    0.2388   -8242.9914  0.5086 
   00246    0.2284   -8224.9488  0.5097 
   00247    0.2580   -8212.3358  0.5095 
   00248    0.2508   -8216.0719  0.5138 
   00249    0.2468   -8202.9266  0.5105 
   00250    0.2400   -8140.9861  0.5039 
   00251    0.2372   -8189.0354  0.5037 
   00252    0.2448   -8201.6295  0.5100 
   00253    0.2368   -8194.9208  0.5081 
   00254    0.2308   -8191.3823  0.5033 
   00255    0.2476   -8155.1255  0.5023 
   00256    0.2496   -8174.0252  0.5042 
   00257    0.2636   -8175.3569  0.5013 
   00258    0.2640   -8191.7114  0.5009 
   00259    0.2560   -8170.0322  0.4955 
   00260    0.2480   -8188.4673  0.4947 
   00261    0.2440   -8173.1662  0.4910 
   00262    0.2484   -8112.3606  0.4868 
   00263    0.2568   -8129.3278  0.4892 
   00264    0.2512   -8135.0631  0.4919 
   00265    0.2440   -8125.1806  0.4873 
   00266    0.2524   -8150.1766  0.4880 
   00267    0.2576   -8125.9513  0.4875 
   00268    0.2480   -8116.7063  0.4870 
   00269    0.2388   -8133.1419  0.4853 
   00270    0.2544   -8144.7973  0.4811 
   00271    0.2516   -8132.5197  0.4887 
   00272    0.2400   -8156.9590  0.4859 
   00273    0.2428   -8152.8235  0.4810 
   00274    0.2512   -8161.1427  0.4887 
   00275    0.2348   -8170.3651  0.4839 
   00276    0.2380   -8215.5701  0.4874 
   00277    0.2284   -8173.3282  0.4934 
   00278    0.2504   -8178.8793  0.4929 
   00279    0.2464   -8156.9504  0.4920 
   00280    0.2640   -8160.3764  0.4926 
   00281    0.2480   -8208.6977  0.5002 
   00282    0.2444   -8208.3484  0.4917 
   00283    0.2544   -8198.9107  0.4939 
   00284    0.2524   -8142.3558  0.4966 
   00285    0.2524   -8200.0767  0.5010 
   00286    0.2388   -8203.0753  0.4974 
   00287    0.2520   -8212.5811  0.4994 
   00288    0.2356   -8222.8584  0.5010 
   00289    0.2424   -8254.0296  0.5091 
   00290    0.2268   -8254.4561  0.5011 
   00291    0.2528   -8214.1577  0.4986 
   00292    0.2412   -8272.9313  0.5063 
   00293    0.2416   -8291.2884  0.5076 
   00294    0.2360   -8256.4953  0.5018 
   00295    0.2532   -8257.5454  0.4999 
   00296    0.2468   -8280.3722  0.5007 
   00297    0.2420   -8253.8536  0.5030 
   00298    0.2364   -8229.0506  0.5022 
   00299    0.2432   -8184.6387  0.4932 
   00300    0.2488   -8223.4796  0.4952 
   00301    0.2448   -8173.7953  0.4913 
   00302    0.2344   -8155.3728  0.4884 
   00303    0.2468   -8160.7392  0.4932 
   00304    0.2276   -8141.5560  0.4957 
   00305    0.2536   -8100.6658  0.4961 
   00306    0.2408   -8094.3390  0.4950 
   00307    0.2380   -8176.5952  0.4980 
   00308    0.2416   -8172.1248  0.4889 
   00309    0.2624   -8165.6188  0.4892 
   00310    0.2552   -8213.5982  0.4941 
   00311    0.2440   -8145.7815  0.4881 
   00312    0.2504   -8112.8810  0.4849 
   00313    0.2516   -8146.7322  0.4838 
   00314    0.2544   -8227.9426  0.4907 
   00315    0.2488   -8248.0046  0.4917 
   00316    0.2568   -8223.6063  0.4893 
   00317    0.2488   -8163.2295  0.4913 
   00318    0.2576   -8137.0100  0.4888 
   00319    0.2544   -8136.8401  0.4822 
   00320    0.2516   -8108.9034  0.4843 
   00321    0.2496   -8184.0966  0.4954 
   00322    0.2444   -8213.2628  0.4925 
   00323    0.2380   -8144.5888  0.4925 
   00324    0.2412   -8088.2661  0.4951 
   00325    0.2472   -8094.2244  0.4960 
   00326    0.2504   -8102.9005  0.4932 
   00327    0.2592   -8136.0222  0.4957 
   00328    0.2588   -8135.8041  0.4922 
   00329    0.2412   -8165.9432  0.4977 
   00330    0.2552   -8140.1677  0.5015 
   00331    0.2552   -8156.8907  0.5044 
   00332    0.2700   -8260.2451  0.5064 
   00333    0.2420   -8247.4724  0.5015 
   00334    0.2584   -8186.8251  0.4991 
   00335    0.2376   -8202.0937  0.4984 
   00336    0.2484   -8200.1580  0.5003 
   00337    0.2508   -8151.3009  0.5013 
   00338    0.2472   -8141.4665  0.5036 
   00339    0.2556   -8121.8256  0.5048 
   00340    0.2416   -8112.4745  0.5084 
   00341    0.2624   -8109.6689  0.5094 
   00342    0.2624   -8096.4998  0.5003 
   00343    0.2560   -8092.6873  0.5039 
   00344    0.2596   -8057.5931  0.5035 
   00345    0.2508   -8130.7923  0.5123 
   00346    0.2560   -8131.5486  0.5146 
   00347    0.2604   -8120.0342  0.5073 
   00348    0.2580   -8096.3283  0.5020 
   00349    0.2556   -8070.6093  0.5037 
   00350    0.2572   -8113.4260  0.5104 
   00351    0.2652   -8106.7789  0.5067 
   00352    0.2508   -8151.4634  0.5118 
   00353    0.2476   -8104.4542  0.5060 
   00354    0.2592   -8080.7775  0.5104 
   00355    0.2408   -8150.1851  0.5145 
   00356    0.2444   -8147.1026  0.5124 
   00357    0.2432   -8158.0542  0.5162 
   00358    0.2536   -8189.3376  0.5149 
   00359    0.2476   -8097.5876  0.5071 
   00360    0.2400   -8095.7827  0.5070 
   00361    0.2568   -8083.3980  0.5061 
   00362    0.2604   -8101.4951  0.5045 
   00363    0.2508   -8109.6906  0.5023 
   00364    0.2452   -8109.7542  0.5041 
   00365    0.2436   -8118.6154  0.5059 
   00366    0.2616   -8136.5101  0.5094 
   00367    0.2372   -8143.6798  0.5074 
   00368    0.2344   -8166.5152  0.5010 
   00369    0.2600   -8124.9568  0.5013 
   00370    0.2560   -8198.4052  0.4990 
   00371    0.2380   -8208.7649  0.4959 
   00372    0.2368   -8225.6768  0.4862 
   00373    0.2388   -8190.1122  0.4802 
   00374    0.2296   -8179.9081  0.4736 
   00375    0.2540   -8205.6399  0.4725 
   00376    0.2420   -8169.6246  0.4705 
   00377    0.2596   -8180.2410  0.4626 
   00378    0.2484   -8147.6182  0.4583 
   00379    0.2472   -8106.6444  0.4642 
   00380    0.2544   -8200.3132  0.4601 
   00381    0.2452   -8237.0568  0.4667 
   00382    0.2392   -8188.7594  0.4640 
   00383    0.2480   -8247.2852  0.4674 
   00384    0.2432   -8190.0477  0.4646 
   00385    0.2288   -8172.7372  0.4680 
   00386    0.2516   -8214.3787  0.4681 
   00387    0.2448   -8241.7217  0.4727 
   00388    0.2648   -8218.3941  0.4746 
   00389    0.2344   -8206.3444  0.4804 
   00390    0.2420   -8201.1061  0.4825 
   00391    0.2472   -8176.3734  0.4855 
   00392    0.2568   -8178.1804  0.4856 
   00393    0.2324   -8189.6732  0.4849 
   00394    0.2244   -8121.8699  0.4783 
   00395    0.2544   -8181.8659  0.4769 
   00396    0.2456   -8194.9451  0.4789 
   00397    0.2420   -8162.5116  0.4721 
   00398    0.2568   -8133.6972  0.4743 
   00399    0.2620   -8168.9231  0.4755 
   00400    0.2408   -8193.4585  0.4681 
   00401    0.2552   -8179.8291  0.4688 
   00402    0.2368   -8165.8071  0.4718 
   00403    0.2420   -8158.6018  0.4739 
   00404    0.2640   -8154.7660  0.4791 
   00405    0.2660   -8230.9680  0.4754 
   00406    0.2368   -8228.1121  0.4744 
   00407    0.2588   -8136.1685  0.4675 
   00408    0.2380   -8108.6499  0.4652 
   00409    0.2340   -8149.7801  0.4627 
   00410    0.2520   -8142.0082  0.4618 
   00411    0.2416   -8152.7108  0.4626 
   00412    0.2524   -8201.8231  0.4643 
   00413    0.2300   -8171.4103  0.4637 
   00414    0.2384   -8167.4384  0.4620 
   00415    0.2436   -8211.8524  0.4653 
   00416    0.2384   -8238.3940  0.4617 
   00417    0.2508   -8222.2659  0.4688 
   00418    0.2548   -8231.2874  0.4703 
   00419    0.2560   -8216.5912  0.4685 
   00420    0.2536   -8215.4040  0.4678 
   00421    0.2616   -8119.7589  0.4640 
   00422    0.2376   -8146.7174  0.4690 
   00423    0.2376   -8130.4880  0.4667 
   00424    0.2460   -8149.2762  0.4650 
   00425    0.2508   -8111.9830  0.4640 
   00426    0.2464   -8122.0250  0.4584 
   00427    0.2656   -8192.0277  0.4613 
   00428    0.2492   -8241.3296  0.4632 
   00429    0.2436   -8170.7457  0.4667 
   00430    0.2416   -8230.4278  0.4727 
   00431    0.2456   -8163.3191  0.4694 
   00432    0.2428   -8203.4841  0.4694 
   00433    0.2488   -8137.8706  0.4684 
   00434    0.2600   -8133.6128  0.4634 
   00435    0.2480   -8107.1613  0.4597 
   00436    0.2576   -8104.9040  0.4613 
   00437    0.2492   -8124.2147  0.4611 
   00438    0.2468   -8166.1328  0.4603 
   00439    0.2368   -8194.5552  0.4613 
   00440    0.2568   -8194.3677  0.4578 
   00441    0.2584   -8187.6263  0.4555 
   00442    0.2452   -8179.2759  0.4589 
   00443    0.2600   -8110.0361  0.4546 
   00444    0.2412   -8070.1390  0.4510 
   00445    0.2660   -8113.8528  0.4513 
   00446    0.2644   -8146.5798  0.4512 
   00447    0.2508   -8170.1718  0.4524 
   00448    0.2572   -8182.9408  0.4510 
   00449    0.2548   -8103.8926  0.4535 
   00450    0.2624   -8111.2661  0.4580 
   00451    0.2596   -8133.5196  0.4547 
   00452    0.2644   -8062.9047  0.4542 
   00453    0.2476   -8084.6087  0.4521 
   00454    0.2588   -8092.5205  0.4477 
   00455    0.2528   -8095.5759  0.4442 
   00456    0.2392   -8072.1211  0.4436 
   00457    0.2572   -8060.4862  0.4349 
   00458    0.2712   -8032.5774  0.4332 
   00459    0.2632   -8025.8317  0.4326 
   00460    0.2660   -8088.5619  0.4401 
   00461    0.2636   -8077.9360  0.4439 
   00462    0.2428   -8042.5144  0.4378 
   00463    0.2644   -8045.7013  0.4351 
   00464    0.2672   -8061.2236  0.4387 
   00465    0.2584   -8116.4203  0.4366 
   00466    0.2516   -8145.8370  0.4401 
   00467    0.2604   -8190.5530  0.4412 
   00468    0.2424   -8167.7350  0.4493 
   00469    0.2408   -8142.7618  0.4480 
   00470    0.2488   -8147.4779  0.4481 
   00471    0.2532   -8163.1700  0.4504 
   00472    0.2532   -8214.2441  0.4613 
   00473    0.2580   -8192.4012  0.4612 
   00474    0.2540   -8188.3539  0.4563 
   00475    0.2608   -8187.5178  0.4569 
   00476    0.2348   -8171.9376  0.4583 
   00477    0.2440   -8184.6163  0.4570 
   00478    0.2500   -8169.7030  0.4572 
   00479    0.2584   -8141.6014  0.4608 
   00480    0.2484   -8166.5750  0.4609 
   00481    0.2480   -8185.7052  0.4682 
   00482    0.2364   -8190.0652  0.4702 
   00483    0.2484   -8155.1141  0.4682 
   00484    0.2560   -8166.4481  0.4626 
   00485    0.2476   -8157.6271  0.4662 
   00486    0.2516   -8117.2310  0.4673 
   00487    0.2444   -8060.1546  0.4651 
   00488    0.2456   -8099.8281  0.4685 
   00489    0.2632   -8070.3131  0.4658 
   00490    0.2724   -8097.4400  0.4700 
   00491    0.2560   -8102.8551  0.4737 
   00492    0.2688   -8164.7408  0.4824 
   00493    0.2460   -8179.6832  0.4770 
   00494    0.2456   -8213.0152  0.4754 
   00495    0.2524   -8197.5313  0.4764 
   00496    0.2388   -8184.9036  0.4762 
   00497    0.2492   -8156.6990  0.4780 
   00498    0.2344   -8135.5536  0.4694 
   00499    0.2448   -8109.0231  0.4625 
   00500    0.2424   -8120.5285  0.4674 
   00501    0.2464   -8108.4044  0.4585 
   00502    0.2664   -8128.0187  0.4545 
   00503    0.2364   -8140.5668  0.4524 
   00504    0.2772   -8075.2284  0.4473 
   00505    0.2820   -8149.1419  0.4495 
   00506    0.2524   -8111.9273  0.4429 
   00507    0.2504   -8152.2184  0.4420 
   00508    0.2532   -8121.3235  0.4463 
   00509    0.2640   -8135.1455  0.4444 
   00510    0.2600   -8157.2098  0.4422 
   00511    0.2496   -8088.3679  0.4399 
   00512    0.2492   -8036.2701  0.4379 
   00513    0.2540   -8112.8481  0.4380 
   00514    0.2560   -8085.4620  0.4405 
   00515    0.2372   -8100.1558  0.4457 
   00516    0.2596   -8084.7922  0.4432 
   00517    0.2412   -8089.8409  0.4451 
   00518    0.2476   -8075.4769  0.4456 
   00519    0.2552   -8057.9405  0.4537 
   00520    0.2580   -8072.0357  0.4666 
   00521    0.2544   -8055.8349  0.4665 
   00522    0.2472   -8052.2194  0.4587 
   00523    0.2568   -8027.6661  0.4594 
   00524    0.2492   -8006.1399  0.4653 
   00525    0.2772   -8035.5494  0.4660 
   00526    0.2512   -8018.8526  0.4685 
   00527    0.2564   -7991.4807  0.4683 
   00528    0.2448   -8028.2996  0.4769 
   00529    0.2652   -7991.1002  0.4703 
   00530    0.2528   -7943.7816  0.4766 
   00531    0.2544   -7984.8916  0.4835 
   00532    0.2488   -8003.5863  0.4817 
   00533    0.2740   -8005.7213  0.4877 
   00534    0.2700   -8069.3484  0.4893 
   00535    0.2536   -8005.3490  0.4832 
   00536    0.2580   -8023.2973  0.4778 
   00537    0.2460   -7967.3106  0.4767 
   00538    0.2564   -7987.0736  0.4768 
   00539    0.2632   -8029.0851  0.4802 
   00540    0.2424   -8010.5286  0.4770 
   00541    0.2564   -7966.1228  0.4755 
   00542    0.2704   -7981.2947  0.4770 
   00543    0.2620   -7992.8430  0.4756 
   00544    0.2656   -8046.1978  0.4807 
   00545    0.2532   -8054.9865  0.4832 
   00546    0.2528   -8058.8104  0.4832 
   00547    0.2504   -8022.1336  0.4806 
   00548    0.2620   -8059.2106  0.4872 
   00549    0.2668   -8031.4895  0.4817 
   00550    0.2436   -8052.5675  0.4764 
   00551    0.2476   -8124.3489  0.4851 
   00552    0.2588   -8126.0941  0.4823 
   00553    0.2612   -8083.3529  0.4813 
   00554    0.2480   -8078.1157  0.4725 
   00555    0.2716   -8091.8140  0.4686 
   00556    0.2516   -8066.3367  0.4623 
   00557    0.2524   -8063.9447  0.4582 
   00558    0.2524   -8084.3548  0.4556 
   00559    0.2792   -8061.8461  0.4585 
   00560    0.2600   -8095.8892  0.4622 
   00561    0.2544   -8070.2631  0.4664 
   00562    0.2456   -8086.1417  0.4725 
   00563    0.2472   -8062.5860  0.4739 
   00564    0.2440   -8079.0345  0.4736 
   00565    0.2632   -8097.5000  0.4738 
   00566    0.2472   -8109.9646  0.4742 
   00567    0.2544   -8047.4831  0.4680 
   00568    0.2692   -8068.6373  0.4727 
   00569    0.2464   -8108.6664  0.4724 
   00570    0.2528   -8086.9231  0.4713 
   00571    0.2552   -8140.9703  0.4729 
   00572    0.2516   -8178.3140  0.4744 
   00573    0.2436   -8223.1277  0.4770 
   00574    0.2528   -8193.5340  0.4728 
   00575    0.2572   -8166.5013  0.4761 
   00576    0.2472   -8169.6415  0.4722 
   00577    0.2392   -8189.7707  0.4685 
   00578    0.2500   -8192.9204  0.4661 
   00579    0.2384   -8178.6261  0.4705 
   00580    0.2616   -8179.6359  0.4748 
   00581    0.2384   -8249.6030  0.4739 
   00582    0.2396   -8223.3908  0.4691 
   00583    0.2380   -8225.4900  0.4671 
   00584    0.2428   -8197.1009  0.4682 
   00585    0.2408   -8218.8510  0.4686 
   00586    0.2384   -8178.3833  0.4635 
   00587    0.2552   -8249.0179  0.4734 
   00588    0.2448   -8250.0818  0.4692 
   00589    0.2464   -8247.2204  0.4704 
   00590    0.2332   -8184.5115  0.4618 
   00591    0.2348   -8198.7956  0.4623 
   00592    0.2456   -8198.8138  0.4601 
   00593    0.2536   -8137.1763  0.4666 
   00594    0.2508   -8116.2477  0.4721 
   00595    0.2536   -8086.5355  0.4767 
   00596    0.2492   -8068.0503  0.4802 
   00597    0.2436   -8054.3734  0.4854 
   00598    0.2712   -8131.2407  0.4863 
   00599    0.2568   -8156.0347  0.4912 
   00600    0.2520   -8160.8320  0.4970 
   00601    0.2472   -8194.2572  0.5079 
   00602    0.2552   -8141.0504  0.5102 
   00603    0.2468   -8160.9166  0.5138 
   00604    0.2580   -8195.1288  0.5047 
   00605    0.2664   -8167.7165  0.5007 
   00606    0.2444   -8214.3364  0.4967 
   00607    0.2528   -8194.2959  0.5023 
   00608    0.2588   -8185.4108  0.5083 
   00609    0.2436   -8247.0879  0.5079 
   00610    0.2384   -8187.4526  0.5145 
   00611    0.2428   -8128.0541  0.5174 
   00612    0.2672   -8129.0201  0.5113 
   00613    0.2620   -8128.3064  0.5111 
   00614    0.2356   -8086.2964  0.5099 
   00615    0.2556   -8092.8011  0.5113 
   00616    0.2576   -8147.1904  0.5107 
   00617    0.2488   -8147.3212  0.5088 
   00618    0.2500   -8115.1151  0.5109 
   00619    0.2460   -8117.0559  0.5097 
   00620    0.2536   -8151.4851  0.5059 
   00621    0.2472   -8082.9355  0.5121 
   00622    0.2372   -8077.7598  0.5126 
   00623    0.2352   -8104.4414  0.5124 
   00624    0.2492   -8138.3516  0.5170 
   00625    0.2468   -8125.4798  0.5160 
   00626    0.2496   -8133.7250  0.5075 
   00627    0.2588   -8148.6306  0.5113 
   00628    0.2568   -8141.8585  0.5039 
   00629    0.2584   -8141.9334  0.5024 
   00630    0.2436   -8151.1487  0.4983 
   00631    0.2532   -8135.7035  0.4972 
   00632    0.2648   -8175.9983  0.4959 
   00633    0.2744   -8190.8322  0.4985 
   00634    0.2480   -8172.5159  0.5010 
   00635    0.2508   -8108.0641  0.5027 
   00636    0.2408   -8166.3543  0.5062 
   00637    0.2556   -8204.9246  0.5051 
   00638    0.2480   -8218.1330  0.5016 
   00639    0.2572   -8177.7485  0.5025 
   00640    0.2464   -8144.3686  0.5085 
   00641    0.2492   -8205.3535  0.5079 
   00642    0.2420   -8174.0359  0.5070 
   00643    0.2444   -8179.1168  0.5080 
   00644    0.2524   -8233.0423  0.5052 
   00645    0.2364   -8179.4997  0.5068 
   00646    0.2416   -8194.1156  0.5075 
   00647    0.2412   -8195.1559  0.5090 
   00648    0.2400   -8200.9085  0.5102 
   00649    0.2480   -8172.5287  0.5055 
   00650    0.2428   -8153.6317  0.5129 
   00651    0.2560   -8143.8917  0.5182 
   00652    0.2356   -8179.9044  0.5206 
   00653    0.2452   -8157.4151  0.5212 
   00654    0.2472   -8231.5307  0.5200 
   00655    0.2348   -8187.1081  0.5227 
   00656    0.2492   -8129.6381  0.5220 
   00657    0.2620   -8177.7245  0.5247 
   00658    0.2360   -8192.0336  0.5223 
   00659    0.2264   -8190.7465  0.5194 
   00660    0.2448   -8164.1704  0.5190 
   00661    0.2548   -8122.6831  0.5148 
   00662    0.2564   -8094.9040  0.5080 
   00663    0.2356   -8149.5409  0.5013 
   00664    0.2564   -8166.4772  0.5016 
   00665    0.2476   -8160.0121  0.5045 
   00666    0.2524   -8120.3030  0.5007 
   00667    0.2340   -8133.7724  0.4986 
   00668    0.2440   -8180.1230  0.5018 
   00669    0.2536   -8117.6327  0.5007 
   00670    0.2576   -8113.6075  0.4975 
   00671    0.2536   -8139.8184  0.4972 
   00672    0.2600   -8180.7562  0.5049 
   00673    0.2480   -8196.9294  0.5047 
   00674    0.2456   -8203.9701  0.5071 
   00675    0.2640   -8219.6271  0.5017 
   00676    0.2372   -8175.2393  0.4967 
   00677    0.2512   -8186.0462  0.4938 
   00678    0.2504   -8214.1763  0.4929 
   00679    0.2536   -8216.6114  0.4926 
   00680    0.2416   -8178.3923  0.4905 
   00681    0.2584   -8149.8481  0.4855 
   00682    0.2572   -8190.6836  0.4922 
   00683    0.2452   -8214.7700  0.4903 
   00684    0.2556   -8177.2785  0.4834 
   00685    0.2508   -8136.7791  0.4836 
   00686    0.2428   -8097.7310  0.4832 
   00687    0.2592   -8060.8831  0.4820 
   00688    0.2616   -8053.1876  0.4841 
   00689    0.2612   -8086.1975  0.4905 
   00690    0.2496   -8115.8572  0.4897 
   00691    0.2372   -8050.6495  0.4872 
   00692    0.2636   -8024.8715  0.4826 
   00693    0.2540   -8053.5285  0.4846 
   00694    0.2648   -8073.9853  0.4854 
   00695    0.2788   -8071.1289  0.4971 
   00696    0.2520   -8096.9516  0.5024 
   00697    0.2524   -8088.2323  0.5013 
   00698    0.2692   -8081.4714  0.4958 
   00699    0.2644   -8108.7295  0.4963 
   00700    0.2540   -8113.8839  0.4973 
   00701    0.2412   -8083.3153  0.4938 
   00702    0.2512   -8094.9343  0.4967 
   00703    0.2440   -8096.2899  0.4919 
   00704    0.2424   -8095.4876  0.4953 
   00705    0.2608   -8098.3501  0.5002 
   00706    0.2448   -8046.2954  0.4911 
   00707    0.2636   -8031.8426  0.4868 
   00708    0.2432   -8102.4475  0.4854 
   00709    0.2536   -8111.3164  0.4842 
   00710    0.2592   -8181.7445  0.4832 
   00711    0.2412   -8199.1190  0.4780 
   00712    0.2384   -8166.2532  0.4708 
   00713    0.2452   -8087.9279  0.4718 
   00714    0.2452   -8076.1115  0.4800 
   00715    0.2660   -8123.8459  0.4829 
   00716    0.2508   -8099.3858  0.4828 
   00717    0.2436   -8080.3712  0.4887 
   00718    0.2584   -8138.9711  0.4952 
   00719    0.2532   -8160.9850  0.5005 
   00720    0.2468   -8251.7957  0.4980 
   00721    0.2456   -8213.5506  0.4966 
   00722    0.2328   -8164.8076  0.4956 
   00723    0.2624   -8153.5054  0.4963 
   00724    0.2420   -8153.8990  0.4998 
   00725    0.2476   -8155.2742  0.5079 
   00726    0.2488   -8158.9407  0.5109 
   00727    0.2560   -8163.6913  0.5129 
   00728    0.2460   -8190.6785  0.5106 
   00729    0.2404   -8207.8113  0.5106 
   00730    0.2536   -8123.2403  0.5115 
   00731    0.2552   -8159.9110  0.5066 
   00732    0.2732   -8191.5452  0.5151 
   00733    0.2588   -8220.8292  0.5134 
   00734    0.2640   -8182.9568  0.5124 
   00735    0.2340   -8155.4275  0.5070 
   00736    0.2496   -8195.8613  0.5070 
   00737    0.2328   -8126.6286  0.5131 
   00738    0.2756   -8178.2724  0.5139 
   00739    0.2600   -8184.0063  0.5129 
   00740    0.2616   -8205.3214  0.5114 
   00741    0.2496   -8158.1876  0.5139 
   00742    0.2472   -8209.9999  0.5114 
   00743    0.2440   -8198.5449  0.5128 
   00744    0.2592   -8227.7827  0.5103 
   00745    0.2428   -8170.9563  0.5109 
   00746    0.2692   -8128.6240  0.5095 
   00747    0.2536   -8129.8829  0.5130 
   00748    0.2528   -8138.9103  0.5161 
   00749    0.2360   -8117.2877  0.5084 
   00750    0.2420   -8065.0717  0.5052 
   00751    0.2508   -8092.0075  0.5124 
   00752    0.2432   -8083.7093  0.5163 
   00753    0.2616   -8111.5780  0.5193 
   00754    0.2636   -8158.5570  0.5242 
   00755    0.2720   -8111.8886  0.5311 
   00756    0.2492   -8126.5501  0.5271 
   00757    0.2636   -8086.2657  0.5271 
   00758    0.2736   -8105.8910  0.5267 
   00759    0.2536   -8097.5377  0.5272 
   00760    0.2344   -8125.2433  0.5301 
   00761    0.2536   -8121.6988  0.5231 
   00762    0.2480   -8090.9704  0.5220 
   00763    0.2620   -8124.1270  0.5241 
   00764    0.2444   -8126.1496  0.5295 
   00765    0.2600   -8141.5066  0.5279 
   00766    0.2508   -8160.6415  0.5319 
   00767    0.2436   -8224.3832  0.5325 
   00768    0.2452   -8207.7010  0.5290 
   00769    0.2544   -8218.5766  0.5250 
   00770    0.2512   -8227.7504  0.5248 
   00771    0.2488   -8204.3571  0.5249 
   00772    0.2428   -8247.6283  0.5370 
   00773    0.2428   -8275.0542  0.5438 
   00774    0.2292   -8222.2502  0.5404 
   00775    0.2492   -8204.4555  0.5356 
   00776    0.2496   -8150.2700  0.5364 
   00777    0.2552   -8091.5173  0.5306 
   00778    0.2520   -8120.4334  0.5246 
   00779    0.2272   -8131.2099  0.5215 
   00780    0.2520   -8105.7104  0.5235 
   00781    0.2612   -8071.2519  0.5182 
   00782    0.2584   -8111.5879  0.5202 
   00783    0.2468   -8145.9178  0.5242 
   00784    0.2596   -8089.9708  0.5181 
   00785    0.2688   -8082.1415  0.5146 
   00786    0.2676   -8044.1955  0.5151 
   00787    0.2604   -8047.9439  0.5146 
   00788    0.2552   -8058.3353  0.5162 
   00789    0.2592   -8068.7104  0.5167 
   00790    0.2632   -8108.2846  0.5185 
   00791    0.2456   -8109.2063  0.5176 
   00792    0.2392   -8111.4331  0.5282 
   00793    0.2552   -8112.4714  0.5305 
   00794    0.2436   -8080.6028  0.5265 
   00795    0.2472   -8080.7576  0.5203 
   00796    0.2516   -8168.6020  0.5252 
   00797    0.2528   -8169.0678  0.5290 
   00798    0.2468   -8134.3083  0.5336 
   00799    0.2360   -8142.2318  0.5339 
   00800    0.2480   -8139.7923  0.5394 
   00801    0.2644   -8141.7406  0.5439 
   00802    0.2504   -8145.4380  0.5494 
   00803    0.2496   -8142.5713  0.5490 
   00804    0.2512   -8211.2895  0.5520 
   00805    0.2300   -8175.7399  0.5546 
   00806    0.2668   -8176.0258  0.5525 
   00807    0.2480   -8145.4780  0.5552 
   00808    0.2568   -8113.4055  0.5522 
   00809    0.2516   -8110.9636  0.5574 
   00810    0.2668   -8184.8922  0.5609 
   00811    0.2244   -8187.0767  0.5587 
   00812    0.2508   -8188.6683  0.5573 
   00813    0.2364   -8172.7932  0.5585 
   00814    0.2440   -8201.4425  0.5556 
   00815    0.2372   -8129.5913  0.5585 
   00816    0.2348   -8124.5161  0.5642 
   00817    0.2484   -8149.6785  0.5624 
   00818    0.2520   -8097.6013  0.5563 
   00819    0.2536   -8057.9502  0.5538 
   00820    0.2500   -8068.2630  0.5543 
   00821    0.2492   -8070.8004  0.5513 
   00822    0.2316   -8083.0645  0.5558 
   00823    0.2564   -8090.4214  0.5563 
   00824    0.2452   -8083.4316  0.5446 
   00825    0.2600   -8092.5502  0.5455 
   00826    0.2496   -8093.0924  0.5441 
   00827    0.2484   -8110.9424  0.5456 
   00828    0.2668   -8109.5583  0.5499 
   00829    0.2536   -8106.8392  0.5584 
   00830    0.2600   -8114.4369  0.5596 
   00831    0.2360   -8086.9365  0.5628 
   00832    0.2436   -8113.7214  0.5617 
   00833    0.2384   -8108.8773  0.5583 
   00834    0.2364   -8184.9968  0.5602 
   00835    0.2464   -8155.1315  0.5576 
   00836    0.2492   -8165.1085  0.5662 
   00837    0.2556   -8138.3642  0.5586 
   00838    0.2716   -8109.5241  0.5609 
   00839    0.2540   -8083.0869  0.5659 
   00840    0.2572   -8068.0378  0.5673 
   00841    0.2500   -8072.6124  0.5635 
   00842    0.2632   -8142.6820  0.5625 
   00843    0.2644   -8124.9792  0.5614 
   00844    0.2532   -8151.8684  0.5603 
   00845    0.2484   -8117.1915  0.5644 
   00846    0.2420   -8058.2434  0.5612 
   00847    0.2596   -8094.3496  0.5633 
   00848    0.2740   -8074.4917  0.5623 
   00849    0.2552   -8114.0011  0.5637 
   00850    0.2492   -8109.5766  0.5632 
   00851    0.2532   -8128.6056  0.5575 
   00852    0.2472   -8120.0016  0.5609 
   00853    0.2580   -8111.9137  0.5623 
   00854    0.2552   -8107.8523  0.5568 
   00855    0.2416   -8124.6339  0.5589 
   00856    0.2664   -8147.0502  0.5601 
   00857    0.2584   -8144.0952  0.5641 
   00858    0.2436   -8133.2304  0.5714 
   00859    0.2524   -8161.2989  0.5643 
   00860    0.2484   -8140.4379  0.5579 
   00861    0.2632   -8132.5453  0.5554 
   00862    0.2504   -8151.1618  0.5569 
   00863    0.2376   -8183.1308  0.5590 
   00864    0.2484   -8188.7737  0.5530 
   00865    0.2488   -8183.0963  0.5621 
   00866    0.2388   -8190.6100  0.5568 
   00867    0.2520   -8184.0105  0.5645 
   00868    0.2480   -8166.6808  0.5595 
   00869    0.2524   -8129.8302  0.5585 
   00870    0.2508   -8137.7749  0.5612 
   00871    0.2448   -8087.1873  0.5603 
   00872    0.2740   -8105.8912  0.5586 
   00873    0.2460   -8062.1159  0.5553 
   00874    0.2600   -8064.0205  0.5550 
   00875    0.2616   -8082.3704  0.5528 
   00876    0.2568   -8054.1830  0.5465 
   00877    0.2532   -8103.7274  0.5554 
   00878    0.2624   -8076.0801  0.5546 
   00879    0.2512   -8126.3424  0.5624 
   00880    0.2344   -8088.6744  0.5567 
   00881    0.2544   -8086.6294  0.5531 
   00882    0.2428   -8136.4435  0.5540 
   00883    0.2432   -8046.3268  0.5514 
   00884    0.2624   -8062.5148  0.5500 
   00885    0.2544   -8061.3540  0.5464 
   00886    0.2616   -8077.9762  0.5458 
   00887    0.2540   -8119.6578  0.5523 
   00888    0.2564   -8117.8888  0.5493 
   00889    0.2428   -8148.3821  0.5487 
   00890    0.2560   -8119.4396  0.5390 
   00891    0.2552   -8164.2533  0.5339 
   00892    0.2432   -8152.6271  0.5307 
   00893    0.2428   -8104.2111  0.5330 
   00894    0.2576   -8040.4394  0.5318 
   00895    0.2588   -8087.4067  0.5348 
   00896    0.2628   -8020.4101  0.5377 
   00897    0.2516   -8057.4241  0.5449 
   00898    0.2480   -8150.6492  0.5473 
   00899    0.2348   -8132.1282  0.5467 
   00900    0.2592   -8119.9380  0.5393 
   00901    0.2604   -8116.8072  0.5368 
   00902    0.2456   -8081.4517  0.5443 
   00903    0.2444   -8166.9384  0.5451 
   00904    0.2628   -8171.4409  0.5490 
   00905    0.2512   -8188.0162  0.5503 
   00906    0.2456   -8141.0732  0.5483 
   00907    0.2724   -8167.0488  0.5573 
   00908    0.2652   -8167.4816  0.5553 
   00909    0.2488   -8172.2145  0.5563 
   00910    0.2456   -8158.1461  0.5606 
   00911    0.2588   -8130.6227  0.5642 
   00912    0.2528   -8114.0340  0.5640 
   00913    0.2524   -8182.4633  0.5740 
   00914    0.2380   -8113.9251  0.5676 
   00915    0.2392   -8148.8044  0.5677 
   00916    0.2348   -8143.7031  0.5654 
   00917    0.2476   -8123.5915  0.5732 
   00918    0.2572   -8134.7709  0.5671 
   00919    0.2368   -8158.8982  0.5666 
   00920    0.2680   -8140.6794  0.5700 
   00921    0.2468   -8152.3823  0.5672 
   00922    0.2696   -8180.8179  0.5629 
   00923    0.2608   -8136.0054  0.5674 
   00924    0.2576   -8117.2034  0.5740 
   00925    0.2612   -8187.7689  0.5818 
   00926    0.2360   -8126.0977  0.5778 
   00927    0.2352   -8199.4691  0.5886 
   00928    0.2588   -8209.0071  0.5913 
   00929    0.2556   -8189.8371  0.5940 
   00930    0.2444   -8216.9261  0.5979 
   00931    0.2580   -8237.1937  0.6013 
   00932    0.2432   -8270.4699  0.6014 
   00933    0.2420   -8271.2468  0.6033 
   00934    0.2456   -8220.1835  0.5986 
   00935    0.2536   -8205.6784  0.6007 
   00936    0.2476   -8170.0920  0.5985 
   00937    0.2588   -8093.3637  0.5920 
   00938    0.2532   -8100.2185  0.5895 
   00939    0.2512   -8064.3495  0.5890 
   00940    0.2788   -8023.7458  0.5871 
   00941    0.2336   -8065.1527  0.5885 
   00942    0.2588   -8089.0755  0.5887 
   00943    0.2456   -8104.3271  0.5920 
   00944    0.2592   -8136.7921  0.5948 
   00945    0.2532   -8105.6012  0.5971 
   00946    0.2512   -8112.7260  0.5976 
   00947    0.2548   -8127.4189  0.5981 
   00948    0.2372   -8147.2160  0.6039 
   00949    0.2408   -8109.0034  0.6008 
   00950    0.2452   -8058.0236  0.5996 
   00951    0.2548   -8082.7746  0.5998 
   00952    0.2560   -8097.5196  0.6012 
   00953    0.2584   -8158.6315  0.5994 
   00954    0.2192   -8191.5970  0.5967 
   00955    0.2252   -8209.1248  0.5996 
   00956    0.2604   -8164.3453  0.5935 
   00957    0.2496   -8176.9261  0.5933 
   00958    0.2624   -8135.9325  0.5858 
   00959    0.2380   -8145.4904  0.5859 
   00960    0.2480   -8142.3693  0.5876 
   00961    0.2536   -8145.1706  0.5854 
   00962    0.2524   -8144.2414  0.5855 
   00963    0.2668   -8115.1313  0.5825 
   00964    0.2516   -8108.2889  0.5772 
   00965    0.2624   -8042.1119  0.5744 
   00966    0.2584   -8061.3414  0.5725 
   00967    0.2600   -8047.1345  0.5738 
   00968    0.2644   -8067.7553  0.5771 
   00969    0.2440   -8052.7892  0.5804 
   00970    0.2492   -8040.8279  0.5837 
   00971    0.2600   -8105.0063  0.5866 
   00972    0.2572   -8064.5912  0.5896 
   00973    0.2476   -8067.5357  0.5871 
   00974    0.2452   -8070.1449  0.5879 
   00975    0.2576   -8124.6133  0.5880 
   00976    0.2528   -8087.8360  0.5840 
   00977    0.2568   -8177.3098  0.5900 
   00978    0.2484   -8146.8115  0.5887 
   00979    0.2484   -8170.4160  0.5902 
   00980    0.2708   -8174.8674  0.5860 
   00981    0.2532   -8174.2260  0.5891 
   00982    0.2500   -8145.7639  0.5910 
   00983    0.2564   -8152.5495  0.5958 
   00984    0.2584   -8246.5463  0.6030 
   00985    0.2396   -8243.4911  0.5958 
   00986    0.2588   -8149.1654  0.5931 
   00987    0.2380   -8172.2660  0.5922 
   00988    0.2364   -8177.4550  0.5927 
   00989    0.2544   -8186.2405  0.5937 
   00990    0.2480   -8190.4465  0.5990 
   00991    0.2716   -8241.9609  0.6009 
   00992    0.2368   -8202.9954  0.6071 
   00993    0.2392   -8212.2214  0.6112 
   00994    0.2288   -8231.4554  0.6158 
   00995    0.2544   -8198.3049  0.6117 
   00996    0.2512   -8170.7826  0.6093 
   00997    0.2464   -8206.7565  0.6189 
   00998    0.2456   -8205.0980  0.6211 
   00999    0.2644   -8160.0945  0.6184 
   01000    0.2532   -8136.2811  0.6217 
