#=====================================================
# File created:        Sun-02-Nov-2025-at-08-09-15PM
# Size of lattice:     50x50
# Number of MC steps:  1000
# Reduced temperature: 0.500
# Run time (s):        11.682111
#=====================================================
# MC step:  Ratio:     Energy:   Order:
#=====================================================
   00000    0.5000   -2549.2828  0.2580 
   00001    0.6340   -3723.7528  0.2571 
   00002    0.5312   -4452.0054  0.2586 
   00003    0.5104   -4969.1981  0.2674 
   00004    0.4588   -5305.7723  0.2861 
   00005    0.4452   -5533.5133  0.2914 
   00006    0.4352   -5781.8363  0.2877 
   00007    0.4032   -6014.1698  0.2988 
   00008    0.3744   -6101.9830  0.3074 
   00009    0.4000   -6242.6080  0.3134 
   00010    0.3496   -6322.1164  0.3081 
   00011    0.3688   -6439.8159  0.3045 
   00012    0.3624   -6494.9336  0.2988 
   00013    0.3504   -6601.6714  0.3042 
   00014    0.3648   -6667.3919  0.3045 
   00015    0.3392   -6755.0792  0.3094 
   00016    0.3256   -6778.7601  0.3096 
   00017    0.3464   -6862.5454  0.3110 
   00018    0.3316   -6953.2173  0.3221 
   00019    0.3312   -7069.0603  0.3187 
   00020    0.3164   -7077.9834  0.3213 
   00021    0.3292   -7109.6464  0.3237 
   00022    0.3176   -7127.1314  0.3359 
   00023    0.3140   -7197.6056  0.3351 
   00024    0.3100   -7162.8648  0.3430 
   00025    0.3168   -7190.2282  0.3405 
   00026    0.3052   -7186.1824  0.3426 
   00027    0.2976   -7174.3380  0.3432 
   00028    0.2852   -7212.5015  0.3361 
   00029    0.3160   -7292.0739  0.3448 
   00030    0.2912   -7299.3291  0.3424 
   00031    0.3052   -7298.0731  0.3471 
   00032    0.2960   -7282.7201  0.3524 
   00033    0.2944   -7346.8900  0.3516 
   00034    0.2908   -7380.8164  0.3528 
   00035    0.3060   -7354.1652  0.3564 
   00036    0.3052   -7402.0117  0.3561 
   00037    0.2884   -7373.5753  0.3502 
   00038    0.3096   -7382.6309  0.3624 
   00039    0.3084   -7362.9319  0.3662 
   00040    0.3032   -7449.1196  0.3759 
   00041    0.3000   -7427.7372  0.3697 
   00042    0.2992   -7386.2373  0.3699 
   00043    0.2800   -7449.9336  0.3663 
   00044    0.3148   -7471.8179  0.3630 
   00045    0.3048   -7502.1290  0.3599 
   00046    0.3000   -7473.8403  0.3608 
   00047    0.2780   -7494.2681  0.3585 
   00048    0.2884   -7533.7925  0.3634 
   00049    0.2784   -7531.9904  0.3633 
   00050    0.2856   -7491.1156  0.3657 
   00051    0.2848   -7504.8759  0.3638 
   00052    0.3024   -7486.9741  0.3625 
   00053    0.2844   -7488.1722  0.3662 
   00054    0.2840   -7484.8205  0.3755 
   00055    0.2900   -7463.5613  0.3817 
   00056    0.3036   -7500.6554  0.3789 
   00057    0.2928   -7578.2784  0.3819 
   00058    0.2960   -7514.3028  0.3851 
   00059    0.2992   -7518.8998  0.3850 
   00060    0.2928   -7569.1671  0.3831 
   00061    0.2888   -7581.0038  0.3773 
   00062    0.2780   -7611.2583  0.3762 
   00063    0.2756   -7560.3906  0.3834 
   00064    0.2860   -7557.9472  0.3848 
   00065    0.3160   -7536.7849  0.3835 
   00066    0.2736   -7529.7974  0.3884 
   00067    0.2640   -7603.5582  0.3932 
   00068    0.2708   -7624.7911  0.3943 
   00069    0.2848   -7620.8071  0.3902 
   00070    0.2920   -7666.3728  0.3879 
   00071    0.2612   -7697.6965  0.3948 
   00072    0.2752   -7721.8735  0.3895 
   00073    0.2784   -7714.6547  0.3841 
   00074    0.2872   -7676.5503  0.3833 
   00075    0.2796   -7705.4381  0.3814 
   00076    0.2720   -7750.5097  0.3880 
   00077    0.2756   -7699.3463  0.3957 
   00078    0.2820   -7728.5934  0.3960 
   00079    0.2824   -7756.1131  0.3937 
   00080    0.2716   -7749.4594  0.4017 
   00081    0.2700   -7799.8518  0.4090 
   00082    0.2736   -7816.7492  0.4175 
   00083    0.2816   -7833.8879  0.4203 
   00084    0.2716   -7825.2963  0.4198 
   00085    0.2820   -7880.9908  0.4202 
   00086    0.2764   -7895.2666  0.4282 
   00087    0.2608   -7830.2603  0.4294 
   00088    0.2732   -7825.4050  0.4265 
   00089    0.2748   -7838.1558  0.4328 
   00090    0.2788   -7912.7471  0.4385 
   00091    0.2724   -7896.8861  0.4355 
   00092    0.2512   -7882.2506  0.4297 
   00093    0.2644   -7874.4673  0.4288 
   00094    0.2688   -7839.9905  0.4270 
   00095    0.2748   -7871.9339  0.4344 
   00096    0.2664   -7884.9749  0.4340 
   00097    0.2564   -7922.8194  0.4329 
   00098    0.2700   -7835.0475  0.4308 
   00099    0.2760   -7832.3836  0.4353 
   00100    0.2732   -7818.2550  0.4358 
   00101    0.2872   -7851.9678  0.4409 
   00102    0.2700   -7876.7438  0.4436 
   00103    0.2624   -7891.4706  0.4424 
   00104    0.2836   -7935.6902  0.4435 
   00105    0.2604   -7916.5426  0.4361 
   00106    0.2744   -7931.0653  0.4269 
   00107    0.2664   -7892.5604  0.4286 
   00108    0.2624   -7917.7116  0.4296 
   00109    0.2696   -7893.6527  0.4314 
   00110    0.2660   -7874.5326  0.4329 
   00111    0.2524   -7828.2182  0.4379 
   00112    0.2684   -7836.0762  0.4414 
   00113    0.2664   -7820.6136  0.4398 
   00114    0.2916   -7877.8957  0.4415 
   00115    0.2620   -7870.1864  0.4436 
   00116    0.2724   -7896.0017  0.4435 
   00117    0.2596   -7905.5899  0.4430 
   00118    0.2576   -7942.3875  0.4408 
   00119    0.2536   -7933.4436  0.4462 
   00120    0.2584   -7942.0282  0.4505 
   00121    0.2752   -7928.3936  0.4482 
   00122    0.2632   -7977.0750  0.4617 
   00123    0.2680   -8020.6430  0.4687 
   00124    0.2596   -8038.0593  0.4704 
   00125    0.2656   -8031.3616  0.4732 
   00126    0.2536   -8051.4002  0.4686 
   00127    0.2732   -8024.7656  0.4754 
   00128    0.2476   -7996.7760  0.4793 
   00129    0.2496   -7975.7448  0.4807 
   00130    0.2672   -7975.7433  0.4760 
   00131    0.2536   -7997.0998  0.4808 
   00132    0.2580   -7951.1463  0.4831 
   00133    0.2576   -7919.1305  0.4821 
   00134    0.2544   -7978.9028  0.4831 
   00135    0.2496   -8036.9000  0.4835 
   00136    0.2580   -8058.3305  0.4881 
   00137    0.2640   -8079.1972  0.4941 
   00138    0.2440   -8070.2849  0.4937 
   00139    0.2380   -8029.2604  0.4957 
   00140    0.2596   -8040.8774  0.4963 
   00141    0.2676   -8027.5745  0.4988 
   00142    0.2560   -7967.2163  0.4948 
   00143    0.2796   -7947.1005  0.4928 
   00144    0.2512   -8014.9228  0.4919 
   00145    0.2744   -7994.8930  0.4914 
   00146    0.2440   -8029.9706  0.4828 
   00147    0.2392   -8019.0977  0.4806 
   00148    0.2716   -8046.2276  0.4805 
   00149    0.2640   -8048.4609  0.4750 
   00150    0.2536   -8057.3286  0.4793 
   00151    0.2524   -8017.7347  0.4880 
   00152    0.2488   -8000.7122  0.4876 
   00153    0.2572   -8055.3289  0.4900 
   00154    0.2688   -8050.2827  0.4891 
   00155    0.2404   -8079.9168  0.4920 
   00156    0.2612   -8075.1942  0.4941 
   00157    0.2572   -8043.9620  0.4923 
   00158    0.2436   -8096.9975  0.4956 
   00159    0.2424   -8100.0609  0.4975 
   00160    0.2392   -8099.7340  0.4990 
   00161    0.2476   -8068.3586  0.4979 
   00162    0.2580   -8025.8507  0.5101 
   00163    0.2656   -8019.9223  0.5032 
   00164    0.2624   -7987.6737  0.5098 
   00165    0.2604   -8008.5258  0.5043 
   00166    0.2524   -8070.3536  0.4983 
   00167    0.2596   -8048.7906  0.4961 
   00168    0.2540   -8013.7786  0.4961 
   00169    0.2392   -8009.5408  0.4938 
   00170    0.2684   -7999.3808  0.4926 
   00171    0.2544   -7993.9281  0.4906 
   00172    0.2572   -7975.9611  0.4932 
   00173    0.2728   -8059.7598  0.5032 
   00174    0.2700   -8077.1566  0.5093 
   00175    0.2648   -8032.2286  0.5068 
   00176    0.2504   -8062.0693  0.5048 
   00177    0.2592   -7988.3002  0.5100 
   00178    0.2528   -8003.1987  0.5114 
   00179    0.2580   -7970.2021  0.5163 
   00180    0.2556   -7944.8940  0.5144 
   00181    0.2804   -7964.4836  0.5133 
   00182    0.2588   -7927.3900  0.5019 
   00183    0.2776   -7914.6485  0.5039 
   00184    0.2832   -7918.1203  0.5028 
   00185    0.2664   -7921.7601  0.5108 
   00186    0.2864   -7962.8114  0.5096 
   00187    0.2780   -7981.1999  0.5164 
   00188    0.2612   -8014.4705  0.5122 
   00189    0.2600   -7985.8499  0.5108 
   00190    0.2696   -7982.7964  0.5190 
   00191    0.2660   -7960.4850  0.5218 
   00192    0.2520   -7979.6238  0.5156 
   00193    0.2576   -7954.9325  0.5164 
   00194    0.2632   -8010.9059  0.5187 
   00195    0.2512   -7997.3352  0.5229 
   00196    0.2372   -7984.0775  0.5206 
   00197    0.2508   -7968.3211  0.5287 
   00198    0.2484   -7983.4731  0.5299 
   00199    0.2688   -7990.5815  0.5261 
   00200    0.2496   -8035.2572  0.5297 
   00201    0.2504   -8021.2973  0.5307 
   00202    0.2388   -8012.8504  0.5269 
   00203    0.2684   -8016.7427  0.5295 
   00204    0.2588   -8011.0910  0.5332 
   00205    0.2668   -7983.4360  0.5286 
   00206    0.2568   -7975.6197  0.5271 
   00207    0.2532   -8013.3482  0.5253 
   00208    0.2492   -8036.8147  0.5302 
   00209    0.2648   -8007.3135  0.5290 
   00210    0.2676   -8055.6447  0.5315 
   00211    0.2560   -8085.6375  0.5261 
   00212    0.2616   -8065.3900  0.5287 
   00213    0.2580   -8070.0371  0.5326 
   00214    0.2564   -8099.2736  0.5264 
   00215    0.2640   -8042.4089  0.5229 
   00216    0.2716   -8047.4419  0.5243 
   00217    0.2440   -8026.6431  0.5233 
   00218    0.2836   -8059.3102  0.5212 
   00219    0.2536   -8062.7416  0.5154 
   00220    0.2576   -8042.2211  0.5194 
   00221    0.2520   -8042.1112  0.5180 
   00222    0.2480   -8080.7118  0.5170 
   00223    0.2552   -8055.7212  0.5155 
   00224    0.2388   -8077.4269  0.5178 
   00225    0.2504   -8069.1817  0.5190 
   00226    0.2508   -8026.8232  0.5181 
   00227    0.2440   -8044.2241  0.5120 
   00228    0.2696   -8075.9764  0.5189 
   00229    0.2624   -8059.2483  0.5246 
   00230    0.2552   -8075.3197  0.5219 
   00231    0.2476   -8120.2444  0.5305 
   00232    0.2376   -8161.1795  0.5348 
   00233    0.2536   -8160.3221  0.5312 
   00234    0.2436   -8096.2952  0.5301 
   00235    0.2504   -8105.5532  0.5317 
   00236    0.2496   -8102.6664  0.5285 
   00237    0.2384   -8151.4368  0.5351 
   00238    0.2472   -8135.8163  0.5412 
   00239    0.2520   -8116.9425  0.5417 
   00240    0.2492   -8151.5597  0.5416 
   00241    0.2384   -8132.5600  0.5413 
   00242    0.2552   -8168.4455  0.5376 
   00243    0.2412   -8175.8318  0.5376 
   00244    0.2376   -8162.8297  0.5331 
   00245    0.2480   -8139.9083  0.5308 
   00246    0.2468   -8143.6553  0.5292 
   00247    0.2516   -8138.8468  0.5282 
   00248    0.2636   -8131.6202  0.5291 
   00249    0.2632   -8155.5384  0.5351 
   00250    0.2636   -8122.6638  0.5364 
   00251    0.2612   -8156.3538  0.5334 
   00252    0.2576   -8125.3011  0.5325 
   00253    0.2536   -8147.0267  0.5367 
   00254    0.2516   -8149.8177  0.5299 
   00255    0.2464   -8145.8226  0.5325 
   00256    0.2404   -8128.3493  0.5300 
   00257    0.2464   -8107.4748  0.5306 
   00258    0.2492   -8072.9402  0.5302 
   00259    0.2456   -8088.1946  0.5299 
   00260    0.2536   -8138.2469  0.5332 
   00261    0.2608   -8152.0307  0.5412 
   00262    0.2644   -8171.3128  0.5486 
   00263    0.2528   -8129.8711  0.5475 
   00264    0.2620   -8120.4286  0.5463 
   00265    0.2652   -8103.5254  0.5471 
   00266    0.2588   -8131.2327  0.5435 
   00267    0.2436   -8160.9164  0.5405 
   00268    0.2588   -8120.4106  0.5384 
   00269    0.2548   -8151.5559  0.5364 
   00270    0.2340   -8214.1782  0.5352 
   00271    0.2500   -8163.7706  0.5418 
   00272    0.2524   -8135.3789  0.5390 
   00273    0.2576   -8128.3323  0.5389 
   00274    0.2616   -8131.8777  0.5386 
   00275    0.2488   -8116.9959  0.5366 
   00276    0.2528   -8109.7848  0.5342 
   00277    0.2560   -8058.4925  0.5363 
   00278    0.2588   -8083.2166  0.5345 
   00279    0.2588   -8123.7389  0.5378 
   00280    0.2420   -8128.2152  0.5444 
   00281    0.2544   -8085.9202  0.5469 
   00282    0.2408   -8078.0278  0.5479 
   00283    0.2600   -8074.9499  0.5447 
   00284    0.2520   -8098.9765  0.5423 
   00285    0.2520   -8067.1797  0.5480 
   00286    0.2632   -8118.5105  0.5549 
   00287    0.2404   -8130.5169  0.5605 
   00288    0.2496   -8129.2708  0.5566 
   00289    0.2412   -8154.2604  0.5534 
   00290    0.2300   -8089.2616  0.5488 
   00291    0.2460   -8081.7707  0.5627 
   00292    0.2396   -8084.3298  0.5601 
   00293    0.2660   -8157.6276  0.5626 
   00294    0.2392   -8129.1075  0.5645 
   00295    0.2528   -8111.0995  0.5617 
   00296    0.2620   -8081.9222  0.5602 
   00297    0.2572   -8110.2787  0.5573 
   00298    0.2416   -8105.4182  0.5636 
   00299    0.2544   -8115.5968  0.5679 
   00300    0.2540   -8133.3869  0.5775 
   00301    0.2448   -8128.3873  0.5827 
   00302    0.2560   -8140.4873  0.5830 
   00303    0.2612   -8159.8368  0.5819 
   00304    0.2368   -8156.7316  0.5766 
   00305    0.2532   -8215.0109  0.5769 
   00306    0.2588   -8213.2994  0.5812 
   00307    0.2388   -8231.3962  0.5773 
   00308    0.2528   -8227.4169  0.5787 
   00309    0.2308   -8188.8593  0.5833 
   00310    0.2220   -8147.3404  0.5801 
   00311    0.2576   -8178.2880  0.5803 
   00312    0.2476   -8213.2631  0.5907 
   00313    0.2328   -8175.4934  0.5891 
   00314    0.2408   -8183.5271  0.5830 
   00315    0.2464   -8181.2701  0.5838 
   00316    0.2392   -8167.9102  0.5834 
   00317    0.2420   -8105.2872  0.5803 
   00318    0.2636   -8091.3204  0.5796 
   00319    0.2716   -8079.1276  0.5798 
   00320    0.2492   -8056.0455  0.5830 
   00321    0.2616   -8043.7695  0.5846 
   00322    0.2424   -8038.7732  0.5839 
   00323    0.2456   -8050.8001  0.5921 
   00324    0.2548   -8073.9025  0.5905 
   00325    0.2628   -8105.4074  0.5841 
   00326    0.2488   -8078.6898  0.5833 
   00327    0.2484   -8063.5805  0.5803 
   00328    0.2508   -8076.3574  0.5792 
   00329    0.2528   -8074.9445  0.5757 
   00330    0.2616   -8058.5124  0.5731 
   00331    0.2700   -8118.7581  0.5806 
   00332    0.2496   -8142.4516  0.5838 
   00333    0.2696   -8197.1895  0.5853 
   00334    0.2372   -8180.5638  0.5860 
   00335    0.2500   -8117.3452  0.5890 
   00336    0.2580   -8094.2292  0.5877 
   00337    0.2564   -8121.7544  0.5859 
   00338    0.2512   -8172.6720  0.5863 
   00339    0.2640   -8128.6355  0.5877 
   00340    0.2360   -8099.6249  0.5869 
   00341    0.2452   -8129.3710  0.5976 
   00342    0.2564   -8131.0747  0.5925 
   00343    0.2668   -8101.8464  0.5905 
   00344    0.2408   -8153.1473  0.5913 
   00345    0.2452   -8127.4552  0.5880 
   00346    0.2376   -8140.4376  0.5903 
   00347    0.2440   -8137.9181  0.5921 
   00348    0.2652   -8108.7802  0.5918 
   00349    0.2556   -8051.5995  0.5890 
   00350    0.2488   -8112.5862  0.5951 
   00351    0.2572   -8132.6744  0.5888 
   00352    0.2532   -8082.2304  0.5897 
   00353    0.2680   -8075.4815  0.5805 
   00354    0.2444   -8064.8412  0.5798 
   00355    0.2508   -8102.6903  0.5843 
   00356    0.2480   -8044.1747  0.5787 
   00357    0.2660   -8080.0531  0.5817 
   00358    0.2528   -8055.6674  0.5826 
   00359    0.2484   -8085.5415  0.5860 
   00360    0.2736   -8131.7922  0.5852 
   00361    0.2436   -8116.6051  0.5856 
   00362    0.2460   -8117.4860  0.5906 
   00363    0.2556   -8101.7564  0.5833 
   00364    0.2504   -8078.5332  0.5803 
   00365    0.2492   -8061.9349  0.5848 
   00366    0.2516   -8172.1545  0.5910 
   00367    0.2492   -8143.7600  0.5919 
   00368    0.2348   -8147.1750  0.5950 
   00369    0.2664   -8199.5799  0.5961 
   00370    0.2516   -8235.1588  0.5985 
   00371    0.2448   -8236.1010  0.5967 
   00372    0.2484   -8219.2511  0.5958 
   00373    0.2328   -8199.6727  0.5944 
   00374    0.2572   -8161.3536  0.5902 
   00375    0.2692   -8188.7495  0.5947 
   00376    0.2460   -8187.1646  0.5931 
   00377    0.2388   -8185.6414  0.5932 
   00378    0.2628   -8171.7401  0.5881 
   00379    0.2544   -8152.0381  0.5837 
   00380    0.2448   -8148.2010  0.5830 
   00381    0.2480   -8155.0704  0.5873 
   00382    0.2360   -8159.0491  0.5862 
   00383    0.2404   -8102.7345  0.5815 
   00384    0.2492   -8096.9560  0.5795 
   00385    0.2644   -8108.3319  0.5772 
   00386    0.2608   -8141.1834  0.5753 
   00387    0.2280   -8152.9365  0.5747 
   00388    0.2588   -8139.5661  0.5738 
   00389    0.2564   -8197.0376  0.5712 
   00390    0.2312   -8192.4840  0.5744 
   00391    0.2396   -8201.2102  0.5786 
   00392    0.2400   -8168.2233  0.5708 
   00393    0.2632   -8145.0628  0.5708 
   00394    0.2544   -8141.7456  0.5732 
   00395    0.2588   -8112.3464  0.5812 
   00396    0.2368   -8167.7788  0.5866 
   00397    0.2464   -8115.4120  0.5889 
   00398    0.2232   -8063.8031  0.5844 
   00399    0.2544   -8081.3906  0.5898 
   00400    0.2440   -8117.2438  0.5871 
   00401    0.2640   -8064.1931  0.5846 
   00402    0.2620   -8032.8728  0.5786 
   00403    0.2604   -8078.4720  0.5816 
   00404    0.2476   -8111.9198  0.5819 
   00405    0.2500   -8085.4344  0.5790 
   00406    0.2528   -8109.7317  0.5880 
   00407    0.2568   -8171.5621  0.5920 
   00408    0.2384   -8163.4618  0.5923 
   00409    0.2648   -8176.6671  0.5886 
   00410    0.2648   -8148.3643  0.5910 
   00411    0.2492   -8131.6421  0.5877 
   00412    0.2400   -8156.3159  0.5919 
   00413    0.2648   -8171.9495  0.5927 
   00414    0.2304   -8199.8172  0.5932 
   00415    0.2488   -8112.8207  0.5906 
   00416    0.2492   -8129.9134  0.5921 
   00417    0.2508   -8096.1951  0.5888 
   00418    0.2504   -8123.7275  0.5887 
   00419    0.2704   -8117.6665  0.5911 
   00420    0.2396   -8112.8607  0.5830 
   00421    0.2668   -8128.1268  0.5817 
   00422    0.2476   -8109.7749  0.5828 
   00423    0.2448   -8134.6746  0.5887 
   00424    0.2668   -8176.0484  0.5846 
   00425    0.2572   -8156.4688  0.5820 
   00426    0.2404   -8124.3634  0.5798 
   00427    0.2440   -8157.6991  0.5869 
   00428    0.2568   -8154.0552  0.5883 
   00429    0.2412   -8150.9222  0.5877 
   00430    0.2412   -8166.0974  0.5935 
   00431    0.2520   -8126.7440  0.5900 
   00432    0.2560   -8147.9145  0.5965 
   00433    0.2564   -8149.1335  0.6033 
   00434    0.2528   -8169.1692  0.6050 
   00435    0.2440   -8148.9583  0.6004 
   00436    0.2348   -8178.8272  0.5986 
   00437    0.2344   -8176.4189  0.5950 
   00438    0.2560   -8169.4522  0.5950 
   00439    0.2652   -8143.9914  0.5970 
   00440    0.2580   -8079.5825  0.5951 
   00441    0.2608   -8138.6462  0.5973 
   00442    0.2824   -8159.2681  0.6020 
   00443    0.2380   -8146.2515  0.5991 
   00444    0.2492   -8129.1978  0.6061 
   00445    0.2660   -8087.2643  0.6055 
   00446    0.2652   -8096.6882  0.6148 
   00447    0.2588   -8090.8897  0.6131 
   00448    0.2460   -8097.9360  0.6185 
   00449    0.2568   -8159.9958  0.6244 
   00450    0.2560   -8194.5643  0.6250 
   00451    0.2636   -8215.9480  0.6345 
   00452    0.2432   -8199.4020  0.6286 
   00453    0.2456   -8198.6170  0.6284 
   00454    0.2528   -8198.3611  0.6309 
   00455    0.2472   -8213.2588  0.6342 
   00456    0.2380   -8254.7897  0.6364 
   00457    0.2468   -8217.5599  0.6360 
   00458    0.2312   -8190.6570  0.6354 
   00459    0.2428   -8211.8265  0.6328 
   00460    0.2640   -8151.0121  0.6317 
   00461    0.2516   -8144.2759  0.6308 
   00462    0.2624   -8108.2453  0.6283 
   00463    0.2476   -8121.9091  0.6252 
   00464    0.2280   -8075.8180  0.6230 
   00465    0.2520   -8104.6200  0.6225 
   00466    0.2624   -8094.1870  0.6293 
   00467    0.2404   -8125.4428  0.6304 
   00468    0.2508   -8170.6121  0.6302 
   00469    0.2396   -8165.3750  0.6336 
   00470    0.2396   -8169.5803  0.6287 
   00471    0.2468   -8173.4462  0.6351 
   00472    0.2540   -8183.8375  0.6346 
   00473    0.2440   -8217.8114  0.6347 
   00474    0.2340   -8176.2120  0.6356 
   00475    0.2544   -8194.8175  0.6384 
   00476    0.2428   -8204.0578  0.6331 
   00477    0.2504   -8205.5021  0.6320 
   00478    0.2612   -8181.0818  0.6313 
   00479    0.2560   -8172.0662  0.6323 
   00480    0.2340   -8151.4347  0.6285 
   00481    0.2488   -8191.6647  0.6295 
   00482    0.2392   -8121.3080  0.6278 
   00483    0.2508   -8145.4580  0.6312 
   00484    0.2464   -8095.9103  0.6283 
   00485    0.2548   -8114.6333  0.6313 
   00486    0.2392   -8177.4588  0.6350 
   00487    0.2440   -8158.4951  0.6326 
   00488    0.2596   -8202.0753  0.6414 
   00489    0.2484   -8184.2337  0.6447 
   00490    0.2384   -8188.6364  0.6495 
   00491    0.2664   -8177.2838  0.6523 
   00492    0.2556   -8151.7678  0.6600 
   00493    0.2396   -8146.0673  0.6610 
   00494    0.2552   -8132.8283  0.6575 
   00495    0.2456   -8107.2685  0.6540 
   00496    0.2488   -8107.0793  0.6555 
   00497    0.2648   -8140.2853  0.6592 
   00498    0.2504   -8170.7798  0.6602 
   00499    0.2376   -8227.5960  0.6664 
   00500    0.2472   -8205.6849  0.6691 
   00501    0.2472   -8212.4022  0.6709 
   00502    0.2596   -8188.6889  0.6581 
   00503    0.2448   -8175.1600  0.6589 
   00504    0.2528   -8160.5075  0.6565 
   00505    0.2444   -8173.5074  0.6575 
   00506    0.2476   -8126.1507  0.6576 
   00507    0.2512   -8184.3322  0.6614 
   00508    0.2488   -8151.9845  0.6566 
   00509    0.2524   -8192.9029  0.6620 
   00510    0.2596   -8181.2017  0.6625 
   00511    0.2300   -8202.2569  0.6667 
   00512    0.2560   -8238.3497  0.6683 
   00513    0.2488   -8219.3414  0.6645 
   00514    0.2684   -8174.2711  0.6598 
   00515    0.2396   -8194.2259  0.6561 
   00516    0.2424   -8182.1992  0.6547 
   00517    0.2396   -8178.7562  0.6561 
   00518    0.2592   -8223.2613  0.6579 
   00519    0.2408   -8238.0360  0.6554 
   00520    0.2380   -8203.8136  0.6539 
   00521    0.2384   -8181.0875  0.6529 
   00522    0.2548   -8128.6649  0.6488 
   00523    0.2364   -8192.8433  0.6502 
   00524    0.2488   -8164.4169  0.6486 
   00525    0.2424   -8201.3150  0.6567 
   00526    0.2496   -8209.6578  0.6531 
   00527    0.2488   -8163.6485  0.6479 
   00528    0.2504   -8207.3315  0.6514 
   00529    0.2260   -8206.0521  0.6520 
   00530    0.2376   -8242.6876  0.6531 
   00531    0.2424   -8292.2414  0.6587 
   00532    0.2428   -8265.2239  0.6605 
   00533    0.2436   -8239.0059  0.6588 
   00534    0.2396   -8244.5841  0.6549 
   00535    0.2508   -8228.1002  0.6599 
   00536    0.2520   -8244.9179  0.6607 
   00537    0.2408   -8214.8934  0.6559 
   00538    0.2600   -8222.7601  0.6560 
   00539    0.2428   -8219.3558  0.6569 
   00540    0.2488   -8225.3408  0.6632 
   00541    0.2416   -8193.5830  0.6626 
   00542    0.2548   -8226.3179  0.6667 
   00543    0.2484   -8219.9233  0.6664 
   00544    0.2448   -8155.1485  0.6619 
   00545    0.2332   -8111.2421  0.6587 
   00546    0.2452   -8141.9720  0.6624 
   00547    0.2524   -8135.7446  0.6567 
   00548    0.2416   -8088.1282  0.6552 
   00549    0.2464   -8119.1047  0.6521 
   00550    0.2444   -8171.9939  0.6528 
   00551    0.2440   -8146.4591  0.6579 
   00552    0.2444   -8124.7197  0.6554 
   00553    0.2724   -8129.7581  0.6473 
   00554    0.2604   -8141.8536  0.6495 
   00555    0.2408   -8086.6642  0.6419 
   00556    0.2464   -8124.2258  0.6456 
   00557    0.2628   -8160.7549  0.6471 
   00558    0.2392   -8177.6801  0.6495 
   00559    0.2504   -8158.4123  0.6430 
   00560    0.2620   -8170.1398  0.6386 
   00561    0.2616   -8174.6905  0.6373 
   00562    0.2424   -8180.2245  0.6392 
   00563    0.2568   -8109.8344  0.6342 
   00564    0.2572   -8082.7300  0.6381 
   00565    0.2648   -8113.4151  0.6396 
   00566    0.2552   -8177.9267  0.6473 
   00567    0.2360   -8128.6644  0.6537 
   00568    0.2484   -8117.4250  0.6471 
   00569    0.2532   -8159.3016  0.6525 
   00570    0.2400   -8196.5782  0.6542 
   00571    0.2540   -8208.7180  0.6478 
   00572    0.2352   -8220.8903  0.6503 
   00573    0.2344   -8155.0739  0.6500 
   00574    0.2512   -8132.2936  0.6469 
   00575    0.2480   -8090.2142  0.6399 
   00576    0.2340   -8160.9447  0.6427 
   00577    0.2612   -8155.9027  0.6396 
   00578    0.2660   -8140.2825  0.6450 
   00579    0.2516   -8129.6527  0.6450 
   00580    0.2568   -8153.8943  0.6512 
   00581    0.2552   -8199.5443  0.6591 
   00582    0.2324   -8205.9645  0.6548 
   00583    0.2332   -8169.3185  0.6579 
   00584    0.2376   -8156.7196  0.6582 
   00585    0.2492   -8125.7282  0.6522 
   00586    0.2472   -8146.7100  0.6573 
   00587    0.2472   -8116.2804  0.6622 
   00588    0.2580   -8127.6606  0.6714 
   00589    0.2396   -8097.0470  0.6701 
   00590    0.2572   -8072.2679  0.6656 
   00591    0.2556   -8125.9520  0.6688 
   00592    0.2536   -8134.8176  0.6674 
   00593    0.2508   -8160.7294  0.6733 
   00594    0.2484   -8210.8310  0.6739 
   00595    0.2444   -8247.5335  0.6789 
   00596    0.2428   -8262.2252  0.6790 
   00597    0.2564   -8283.3383  0.6804 
   00598    0.2428   -8258.8605  0.6759 
   00599    0.2344   -8235.1328  0.6748 
   00600    0.2440   -8187.0625  0.6731 
   00601    0.2604   -8151.1180  0.6697 
   00602    0.2560   -8114.7545  0.6640 
   00603    0.2396   -8142.8921  0.6634 
   00604    0.2596   -8140.0077  0.6638 
   00605    0.2648   -8158.3064  0.6646 
   00606    0.2600   -8255.6475  0.6723 
   00607    0.2376   -8267.8746  0.6714 
   00608    0.2352   -8257.2722  0.6735 
   00609    0.2312   -8273.3201  0.6744 
   00610    0.2404   -8242.3627  0.6686 
   00611    0.2576   -8186.0744  0.6609 
   00612    0.2660   -8155.7377  0.6582 
   00613    0.2528   -8135.2132  0.6538 
   00614    0.2340   -8154.4165  0.6587 
   00615    0.2532   -8201.5727  0.6679 
   00616    0.2168   -8239.9574  0.6698 
   00617    0.2440   -8237.8832  0.6687 
   00618    0.2528   -8184.0253  0.6642 
   00619    0.2536   -8166.9351  0.6678 
   00620    0.2348   -8168.1821  0.6641 
   00621    0.2704   -8157.5674  0.6634 
   00622    0.2548   -8190.5341  0.6690 
   00623    0.2620   -8160.8718  0.6661 
   00624    0.2468   -8180.7059  0.6699 
   00625    0.2608   -8128.4232  0.6670 
   00626    0.2560   -8163.7617  0.6669 
   00627    0.2272   -8108.8954  0.6609 
   00628    0.2824   -8076.3868  0.6593 
   00629    0.2632   -8076.9755  0.6612 
   00630    0.2576   -8088.4340  0.6678 
   00631    0.2584   -8057.1242  0.6626 
   00632    0.2356   -8110.6385  0.6672 
   00633    0.2580   -8105.1755  0.6648 
   00634    0.2648   -8133.5555  0.6698 
   00635    0.2528   -8158.0679  0.6643 
   00636    0.2560   -8133.6659  0.6637 
   00637    0.2660   -8137.3907  0.6630 
   00638    0.2568   -8128.4272  0.6575 
   00639    0.2384   -8131.0214  0.6573 
   00640    0.2500   -8086.2690  0.6564 
   00641    0.2612   -8074.4357  0.6614 
   00642    0.2408   -8168.7541  0.6606 
   00643    0.2628   -8108.6609  0.6566 
   00644    0.2464   -8140.4666  0.6549 
   00645    0.2420   -8106.1291  0.6567 
   00646    0.2552   -8120.8050  0.6620 
   00647    0.2556   -8129.5701  0.6645 
   00648    0.2612   -8129.2737  0.6612 
   00649    0.2368   -8228.3703  0.6701 
   00650    0.2520   -8244.4849  0.6736 
   00651    0.2468   -8237.3654  0.6728 
   00652    0.2604   -8246.4277  0.6751 
   00653    0.2328   -8260.9865  0.6737 
   00654    0.2328   -8248.1826  0.6696 
   00655    0.2472   -8269.4662  0.6761 
   00656    0.2408   -8217.5935  0.6739 
   00657    0.2452   -8147.4888  0.6672 
   00658    0.2448   -8195.9615  0.6695 
   00659    0.2316   -8156.0169  0.6722 
   00660    0.2524   -8104.5824  0.6655 
   00661    0.2544   -8040.4564  0.6596 
   00662    0.2580   -8054.5759  0.6632 
   00663    0.2672   -8034.1338  0.6662 
   00664    0.2624   -8093.7658  0.6667 
   00665    0.2428   -8075.9953  0.6683 
   00666    0.2516   -8109.4564  0.6698 
   00667    0.2516   -8132.8648  0.6629 
   00668    0.2496   -8176.0467  0.6654 
   00669    0.2552   -8217.0727  0.6692 
   00670    0.2416   -8220.5382  0.6699 
   00671    0.2392   -8172.7365  0.6675 
   00672    0.2484   -8124.2346  0.6682 
   00673    0.2588   -8164.2016  0.6742 
   00674    0.2512   -8187.9364  0.6756 
   00675    0.2424   -8158.0965  0.6728 
   00676    0.2544   -8176.2045  0.6766 
   00677    0.2428   -8099.1056  0.6751 
   00678    0.2616   -8145.4608  0.6757 
   00679    0.2544   -8136.7153  0.6731 
   00680    0.2512   -8178.2494  0.6750 
   00681    0.2396   -8190.9981  0.6723 
   00682    0.2420   -8177.0816  0.6683 
   00683    0.2596   -8171.9192  0.6676 
   00684    0.2612   -8134.4023  0.6655 
   00685    0.2468   -8149.4067  0.6722 
   00686    0.2324   -8106.9733  0.6669 
   00687    0.2404   -8094.3999  0.6663 
   00688    0.2440   -8164.3624  0.6731 
   00689    0.2464   -8201.2665  0.6809 
   00690    0.2404   -8152.8267  0.6847 
   00691    0.2612   -8165.2485  0.6828 
   00692    0.2348   -8203.2940  0.6833 
   00693    0.2432   -8177.2446  0.6776 
   00694    0.2572   -8150.8885  0.6796 
   00695    0.2412   -8148.2546  0.6755 
   00696    0.2384   -8171.5050  0.6786 
   00697    0.2612   -8206.7058  0.6790 
   00698    0.2420   -8185.4677  0.6799 
   00699    0.2496   -8149.5923  0.6848 
   00700    0.2468   -8164.2458  0.6837 
   00701    0.2572   -8211.2586  0.6854 
   00702    0.2580   -8179.3651  0.6850 
   00703    0.2396   -8204.6869  0.6831 
   00704    0.2464   -8239.9753  0.6836 
   00705    0.2556   -8180.8395  0.6768 
   00706    0.2596   -8145.5793  0.6764 
   00707    0.2508   -8190.0535  0.6740 
   00708    0.2492   -8230.1924  0.6753 
   00709    0.2412   -8253.0893  0.6768 
   00710    0.2440   -8262.9643  0.6813 
   00711    0.2288   -8290.2822  0.6830 
   00712    0.2336   -8275.5716  0.6807 
   00713    0.2468   -8234.2416  0.6790 
   00714    0.2392   -8231.6241  0.6661 
   00715    0.2336   -8266.1384  0.6671 
   00716    0.2500   -8260.5471  0.6687 
   00717    0.2472   -8232.4251  0.6643 
   00718    0.2516   -8249.2446  0.6655 
   00719    0.2420   -8273.1387  0.6622 
   00720    0.2588   -8244.4329  0.6626 
   00721    0.2432   -8231.1688  0.6558 
   00722    0.2460   -8245.5500  0.6623 
   00723    0.2444   -8217.3962  0.6691 
   00724    0.2584   -8210.8042  0.6639 
   00725    0.2612   -8293.2075  0.6670 
   00726    0.2492   -8277.3119  0.6654 
   00727    0.2444   -8229.4339  0.6578 
   00728    0.2520   -8185.4023  0.6592 
   00729    0.2416   -8217.3083  0.6608 
   00730    0.2612   -8164.7220  0.6675 
   00731    0.2444   -8195.1503  0.6667 
   00732    0.2512   -8194.5460  0.6620 
   00733    0.2440   -8150.0899  0.6560 
   00734    0.2584   -8165.6671  0.6600 
   00735    0.2780   -8231.6217  0.6605 
   00736    0.2364   -8241.6817  0.6569 
   00737    0.2496   -8215.9400  0.6613 
   00738    0.2468   -8186.5622  0.6633 
   00739    0.2428   -8179.7051  0.6529 
   00740    0.2496   -8182.7399  0.6494 
   00741    0.2668   -8110.6595  0.6453 
   00742    0.2472   -8125.6869  0.6527 
   00743    0.2456   -8206.2341  0.6559 
   00744    0.2444   -8250.9608  0.6567 
   00745    0.2564   -8219.9465  0.6540 
   00746    0.2568   -8180.3636  0.6515 
   00747    0.2672   -8165.2169  0.6488 
   00748    0.2368   -8193.7241  0.6522 
   00749    0.2428   -8143.5792  0.6544 
   00750    0.2392   -8071.2595  0.6500 
   00751    0.2400   -8057.1981  0.6514 
   00752    0.2784   -8101.1157  0.6546 
   00753    0.2684   -8122.7642  0.6622 
   00754    0.2504   -8136.6111  0.6611 
   00755    0.2492   -8134.1386  0.6625 
   00756    0.2604   -8110.2707  0.6609 
   00757    0.2608   -8124.1428  0.6547 
   00758    0.2396   -8148.9828  0.6554 
   00759    0.2364   -8111.8437  0.6588 
   00760    0.2496   -8091.9229  0.6571 
   00761    0.2656   -8100.2146  0.6579 
   00762    0.2584   -8119.9299  0.6605 
   00763    0.2484   -8193.8041  0.6607 
   00764    0.2568   -8166.2070  0.6665 
   00765    0.2664   -8146.6054  0.6632 
   00766    0.2412   -8199.9471  0.6684 
   00767    0.2672   -8206.9457  0.6729 
   00768    0.2352   -8114.7121  0.6734 
   00769    0.2612   -8072.1565  0.6683 
   00770    0.2460   -8105.7636  0.6676 
   00771    0.2620   -8099.4748  0.6686 
   00772    0.2464   -8083.7345  0.6704 
   00773    0.2552   -8132.7425  0.6722 
   00774    0.2460   -8145.1752  0.6673 
   00775    0.2572   -8127.7482  0.6700 
   00776    0.2432   -8105.6469  0.6738 
   00777    0.2640   -8136.2445  0.6776 
   00778    0.2648   -8203.9413  0.6830 
   00779    0.2516   -8218.1729  0.6815 
   00780    0.2480   -8189.8765  0.6803 
   00781    0.2440   -8205.2593  0.6788 
   00782    0.2484   -8132.0926  0.6729 
   00783    0.2480   -8161.0839  0.6747 
   00784    0.2452   -8146.3762  0.6721 
   00785    0.2468   -8197.4877  0.6756 
   00786    0.2488   -8114.6016  0.6744 
   00787    0.2312   -8057.9302  0.6741 
   00788    0.2568   -8047.1987  0.6734 
   00789    0.2416   -8035.5821  0.6764 
   00790    0.2552   -7990.1438  0.6752 
   00791    0.2600   -8013.1907  0.6712 
   00792    0.2708   -8016.4087  0.6701 
   00793    0.2588   -8005.0062  0.6729 
   00794    0.2732   -8057.7555  0.6751 
   00795    0.2484   -8078.2661  0.6783 
   00796    0.2608   -8117.2147  0.6820 
   00797    0.2448   -8143.9687  0.6911 
   00798    0.2676   -8141.0011  0.6889 
   00799    0.2464   -8172.9865  0.6857 
   00800    0.2544   -8105.1488  0.6902 
   00801    0.2528   -8102.0585  0.6896 
   00802    0.2476   -8166.1189  0.6910 
   00803    0.2560   -8128.2245  0.6895 
   00804    0.2488   -8181.2836  0.6902 
   00805    0.2512   -8227.1528  0.6903 
   00806    0.2368   -8311.7202  0.6935 
   00807    0.2608   -8275.8225  0.6902 
   00808    0.2612   -8281.3654  0.6851 
   00809    0.2400   -8290.5200  0.6892 
   00810    0.2332   -8295.0013  0.6896 
   00811    0.2332   -8270.7232  0.6897 
   00812    0.2668   -8332.5806  0.6880 
   00813    0.2348   -8317.3755  0.6856 
   00814    0.2456   -8321.1456  0.6854 
   00815    0.2360   -8302.6617  0.6774 
   00816    0.2364   -8257.5162  0.6723 
   00817    0.2468   -8259.3388  0.6735 
   00818    0.2416   -8210.4461  0.6680 
   00819    0.2420   -8131.7297  0.6619 
   00820    0.2392   -8089.4876  0.6572 
   00821    0.2592   -8050.2398  0.6555 
   00822    0.2568   -8076.2797  0.6578 
   00823    0.2672   -8075.8731  0.6567 
   00824    0.2496   -8106.6826  0.6575 
   00825    0.2664   -8081.5394  0.6623 
   00826    0.2600   -8054.5093  0.6618 
   00827    0.2628   -8058.4530  0.6596 
   00828    0.2500   -8046.1496  0.6544 
   00829    0.2660   -8029.2661  0.6557 
   00830    0.2672   -8053.5733  0.6571 
   00831    0.2480   -8059.8010  0.6551 
   00832    0.2324   -8064.9772  0.6504 
   00833    0.2560   -8090.4264  0.6494 
   00834    0.2532   -8119.6156  0.6566 
   00835    0.2524   -8090.0603  0.6549 
   00836    0.2420   -8107.0972  0.6474 
   00837    0.2452   -8073.5908  0.6471 
   00838    0.2620   -8034.6398  0.6456 
   00839    0.2612   -8077.0437  0.6493 
   00840    0.2576   -8089.2927  0.6558 
   00841    0.2836   -8071.9935  0.6534 
   00842    0.2512   -8090.7441  0.6519 
   00843    0.2692   -8079.3282  0.6524 
   00844    0.2488   -8109.1691  0.6544 
   00845    0.2596   -8090.7438  0.6565 
   00846    0.2504   -8069.0175  0.6585 
   00847    0.2676   -8088.6405  0.6606 
   00848    0.2316   -8115.4688  0.6662 
   00849    0.2636   -8090.7860  0.6671 
   00850    0.2516   -8081.4302  0.6628 
   00851    0.2596   -8077.3703  0.6648 
   00852    0.2600   -8083.3689  0.6621 
   00853    0.2376   -8036.7933  0.6590 
   00854    0.2604   -8027.7833  0.6547 
   00855    0.2420   -8037.4713  0.6527 
   00856    0.2604   -8058.9266  0.6496 
   00857    0.2676   -8094.8954  0.6511 
   00858    0.2540   -8121.1712  0.6502 
   00859    0.2612   -8095.1518  0.6531 
   00860    0.2372   -8092.8384  0.6566 
   00861    0.2644   -8123.5124  0.6603 
   00862    0.2448   -8144.4371  0.6607 
   00863    0.2536   -8136.2039  0.6659 
   00864    0.2568   -8144.7450  0.6710 
   00865    0.2576   -8116.2620  0.6621 
   00866    0.2576   -8114.7048  0.6627 
   00867    0.2404   -8130.6930  0.6567 
   00868    0.2604   -8121.8649  0.6581 
   00869    0.2528   -8182.9236  0.6591 
   00870    0.2584   -8138.7159  0.6604 
   00871    0.2420   -8153.4132  0.6559 
   00872    0.2392   -8163.1636  0.6575 
   00873    0.2568   -8098.2832  0.6580 
   00874    0.2508   -8117.7529  0.6592 
   00875    0.2640   -8151.3874  0.6605 
   00876    0.2252   -8134.5605  0.6556 
   00877    0.2380   -8157.4341  0.6574 
   00878    0.2508   -8151.1573  0.6572 
   00879    0.2448   -8209.3109  0.6675 
   00880    0.2512   -8177.1081  0.6586 
   00881    0.2424   -8206.4084  0.6582 
   00882    0.2536   -8182.3576  0.6558 
   00883    0.2400   -8176.5082  0.6572 
   00884    0.2596   -8191.5715  0.6592 
   00885    0.2484   -8231.6900  0.6571 
   00886    0.2444   -8243.8677  0.6558 
   00887    0.2644   -8158.5258  0.6524 
   00888    0.2576   -8160.1533  0.6498 
   00889    0.2468   -8147.6868  0.6467 
   00890    0.2576   -8208.1419  0.6519 
   00891    0.2684   -8190.6455  0.6536 
   00892    0.2452   -8174.9381  0.6581 
   00893    0.2360   -8212.2054  0.6660 
   00894    0.2420   -8232.4832  0.6716 
   00895    0.2544   -8237.5620  0.6706 
   00896    0.2540   -8224.4126  0.6735 
   00897    0.2412   -8205.1193  0.6711 
   00898    0.2468   -8252.9084  0.6795 
   00899    0.2336   -8271.5997  0.6751 
   00900    0.2564   -8187.4535  0.6738 
   00901    0.2440   -8122.0243  0.6682 
   00902    0.2424   -8153.1198  0.6678 
   00903    0.2452   -8189.7170  0.6711 
   00904    0.2632   -8220.7300  0.6754 
   00905    0.2568   -8190.3968  0.6751 
   00906    0.2448   -8270.9886  0.6785 
   00907    0.2296   -8243.4498  0.6812 
   00908    0.2464   -8261.3303  0.6841 
   00909    0.2524   -8215.0551  0.6734 
   00910    0.2540   -8184.6005  0.6671 
   00911    0.2520   -8196.2322  0.6698 
   00912    0.2672   -8211.7950  0.6706 
   00913    0.2540   -8173.0104  0.6711 
   00914    0.2584   -8214.4655  0.6704 
   00915    0.2516   -8171.5409  0.6712 
   00916    0.2540   -8117.6866  0.6657 
   00917    0.2776   -8087.6378  0.6658 
   00918    0.2472   -8140.0334  0.6763 
   00919    0.2488   -8147.0385  0.6739 
   00920    0.2556   -8114.6417  0.6701 
   00921    0.2544   -8102.8278  0.6645 
   00922    0.2676   -8129.1256  0.6683 
   00923    0.2436   -8117.2397  0.6693 
   00924    0.2500   -8126.6139  0.6620 
   00925    0.2448   -8153.6975  0.6672 
   00926    0.2544   -8184.2240  0.6685 
   00927    0.2396   -8165.1575  0.6693 
   00928    0.2456   -8181.7447  0.6688 
   00929    0.2348   -8150.1638  0.6673 
   00930    0.2548   -8218.9887  0.6751 
   00931    0.2368   -8210.6303  0.6772 
   00932    0.2564   -8173.1366  0.6754 
   00933    0.2432   -8132.8676  0.6735 
   00934    0.2636   -8125.3467  0.6693 
   00935    0.2624   -8134.5468  0.6676 
   00936    0.2524   -8148.6811  0.6692 
   00937    0.2380   -8230.7262  0.6716 
   00938    0.2540   -8233.9816  0.6693 
   00939    0.2268   -8232.1967  0.6738 
   00940    0.2484   -8209.2808  0.6710 
   00941    0.2428   -8211.9932  0.6728 
   00942    0.2356   -8165.9569  0.6697 
   00943    0.2408   -8173.7383  0.6670 
   00944    0.2524   -8177.1791  0.6653 
   00945    0.2520   -8162.0221  0.6693 
   00946    0.2432   -8171.0303  0.6683 
   00947    0.2572   -8172.0415  0.6654 
   00948    0.2612   -8141.7344  0.6606 
   00949    0.2552   -8129.7939  0.6570 
   00950    0.2536   -8153.6980  0.6637 
   00951    0.2448   -8180.4857  0.6698 
   00952    0.2612   -8146.5474  0.6632 
   00953    0.2596   -8131.2530  0.6566 
   00954    0.2672   -8109.9909  0.6563 
   00955    0.2568   -8087.1611  0.6613 
   00956    0.2768   -8132.8907  0.6680 
   00957    0.2544   -8153.3720  0.6672 
   00958    0.2544   -8195.7320  0.6689 
   00959    0.2464   -8188.3520  0.6661 
   00960    0.2564   -8226.0620  0.6660 
   00961    0.2512   -8225.2747  0.6669 
   00962    0.2412   -8178.3622  0.6716 
   00963    0.2492   -8157.7914  0.6666 
   00964    0.2600   -8156.8262  0.6600 
   00965    0.2424   -8190.7228  0.6622 
   00966    0.2492   -8137.6323  0.6632 
   00967    0.2644   -8152.4248  0.6595 
   00968    0.2600   -8156.0925  0.6642 
   00969    0.2436   -8170.7731  0.6660 
   00970    0.2600   -8188.0423  0.6661 
   00971    0.2300   -8192.5572  0.6706 
   00972    0.2572   -8226.6016  0.6694 
   00973    0.2500   -8249.1543  0.6706 
   00974    0.2400   -8139.4254  0.6702 
   00975    0.2604   -8175.3856  0.6731 
   00976    0.2528   -8163.8865  0.6673 
   00977    0.2272   -8157.6684  0.6695 
   00978    0.2508   -8152.3354  0.6686 
   00979    0.2360   -8076.8197  0.6622 
   00980    0.2316   -8037.7516  0.6527 
   00981    0.2596   -8064.0398  0.6525 
   00982    0.2656   -8011.3794  0.6480 
   00983    0.2544   -8049.4763  0.6492 
   00984    0.2464   -8050.7664  0.6431 
   00985    0.2604   -8080.8576  0.6435 
   00986    0.2276   -8081.7833  0.6444 
   00987    0.2516   -8075.9336  0.6436 
   00988    0.2584   -8142.2910  0.6410 
   00989    0.2588   -8099.6143  0.6336 
   00990    0.2512   -8067.6798  0.6350 
   00991    0.2616   -8085.8567  0.6358 
   00992    0.2584   -8087.7637  0.6318 
   00993    0.2480   -8106.1610  0.6336 
   00994    0.2576   -8098.6250  0.6370 
   00995    0.2344   -8090.3411  0.6410 
   00996    0.2512   -8130.9156  0.6473 
   00997    0.2576   -8123.7997  0.6405 
   00998    0.2712   -8092.1194  0.6470 
   00999    0.2388   -8101.0185  0.6493 
   01000    0.2612   -8066.8262  0.6463 
