#=====================================================
# File created:        Thu-30-Oct-2025-at-01-35-59PM
# Size of lattice:     50x50
# Number of MC steps:  1000
# Reduced temperature: 0.500
# Run time (s):        15.038611
#=====================================================
# MC step:  Ratio:     Energy:   Order:
#=====================================================
   00000    0.5000   -2520.7747  0.2633 
   00001    0.6308   -3886.3440  0.2858 
   00002    0.5316   -4773.0208  0.2826 
   00003    0.4860   -5356.6040  0.2894 
   00004    0.4332   -5750.3192  0.2869 
   00005    0.3952   -6111.6050  0.2792 
   00006    0.3788   -6477.7317  0.2845 
   00007    0.3512   -6693.1043  0.2842 
   00008    0.3472   -6931.8640  0.2807 
   00009    0.3280   -7092.9511  0.2789 
   00010    0.3152   -7195.3269  0.2818 
   00011    0.3084   -7320.5876  0.2842 
   00012    0.3044   -7433.3595  0.2867 
   00013    0.3004   -7538.3224  0.2898 
   00014    0.3000   -7639.3353  0.2920 
   00015    0.3008   -7721.1755  0.2953 
   00016    0.2720   -7837.5345  0.2960 
   00017    0.2780   -7915.1539  0.2972 
   00018    0.2636   -7978.1114  0.2989 
   00019    0.2608   -8013.7118  0.2976 
   00020    0.2484   -8063.9952  0.2967 
   00021    0.2524   -8138.0816  0.2947 
   00022    0.2372   -8188.0218  0.2982 
   00023    0.2464   -8217.0977  0.2954 
   00024    0.2600   -8286.0964  0.2955 
   00025    0.2344   -8293.8687  0.2947 
   00026    0.2536   -8330.6114  0.2943 
   00027    0.2516   -8367.2199  0.2974 
   00028    0.2280   -8403.1546  0.2969 
   00029    0.2356   -8418.8636  0.2988 
   00030    0.2532   -8448.1321  0.2981 
   00031    0.2428   -8493.5606  0.2968 
   00032    0.2172   -8506.3801  0.2994 
   00033    0.2348   -8536.7487  0.2962 
   00034    0.2308   -8554.7980  0.2945 
   00035    0.2256   -8574.3822  0.2945 
   00036    0.2344   -8584.9742  0.2943 
   00037    0.2288   -8591.6544  0.2938 
   00038    0.2372   -8616.7975  0.2906 
   00039    0.2360   -8637.0309  0.2932 
   00040    0.2264   -8651.0353  0.2970 
   00041    0.2328   -8637.9131  0.2992 
   00042    0.2100   -8644.4777  0.3023 
   00043    0.2260   -8662.6780  0.3030 
   00044    0.2076   -8693.2419  0.3042 
   00045    0.2144   -8694.0772  0.3019 
   00046    0.2224   -8704.8824  0.3036 
   00047    0.2036   -8707.8183  0.3043 
   00048    0.2292   -8706.1804  0.3036 
   00049    0.2068   -8732.7806  0.3032 
   00050    0.2076   -8720.0836  0.3049 
   00051    0.2152   -8730.7641  0.3045 
   00052    0.2040   -8742.5011  0.3032 
   00053    0.2360   -8759.7656  0.3030 
   00054    0.2064   -8765.0772  0.3022 
   00055    0.2276   -8778.0086  0.3042 
   00056    0.2112   -8797.6255  0.3062 
   00057    0.2104   -8810.8811  0.3076 
   00058    0.2380   -8809.7708  0.3093 
   00059    0.2204   -8822.3945  0.3110 
   00060    0.2164   -8823.2135  0.3105 
   00061    0.2072   -8834.7043  0.3132 
   00062    0.2124   -8839.0263  0.3141 
   00063    0.2056   -8851.0677  0.3151 
   00064    0.2268   -8859.2635  0.3145 
   00065    0.2072   -8865.8535  0.3114 
   00066    0.2072   -8871.9111  0.3142 
   00067    0.2052   -8876.9277  0.3133 
   00068    0.2112   -8873.3536  0.3154 
   00069    0.2152   -8874.2158  0.3147 
   00070    0.2172   -8883.9097  0.3163 
   00071    0.2192   -8893.8099  0.3157 
   00072    0.1984   -8904.0042  0.3155 
   00073    0.2164   -8912.2526  0.3184 
   00074    0.2140   -8921.6328  0.3200 
   00075    0.1920   -8919.5661  0.3208 
   00076    0.2076   -8920.4972  0.3201 
   00077    0.2228   -8929.5245  0.3197 
   00078    0.2080   -8932.5348  0.3185 
   00079    0.2168   -8936.7894  0.3180 
   00080    0.2024   -8940.3118  0.3169 
   00081    0.2040   -8944.2639  0.3166 
   00082    0.2196   -8934.6533  0.3180 
   00083    0.1996   -8931.9053  0.3172 
   00084    0.1920   -8945.3897  0.3193 
   00085    0.1960   -8957.5157  0.3173 
   00086    0.2176   -8958.0534  0.3183 
   00087    0.2068   -8960.9616  0.3189 
   00088    0.2064   -8968.3545  0.3202 
   00089    0.1888   -8974.0674  0.3209 
   00090    0.1976   -8966.7543  0.3221 
   00091    0.2076   -8981.3982  0.3227 
   00092    0.2316   -8986.3331  0.3222 
   00093    0.2036   -8987.2251  0.3217 
   00094    0.1916   -8993.4837  0.3205 
   00095    0.1976   -8999.6145  0.3217 
   00096    0.1992   -8995.1301  0.3196 
   00097    0.1932   -8993.8296  0.3215 
   00098    0.1964   -9000.7966  0.3223 
   00099    0.2068   -9010.1756  0.3236 
   00100    0.1940   -9015.8048  0.3211 
   00101    0.1928   -9013.2953  0.3200 
   00102    0.1980   -9026.6016  0.3196 
   00103    0.2040   -9024.3600  0.3180 
   00104    0.1984   -9021.8861  0.3159 
   00105    0.2024   -9026.3578  0.3150 
   00106    0.2072   -9047.2929  0.3176 
   00107    0.1972   -9057.6427  0.3190 
   00108    0.1996   -9052.7223  0.3187 
   00109    0.2032   -9070.0144  0.3194 
   00110    0.2156   -9068.1108  0.3188 
   00111    0.1972   -9071.3190  0.3182 
   00112    0.1884   -9076.8328  0.3163 
   00113    0.2108   -9079.3280  0.3170 
   00114    0.1868   -9075.7107  0.3177 
   00115    0.1904   -9083.1577  0.3191 
   00116    0.1948   -9085.6589  0.3209 
   00117    0.1964   -9091.6807  0.3218 
   00118    0.2016   -9090.7074  0.3235 
   00119    0.1788   -9095.3129  0.3230 
   00120    0.1996   -9106.9177  0.3237 
   00121    0.2040   -9122.8290  0.3215 
   00122    0.1888   -9131.6983  0.3225 
   00123    0.1932   -9130.5250  0.3221 
   00124    0.1984   -9128.7602  0.3192 
   00125    0.2008   -9120.1009  0.3186 
   00126    0.1964   -9125.3177  0.3204 
   00127    0.1680   -9118.3650  0.3196 
   00128    0.1980   -9117.0702  0.3180 
   00129    0.1840   -9115.1408  0.3165 
   00130    0.1936   -9112.8209  0.3169 
   00131    0.1988   -9101.6828  0.3177 
   00132    0.1856   -9107.5048  0.3182 
   00133    0.1856   -9104.2573  0.3185 
   00134    0.1788   -9109.8695  0.3176 
   00135    0.1956   -9123.3846  0.3169 
   00136    0.1856   -9129.2486  0.3165 
   00137    0.1992   -9135.3784  0.3177 
   00138    0.1876   -9133.3799  0.3185 
   00139    0.1940   -9146.6393  0.3170 
   00140    0.1904   -9146.6206  0.3174 
   00141    0.1860   -9152.0744  0.3171 
   00142    0.1820   -9149.9541  0.3186 
   00143    0.1960   -9148.1078  0.3175 
   00144    0.1920   -9145.2246  0.3168 
   00145    0.1872   -9148.1861  0.3157 
   00146    0.2016   -9151.2559  0.3142 
   00147    0.1924   -9160.2326  0.3115 
   00148    0.1952   -9150.7772  0.3107 
   00149    0.1848   -9152.3429  0.3096 
   00150    0.1936   -9146.4684  0.3093 
   00151    0.2012   -9147.6399  0.3113 
   00152    0.1960   -9147.4968  0.3100 
   00153    0.1992   -9154.1150  0.3122 
   00154    0.1832   -9159.7264  0.3095 
   00155    0.1996   -9162.2834  0.3117 
   00156    0.2040   -9168.2242  0.3123 
   00157    0.1804   -9171.5293  0.3138 
   00158    0.2052   -9172.5853  0.3122 
   00159    0.1964   -9180.5630  0.3098 
   00160    0.2012   -9183.7195  0.3127 
   00161    0.1836   -9185.1347  0.3132 
   00162    0.1924   -9187.5844  0.3142 
   00163    0.2000   -9184.1106  0.3127 
   00164    0.2088   -9185.0981  0.3113 
   00165    0.2120   -9179.7712  0.3107 
   00166    0.1756   -9187.4003  0.3114 
   00167    0.1744   -9198.7578  0.3111 
   00168    0.1988   -9203.1568  0.3108 
   00169    0.1904   -9199.6439  0.3117 
   00170    0.1964   -9206.1282  0.3118 
   00171    0.1728   -9208.2820  0.3130 
   00172    0.1972   -9208.5769  0.3104 
   00173    0.1924   -9207.8682  0.3128 
   00174    0.2072   -9208.7831  0.3127 
   00175    0.1968   -9206.2521  0.3138 
   00176    0.1924   -9194.9110  0.3121 
   00177    0.1972   -9191.7483  0.3128 
   00178    0.1932   -9198.9482  0.3135 
   00179    0.1908   -9198.5028  0.3114 
   00180    0.1888   -9190.4318  0.3114 
   00181    0.1800   -9191.3345  0.3115 
   00182    0.1872   -9179.1431  0.3123 
   00183    0.1916   -9193.2168  0.3113 
   00184    0.1904   -9199.5873  0.3111 
   00185    0.1940   -9204.6498  0.3100 
   00186    0.1904   -9210.1066  0.3105 
   00187    0.1936   -9206.3498  0.3086 
   00188    0.1928   -9219.1813  0.3076 
   00189    0.1808   -9222.3354  0.3069 
   00190    0.1748   -9219.3826  0.3062 
   00191    0.1916   -9217.5869  0.3046 
   00192    0.1892   -9220.1632  0.3028 
   00193    0.1820   -9221.5086  0.3033 
   00194    0.1916   -9216.7538  0.3025 
   00195    0.1860   -9209.0844  0.3031 
   00196    0.1848   -9206.1996  0.3030 
   00197    0.1952   -9217.8981  0.3029 
   00198    0.1916   -9214.6752  0.3052 
   00199    0.1924   -9214.6672  0.3046 
   00200    0.1808   -9221.7226  0.3062 
   00201    0.1652   -9224.3745  0.3037 
   00202    0.2008   -9221.6773  0.3056 
   00203    0.1892   -9216.3892  0.3051 
   00204    0.1904   -9222.6905  0.3062 
   00205    0.2056   -9231.5060  0.3067 
   00206    0.1836   -9241.7941  0.3085 
   00207    0.1880   -9241.8323  0.3078 
   00208    0.1936   -9232.5420  0.3061 
   00209    0.1916   -9233.9839  0.3062 
   00210    0.1860   -9233.3871  0.3052 
   00211    0.1892   -9234.3332  0.3040 
   00212    0.1956   -9237.7782  0.3052 
   00213    0.1808   -9238.3005  0.3060 
   00214    0.1716   -9228.1116  0.3064 
   00215    0.1960   -9230.2965  0.3080 
   00216    0.1788   -9228.3793  0.3067 
   00217    0.1764   -9225.6739  0.3083 
   00218    0.1904   -9218.4474  0.3081 
   00219    0.1944   -9219.0262  0.3087 
   00220    0.2076   -9220.5284  0.3088 
   00221    0.1912   -9223.0665  0.3093 
   00222    0.1940   -9224.1848  0.3081 
   00223    0.1912   -9231.6331  0.3074 
   00224    0.1892   -9226.3998  0.3092 
   00225    0.1928   -9229.8498  0.3101 
   00226    0.1964   -9244.0600  0.3089 
   00227    0.2048   -9246.6796  0.3086 
   00228    0.1888   -9244.1175  0.3080 
   00229    0.1948   -9243.5531  0.3071 
   00230    0.1796   -9244.7741  0.3083 
   00231    0.1872   -9244.8394  0.3076 
   00232    0.1980   -9246.7178  0.3073 
   00233    0.1752   -9236.8270  0.3058 
   00234    0.1700   -9241.8375  0.3057 
   00235    0.1860   -9242.0654  0.3046 
   00236    0.1808   -9241.9884  0.3033 
   00237    0.1860   -9239.2817  0.3037 
   00238    0.1784   -9245.7710  0.3030 
   00239    0.1836   -9247.8006  0.3043 
   00240    0.1840   -9244.9705  0.3039 
   00241    0.1840   -9244.0838  0.3048 
   00242    0.1960   -9250.8604  0.3076 
   00243    0.2032   -9250.3615  0.3070 
   00244    0.1780   -9243.6915  0.3072 
   00245    0.1808   -9250.7853  0.3070 
   00246    0.1864   -9253.6524  0.3086 
   00247    0.1868   -9255.6299  0.3079 
   00248    0.1892   -9260.3785  0.3070 
   00249    0.1924   -9261.2163  0.3051 
   00250    0.1804   -9260.5439  0.3060 
   00251    0.1864   -9261.0133  0.3065 
   00252    0.1800   -9265.5199  0.3059 
   00253    0.1832   -9259.8450  0.3070 
   00254    0.1760   -9259.8435  0.3081 
   00255    0.2000   -9267.6697  0.3086 
   00256    0.1952   -9271.8787  0.3086 
   00257    0.1872   -9274.4621  0.3092 
   00258    0.1836   -9275.5748  0.3060 
   00259    0.1744   -9274.7454  0.3035 
   00260    0.1960   -9277.4106  0.3026 
   00261    0.1908   -9275.5552  0.3021 
   00262    0.1880   -9274.5259  0.3026 
   00263    0.1920   -9272.4598  0.3009 
   00264    0.2012   -9269.1571  0.3019 
   00265    0.1852   -9265.7248  0.3030 
   00266    0.1840   -9269.9158  0.3015 
   00267    0.1792   -9264.7302  0.3008 
   00268    0.1952   -9262.2303  0.3028 
   00269    0.2088   -9268.3536  0.3032 
   00270    0.1940   -9271.5555  0.3027 
   00271    0.1960   -9275.4318  0.3034 
   00272    0.1676   -9276.7542  0.3042 
   00273    0.1856   -9282.2547  0.3043 
   00274    0.1760   -9281.0982  0.3041 
   00275    0.1988   -9279.0077  0.3030 
   00276    0.1780   -9272.7214  0.3034 
   00277    0.1816   -9272.3946  0.3032 
   00278    0.1960   -9279.8587  0.3034 
   00279    0.1864   -9285.0540  0.3035 
   00280    0.1920   -9286.8800  0.3051 
   00281    0.1888   -9282.9573  0.3043 
   00282    0.1884   -9281.3236  0.3041 
   00283    0.1856   -9284.5129  0.3050 
   00284    0.1668   -9285.2291  0.3053 
   00285    0.1792   -9289.6373  0.3067 
   00286    0.1924   -9294.3072  0.3040 
   00287    0.1740   -9305.6361  0.3034 
   00288    0.1748   -9303.3466  0.3040 
   00289    0.1804   -9295.6782  0.3042 
   00290    0.1816   -9296.2716  0.3047 
   00291    0.2004   -9288.5462  0.3044 
   00292    0.1732   -9295.1912  0.3033 
   00293    0.1904   -9291.2323  0.3035 
   00294    0.1780   -9290.0912  0.3031 
   00295    0.1924   -9298.9405  0.3035 
   00296    0.1784   -9300.6223  0.3026 
   00297    0.1952   -9302.1411  0.3024 
   00298    0.1816   -9308.5090  0.3041 
   00299    0.1800   -9297.2385  0.3025 
   00300    0.1848   -9299.1701  0.3031 
   00301    0.1804   -9302.0215  0.3035 
   00302    0.1836   -9297.5933  0.3039 
   00303    0.1828   -9292.1699  0.3061 
   00304    0.2008   -9293.0109  0.3069 
   00305    0.1824   -9297.4484  0.3087 
   00306    0.1672   -9297.0960  0.3087 
   00307    0.1876   -9287.2874  0.3074 
   00308    0.1932   -9297.0738  0.3074 
   00309    0.1844   -9295.3277  0.3087 
   00310    0.1864   -9282.5532  0.3077 
   00311    0.1872   -9283.0984  0.3070 
   00312    0.1800   -9277.6046  0.3071 
   00313    0.1736   -9292.8117  0.3075 
   00314    0.1748   -9297.9558  0.3063 
   00315    0.1940   -9303.7081  0.3081 
   00316    0.1880   -9317.0892  0.3102 
   00317    0.2032   -9316.8442  0.3101 
   00318    0.1964   -9305.7363  0.3118 
   00319    0.1772   -9307.6039  0.3109 
   00320    0.1640   -9310.2234  0.3102 
   00321    0.1916   -9313.3783  0.3113 
   00322    0.1836   -9314.7818  0.3119 
   00323    0.1764   -9319.9969  0.3122 
   00324    0.1896   -9313.5493  0.3126 
   00325    0.2012   -9309.5771  0.3101 
   00326    0.1540   -9315.4909  0.3105 
   00327    0.1820   -9316.0791  0.3089 
   00328    0.1776   -9314.5618  0.3099 
   00329    0.1700   -9310.1973  0.3084 
   00330    0.1764   -9318.3806  0.3081 
   00331    0.1740   -9322.2303  0.3093 
   00332    0.1996   -9320.6664  0.3078 
   00333    0.1712   -9321.5467  0.3080 
   00334    0.1964   -9338.5424  0.3079 
   00335    0.1876   -9337.5002  0.3094 
   00336    0.1756   -9331.5625  0.3072 
   00337    0.1760   -9333.3584  0.3053 
   00338    0.1936   -9334.8461  0.3034 
   00339    0.1844   -9331.8270  0.3042 
   00340    0.1688   -9340.3845  0.3048 
   00341    0.1804   -9341.4998  0.3030 
   00342    0.1616   -9344.4878  0.3044 
   00343    0.1908   -9346.6111  0.3040 
   00344    0.1772   -9338.5161  0.3042 
   00345    0.1784   -9338.2291  0.3053 
   00346    0.1936   -9333.4167  0.3045 
   00347    0.1776   -9335.9135  0.3047 
   00348    0.1720   -9333.5121  0.3034 
   00349    0.1912   -9324.7565  0.3024 
   00350    0.1644   -9324.8185  0.3045 
   00351    0.1836   -9333.5894  0.3048 
   00352    0.1656   -9328.8383  0.3058 
   00353    0.1740   -9327.5909  0.3046 
   00354    0.1796   -9325.5282  0.3031 
   00355    0.1780   -9333.4372  0.3041 
   00356    0.2032   -9335.2685  0.3059 
   00357    0.1780   -9345.1874  0.3066 
   00358    0.1656   -9350.9322  0.3071 
   00359    0.1768   -9352.1994  0.3081 
   00360    0.1824   -9348.9858  0.3092 
   00361    0.1952   -9349.7364  0.3085 
   00362    0.1780   -9342.8532  0.3095 
   00363    0.1896   -9340.2153  0.3099 
   00364    0.1884   -9338.7310  0.3101 
   00365    0.1856   -9342.1011  0.3106 
   00366    0.1800   -9332.8969  0.3117 
   00367    0.1792   -9328.3848  0.3126 
   00368    0.1872   -9335.2263  0.3124 
   00369    0.1828   -9349.4728  0.3118 
   00370    0.1680   -9355.8101  0.3119 
   00371    0.1800   -9355.9238  0.3133 
   00372    0.1752   -9351.5588  0.3137 
   00373    0.1904   -9343.9112  0.3148 
   00374    0.1844   -9346.9821  0.3153 
   00375    0.1808   -9349.6047  0.3151 
   00376    0.1860   -9349.9991  0.3136 
   00377    0.1856   -9354.2404  0.3130 
   00378    0.1652   -9348.4135  0.3127 
   00379    0.1780   -9346.1673  0.3125 
   00380    0.1692   -9352.2739  0.3136 
   00381    0.1932   -9340.9420  0.3120 
   00382    0.1856   -9343.9558  0.3116 
   00383    0.1764   -9339.5833  0.3134 
   00384    0.1732   -9338.1123  0.3139 
   00385    0.1820   -9335.8657  0.3143 
   00386    0.1944   -9339.4319  0.3157 
   00387    0.1916   -9346.4392  0.3179 
   00388    0.1768   -9345.6487  0.3187 
   00389    0.1832   -9344.5404  0.3190 
   00390    0.1860   -9347.2480  0.3165 
   00391    0.1824   -9348.9300  0.3174 
   00392    0.1852   -9355.1786  0.3169 
   00393    0.1892   -9352.6800  0.3190 
   00394    0.1712   -9352.5692  0.3193 
   00395    0.1848   -9352.6356  0.3190 
   00396    0.1844   -9359.8554  0.3211 
   00397    0.1836   -9361.3372  0.3239 
   00398    0.1812   -9357.4179  0.3238 
   00399    0.1744   -9353.1849  0.3248 
   00400    0.1652   -9353.4642  0.3255 
   00401    0.1684   -9352.5077  0.3241 
   00402    0.1820   -9350.6408  0.3235 
   00403    0.1796   -9347.2321  0.3238 
   00404    0.1780   -9346.6320  0.3221 
   00405    0.1900   -9346.4986  0.3224 
   00406    0.1848   -9343.9835  0.3237 
   00407    0.1916   -9349.2683  0.3250 
   00408    0.1728   -9354.4665  0.3222 
   00409    0.1852   -9355.8690  0.3229 
   00410    0.2000   -9354.1822  0.3221 
   00411    0.1908   -9354.7491  0.3221 
   00412    0.1892   -9355.2560  0.3223 
   00413    0.1784   -9362.0718  0.3235 
   00414    0.1808   -9368.6628  0.3224 
   00415    0.1844   -9368.8197  0.3211 
   00416    0.1752   -9369.7112  0.3206 
   00417    0.2076   -9376.2868  0.3195 
   00418    0.1676   -9375.2309  0.3189 
   00419    0.1668   -9382.0598  0.3170 
   00420    0.1744   -9375.4220  0.3174 
   00421    0.1708   -9369.0412  0.3172 
   00422    0.1884   -9372.3416  0.3158 
   00423    0.1812   -9375.1138  0.3152 
   00424    0.1756   -9381.2222  0.3143 
   00425    0.1744   -9383.1391  0.3134 
   00426    0.1736   -9379.0016  0.3140 
   00427    0.1792   -9374.0609  0.3143 
   00428    0.1692   -9376.6678  0.3137 
   00429    0.1756   -9384.5259  0.3138 
   00430    0.1872   -9377.7827  0.3146 
   00431    0.1728   -9376.0144  0.3164 
   00432    0.1780   -9372.5899  0.3152 
   00433    0.1696   -9374.6361  0.3166 
   00434    0.1780   -9373.1803  0.3158 
   00435    0.1852   -9374.3883  0.3157 
   00436    0.1908   -9374.4253  0.3145 
   00437    0.1796   -9388.6855  0.3147 
   00438    0.1748   -9385.2932  0.3166 
   00439    0.1776   -9389.4687  0.3162 
   00440    0.1800   -9380.3829  0.3149 
   00441    0.1908   -9389.1513  0.3138 
   00442    0.1852   -9389.3619  0.3135 
   00443    0.1804   -9389.9190  0.3137 
   00444    0.1868   -9383.7957  0.3157 
   00445    0.1824   -9380.9606  0.3154 
   00446    0.1816   -9382.7943  0.3138 
   00447    0.1812   -9384.2114  0.3137 
   00448    0.1780   -9382.9384  0.3116 
   00449    0.1604   -9385.4775  0.3119 
   00450    0.1720   -9381.8199  0.3119 
   00451    0.1884   -9378.6704  0.3123 
   00452    0.1732   -9379.5029  0.3124 
   00453    0.1680   -9380.7248  0.3140 
   00454    0.1788   -9377.0948  0.3120 
   00455    0.1612   -9367.1972  0.3132 
   00456    0.1844   -9368.4180  0.3128 
   00457    0.1956   -9360.5554  0.3124 
   00458    0.1828   -9355.3829  0.3103 
   00459    0.1708   -9366.4613  0.3104 
   00460    0.1584   -9377.5415  0.3114 
   00461    0.1800   -9382.4938  0.3121 
   00462    0.1796   -9373.3142  0.3132 
   00463    0.1836   -9366.2207  0.3134 
   00464    0.1772   -9363.0719  0.3149 
   00465    0.1720   -9375.4559  0.3151 
   00466    0.1852   -9367.8800  0.3130 
   00467    0.1800   -9359.8333  0.3135 
   00468    0.1756   -9368.3291  0.3124 
   00469    0.1820   -9361.6994  0.3123 
   00470    0.1716   -9366.3265  0.3117 
   00471    0.1752   -9372.4775  0.3113 
   00472    0.1844   -9371.4305  0.3124 
   00473    0.1792   -9368.6032  0.3116 
   00474    0.1724   -9373.8339  0.3129 
   00475    0.1836   -9381.0829  0.3135 
   00476    0.1808   -9387.4964  0.3133 
   00477    0.1816   -9380.2560  0.3130 
   00478    0.1776   -9373.7430  0.3137 
   00479    0.1816   -9381.9054  0.3119 
   00480    0.1808   -9381.8108  0.3115 
   00481    0.1984   -9387.0083  0.3127 
   00482    0.1856   -9386.7039  0.3115 
   00483    0.1580   -9389.4073  0.3116 
   00484    0.1944   -9395.7413  0.3125 
   00485    0.1736   -9398.7255  0.3142 
   00486    0.1804   -9407.0217  0.3144 
   00487    0.1640   -9408.8173  0.3146 
   00488    0.1784   -9414.1742  0.3152 
   00489    0.1896   -9408.7157  0.3149 
   00490    0.1788   -9417.0486  0.3141 
   00491    0.1936   -9416.7547  0.3164 
   00492    0.1656   -9416.4695  0.3152 
   00493    0.1816   -9416.7702  0.3142 
   00494    0.1744   -9419.7614  0.3143 
   00495    0.1680   -9412.4503  0.3159 
   00496    0.1696   -9415.7700  0.3183 
   00497    0.1944   -9419.5609  0.3182 
   00498    0.1672   -9419.1697  0.3185 
   00499    0.1812   -9414.0037  0.3178 
   00500    0.1824   -9411.6427  0.3205 
   00501    0.1848   -9415.7474  0.3204 
   00502    0.1672   -9419.4779  0.3204 
   00503    0.1780   -9423.2808  0.3202 
   00504    0.1584   -9417.3662  0.3215 
   00505    0.1792   -9421.1532  0.3215 
   00506    0.1860   -9419.2177  0.3226 
   00507    0.1772   -9422.7710  0.3242 
   00508    0.1756   -9415.2592  0.3245 
   00509    0.1632   -9415.6416  0.3236 
   00510    0.1696   -9418.8218  0.3235 
   00511    0.1792   -9421.4317  0.3244 
   00512    0.1640   -9410.0407  0.3233 
   00513    0.1828   -9416.2193  0.3241 
   00514    0.1800   -9425.4598  0.3216 
   00515    0.1792   -9422.1304  0.3229 
   00516    0.1944   -9424.9972  0.3222 
   00517    0.1820   -9426.9366  0.3222 
   00518    0.1816   -9417.4445  0.3224 
   00519    0.1828   -9418.8724  0.3223 
   00520    0.1876   -9420.9480  0.3210 
   00521    0.1644   -9417.9213  0.3212 
   00522    0.1828   -9427.0200  0.3211 
   00523    0.1740   -9427.8143  0.3177 
   00524    0.1680   -9427.1534  0.3180 
   00525    0.1648   -9425.3818  0.3196 
   00526    0.1724   -9415.3332  0.3193 
   00527    0.1808   -9418.8852  0.3188 
   00528    0.1732   -9417.0096  0.3195 
   00529    0.1700   -9418.0237  0.3200 
   00530    0.1804   -9420.8976  0.3208 
   00531    0.1624   -9414.8464  0.3225 
   00532    0.1788   -9420.5867  0.3230 
   00533    0.1588   -9421.0398  0.3224 
   00534    0.1796   -9423.5840  0.3223 
   00535    0.1808   -9429.2365  0.3225 
   00536    0.1572   -9440.9498  0.3243 
   00537    0.1632   -9435.7085  0.3233 
   00538    0.1696   -9435.5045  0.3237 
   00539    0.1860   -9431.9125  0.3235 
   00540    0.1656   -9435.7100  0.3219 
   00541    0.1660   -9431.9415  0.3229 
   00542    0.1676   -9438.1192  0.3235 
   00543    0.1796   -9437.1414  0.3229 
   00544    0.1732   -9439.2260  0.3221 
   00545    0.1760   -9448.6929  0.3200 
   00546    0.1844   -9456.5200  0.3205 
   00547    0.1744   -9449.3132  0.3210 
   00548    0.1784   -9447.7211  0.3210 
   00549    0.1748   -9448.6000  0.3217 
   00550    0.1800   -9458.3771  0.3223 
   00551    0.1832   -9462.7822  0.3225 
   00552    0.1668   -9458.1095  0.3237 
   00553    0.1908   -9472.8847  0.3246 
   00554    0.1828   -9470.3523  0.3261 
   00555    0.1844   -9467.4613  0.3261 
   00556    0.1892   -9471.7091  0.3264 
   00557    0.1948   -9472.0656  0.3267 
   00558    0.1724   -9468.8674  0.3275 
   00559    0.1640   -9465.9708  0.3269 
   00560    0.1712   -9464.6427  0.3270 
   00561    0.1764   -9471.4132  0.3266 
   00562    0.1584   -9467.2238  0.3267 
   00563    0.1832   -9465.5699  0.3271 
   00564    0.1744   -9471.8945  0.3269 
   00565    0.1692   -9475.3097  0.3293 
   00566    0.1616   -9475.0908  0.3299 
   00567    0.1612   -9486.7536  0.3308 
   00568    0.1644   -9487.6851  0.3299 
   00569    0.1732   -9484.6091  0.3302 
   00570    0.1804   -9488.6180  0.3300 
   00571    0.1864   -9487.2061  0.3315 
   00572    0.1696   -9492.2514  0.3315 
   00573    0.1716   -9491.8601  0.3305 
   00574    0.1764   -9492.1809  0.3297 
   00575    0.1824   -9493.6752  0.3307 
   00576    0.1688   -9494.1129  0.3301 
   00577    0.1548   -9494.9715  0.3306 
   00578    0.1644   -9497.7918  0.3306 
   00579    0.1704   -9497.4325  0.3306 
   00580    0.1588   -9492.5185  0.3303 
   00581    0.1700   -9501.5724  0.3288 
   00582    0.1760   -9498.6113  0.3286 
   00583    0.1708   -9499.7407  0.3291 
   00584    0.1576   -9503.7800  0.3296 
   00585    0.1800   -9505.8708  0.3288 
   00586    0.1664   -9504.7294  0.3271 
   00587    0.1872   -9503.6160  0.3266 
   00588    0.1812   -9505.6038  0.3270 
   00589    0.1900   -9497.2382  0.3273 
   00590    0.1728   -9500.0614  0.3276 
   00591    0.1792   -9502.8089  0.3279 
   00592    0.1580   -9514.2380  0.3281 
   00593    0.1824   -9515.1626  0.3284 
   00594    0.1544   -9518.9622  0.3288 
   00595    0.1688   -9516.9676  0.3297 
   00596    0.1608   -9516.6238  0.3303 
   00597    0.1788   -9518.5437  0.3291 
   00598    0.1576   -9519.1472  0.3296 
   00599    0.1572   -9515.0492  0.3296 
   00600    0.1660   -9511.1040  0.3301 
   00601    0.1708   -9513.2780  0.3302 
   00602    0.1572   -9506.5745  0.3310 
   00603    0.1736   -9511.4968  0.3303 
   00604    0.1748   -9514.2087  0.3307 
   00605    0.1712   -9510.1018  0.3309 
   00606    0.1632   -9511.1213  0.3310 
   00607    0.1632   -9515.6277  0.3298 
   00608    0.1780   -9514.9764  0.3290 
   00609    0.1560   -9520.0931  0.3288 
   00610    0.1716   -9510.7440  0.3287 
   00611    0.1788   -9510.5511  0.3297 
   00612    0.1620   -9503.6421  0.3313 
   00613    0.1784   -9499.6473  0.3325 
   00614    0.1600   -9503.6282  0.3322 
   00615    0.1836   -9503.6122  0.3313 
   00616    0.1636   -9501.8279  0.3315 
   00617    0.1712   -9503.9048  0.3303 
   00618    0.1584   -9506.5002  0.3289 
   00619    0.1772   -9504.2339  0.3290 
   00620    0.1688   -9505.7685  0.3280 
   00621    0.1740   -9503.3211  0.3286 
   00622    0.1796   -9509.4542  0.3284 
   00623    0.1856   -9511.5063  0.3265 
   00624    0.1664   -9515.2373  0.3267 
   00625    0.1660   -9511.9341  0.3269 
   00626    0.1768   -9515.8010  0.3253 
   00627    0.1608   -9515.3708  0.3250 
   00628    0.1764   -9522.4356  0.3255 
   00629    0.1604   -9520.8414  0.3245 
   00630    0.1908   -9523.5747  0.3255 
   00631    0.1556   -9515.2896  0.3272 
   00632    0.1780   -9513.2915  0.3278 
   00633    0.1568   -9518.3669  0.3276 
   00634    0.1716   -9521.4225  0.3288 
   00635    0.1588   -9523.5631  0.3294 
   00636    0.1716   -9518.5756  0.3290 
   00637    0.1720   -9521.6863  0.3297 
   00638    0.1736   -9521.4700  0.3299 
   00639    0.1548   -9521.6816  0.3284 
   00640    0.1792   -9525.3394  0.3292 
   00641    0.1680   -9533.6450  0.3299 
   00642    0.1664   -9539.3447  0.3304 
   00643    0.1720   -9536.9604  0.3306 
   00644    0.1828   -9530.0956  0.3317 
   00645    0.1600   -9535.4142  0.3316 
   00646    0.1668   -9535.8041  0.3321 
   00647    0.1732   -9534.5145  0.3320 
   00648    0.1680   -9530.6700  0.3320 
   00649    0.1644   -9525.4191  0.3329 
   00650    0.1700   -9525.6294  0.3332 
   00651    0.1556   -9523.5360  0.3332 
   00652    0.1600   -9528.0395  0.3333 
   00653    0.1768   -9525.4343  0.3339 
   00654    0.1636   -9529.4811  0.3350 
   00655    0.1780   -9531.1671  0.3349 
   00656    0.1616   -9534.4460  0.3360 
   00657    0.1580   -9530.9710  0.3358 
   00658    0.1652   -9536.1458  0.3368 
   00659    0.1576   -9534.5164  0.3340 
   00660    0.1704   -9535.8507  0.3346 
   00661    0.1720   -9536.2512  0.3333 
   00662    0.1688   -9539.6708  0.3333 
   00663    0.1824   -9534.2471  0.3338 
   00664    0.1652   -9527.9939  0.3346 
   00665    0.1640   -9533.2514  0.3348 
   00666    0.1704   -9535.1185  0.3338 
   00667    0.1688   -9538.1160  0.3337 
   00668    0.1776   -9540.5283  0.3359 
   00669    0.1588   -9542.2033  0.3369 
   00670    0.1716   -9546.0914  0.3365 
   00671    0.1604   -9544.3734  0.3370 
   00672    0.1524   -9548.5507  0.3367 
   00673    0.1824   -9552.1786  0.3378 
   00674    0.1708   -9551.2852  0.3390 
   00675    0.1776   -9548.9357  0.3383 
   00676    0.1480   -9550.2936  0.3386 
   00677    0.1680   -9549.8294  0.3389 
   00678    0.1684   -9545.3635  0.3397 
   00679    0.1820   -9553.1284  0.3404 
   00680    0.1748   -9550.4241  0.3395 
   00681    0.1644   -9545.5409  0.3394 
   00682    0.1752   -9543.3219  0.3384 
   00683    0.1524   -9541.1727  0.3383 
   00684    0.1572   -9545.2868  0.3389 
   00685    0.1748   -9542.1267  0.3393 
   00686    0.1796   -9543.8018  0.3397 
   00687    0.1648   -9545.2557  0.3392 
   00688    0.1652   -9546.0416  0.3391 
   00689    0.1724   -9552.3890  0.3381 
   00690    0.1668   -9550.6486  0.3392 
   00691    0.1616   -9547.1659  0.3382 
   00692    0.1772   -9545.0492  0.3371 
   00693    0.1728   -9549.9667  0.3374 
   00694    0.1664   -9551.6616  0.3392 
   00695    0.1732   -9550.6296  0.3384 
   00696    0.1644   -9546.0385  0.3383 
   00697    0.1660   -9544.5256  0.3398 
   00698    0.1744   -9543.9444  0.3388 
   00699    0.1584   -9544.9546  0.3394 
   00700    0.1700   -9544.9736  0.3391 
   00701    0.1656   -9545.4796  0.3385 
   00702    0.1680   -9540.6456  0.3394 
   00703    0.1712   -9543.8336  0.3403 
   00704    0.1744   -9540.4797  0.3390 
   00705    0.1832   -9546.8160  0.3383 
   00706    0.1736   -9544.5171  0.3380 
   00707    0.1540   -9543.7789  0.3385 
   00708    0.1628   -9548.6205  0.3387 
   00709    0.1480   -9551.2872  0.3377 
   00710    0.1800   -9551.5364  0.3375 
   00711    0.1712   -9555.5291  0.3383 
   00712    0.1604   -9556.6730  0.3374 
   00713    0.1724   -9556.0341  0.3385 
   00714    0.1688   -9554.8596  0.3385 
   00715    0.1708   -9555.3471  0.3399 
   00716    0.1740   -9565.5260  0.3409 
   00717    0.1652   -9560.0065  0.3405 
   00718    0.1668   -9556.2174  0.3408 
   00719    0.1628   -9562.7628  0.3405 
   00720    0.1664   -9563.7258  0.3410 
   00721    0.1504   -9558.6375  0.3398 
   00722    0.1800   -9557.2067  0.3417 
   00723    0.1660   -9560.2771  0.3423 
   00724    0.1676   -9558.2327  0.3420 
   00725    0.1576   -9558.9919  0.3412 
   00726    0.1632   -9560.2287  0.3416 
   00727    0.1640   -9554.0113  0.3418 
   00728    0.1852   -9551.3122  0.3437 
   00729    0.1652   -9549.2045  0.3432 
   00730    0.1756   -9555.2334  0.3434 
   00731    0.1648   -9553.7382  0.3429 
   00732    0.1700   -9555.7838  0.3426 
   00733    0.1704   -9551.0128  0.3432 
   00734    0.1476   -9555.2624  0.3427 
   00735    0.1840   -9560.2873  0.3434 
   00736    0.1512   -9559.6574  0.3435 
   00737    0.1604   -9560.9024  0.3453 
   00738    0.1608   -9569.9517  0.3451 
   00739    0.1676   -9572.2320  0.3452 
   00740    0.1736   -9565.0670  0.3462 
   00741    0.1676   -9565.2267  0.3467 
   00742    0.1556   -9568.1018  0.3475 
   00743    0.1696   -9570.3427  0.3486 
   00744    0.1740   -9568.5376  0.3481 
   00745    0.1556   -9565.8603  0.3469 
   00746    0.1748   -9565.1997  0.3463 
   00747    0.1616   -9565.0896  0.3463 
   00748    0.1732   -9569.1614  0.3461 
   00749    0.1620   -9569.7345  0.3462 
   00750    0.1780   -9576.9100  0.3481 
   00751    0.1620   -9577.9090  0.3487 
   00752    0.1456   -9572.6609  0.3491 
   00753    0.1592   -9573.9250  0.3494 
   00754    0.1640   -9569.4412  0.3501 
   00755    0.1632   -9564.4318  0.3505 
   00756    0.1592   -9561.7200  0.3507 
   00757    0.1840   -9564.4362  0.3515 
   00758    0.1644   -9565.1627  0.3523 
   00759    0.1696   -9574.6020  0.3531 
   00760    0.1516   -9574.5523  0.3528 
   00761    0.1544   -9572.9127  0.3540 
   00762    0.1600   -9575.9853  0.3537 
   00763    0.1744   -9575.8179  0.3544 
   00764    0.1564   -9576.5036  0.3544 
   00765    0.1672   -9581.6499  0.3530 
   00766    0.1744   -9582.5662  0.3522 
   00767    0.1588   -9581.7848  0.3509 
   00768    0.1704   -9581.8716  0.3506 
   00769    0.1736   -9578.0549  0.3512 
   00770    0.1692   -9576.0348  0.3505 
   00771    0.1584   -9578.6834  0.3504 
   00772    0.1500   -9576.4685  0.3496 
   00773    0.1628   -9576.3647  0.3500 
   00774    0.1664   -9581.0725  0.3506 
   00775    0.1660   -9577.6660  0.3511 
   00776    0.1624   -9579.7743  0.3494 
   00777    0.1600   -9585.6144  0.3491 
   00778    0.1712   -9582.5116  0.3489 
   00779    0.1652   -9582.1687  0.3476 
   00780    0.1848   -9578.2185  0.3483 
   00781    0.1848   -9579.1813  0.3479 
   00782    0.1680   -9579.1640  0.3462 
   00783    0.1608   -9575.5144  0.3461 
   00784    0.1712   -9571.9869  0.3468 
   00785    0.1708   -9579.9372  0.3476 
   00786    0.1736   -9582.9202  0.3479 
   00787    0.1668   -9578.9203  0.3490 
   00788    0.1628   -9578.5141  0.3501 
   00789    0.1548   -9582.2512  0.3496 
   00790    0.1564   -9585.7956  0.3494 
   00791    0.1724   -9588.0031  0.3496 
   00792    0.1528   -9583.0482  0.3501 
   00793    0.1760   -9583.5769  0.3507 
   00794    0.1592   -9587.0791  0.3507 
   00795    0.1672   -9586.9818  0.3505 
   00796    0.1756   -9586.9544  0.3490 
   00797    0.1604   -9587.6934  0.3490 
   00798    0.1740   -9585.8834  0.3500 
   00799    0.1604   -9584.4083  0.3502 
   00800    0.1736   -9587.2302  0.3503 
   00801    0.1616   -9586.9762  0.3497 
   00802    0.1716   -9586.5607  0.3479 
   00803    0.1508   -9591.4362  0.3473 
   00804    0.1668   -9591.2722  0.3478 
   00805    0.1736   -9589.2929  0.3466 
   00806    0.1700   -9592.6301  0.3468 
   00807    0.1572   -9595.3916  0.3470 
   00808    0.1732   -9593.9188  0.3486 
   00809    0.1664   -9591.3458  0.3466 
   00810    0.1564   -9589.1256  0.3479 
   00811    0.1592   -9588.2868  0.3471 
   00812    0.1540   -9587.6460  0.3464 
   00813    0.1832   -9587.5274  0.3463 
   00814    0.1648   -9584.8292  0.3469 
   00815    0.1688   -9585.2347  0.3487 
   00816    0.1752   -9595.1717  0.3469 
   00817    0.1768   -9593.8281  0.3475 
   00818    0.1472   -9594.5257  0.3474 
   00819    0.1632   -9593.4632  0.3471 
   00820    0.1656   -9600.5968  0.3469 
   00821    0.1480   -9602.0955  0.3474 
   00822    0.1672   -9603.4397  0.3466 
   00823    0.1768   -9599.6224  0.3465 
   00824    0.1568   -9598.7551  0.3458 
   00825    0.1700   -9600.0188  0.3453 
   00826    0.1708   -9600.7546  0.3451 
   00827    0.1628   -9601.8101  0.3454 
   00828    0.1712   -9603.1203  0.3452 
   00829    0.1764   -9604.0316  0.3460 
   00830    0.1688   -9606.0333  0.3459 
   00831    0.1660   -9606.1915  0.3453 
   00832    0.1704   -9605.5428  0.3451 
   00833    0.1584   -9611.8426  0.3458 
   00834    0.1608   -9614.6116  0.3469 
   00835    0.1512   -9616.4993  0.3468 
   00836    0.1660   -9616.4177  0.3470 
   00837    0.1696   -9611.0853  0.3472 
   00838    0.1816   -9610.2384  0.3476 
   00839    0.1556   -9611.0802  0.3480 
   00840    0.1604   -9611.6368  0.3483 
   00841    0.1728   -9607.4372  0.3489 
   00842    0.1632   -9605.3460  0.3503 
   00843    0.1564   -9608.6429  0.3507 
   00844    0.1636   -9609.9634  0.3510 
   00845    0.1764   -9608.2867  0.3518 
   00846    0.1572   -9611.4702  0.3523 
   00847    0.1668   -9608.0319  0.3518 
   00848    0.1800   -9603.9028  0.3506 
   00849    0.1716   -9603.2152  0.3509 
   00850    0.1712   -9604.7840  0.3500 
   00851    0.1628   -9609.1798  0.3490 
   00852    0.1744   -9608.3437  0.3491 
   00853    0.1516   -9609.2744  0.3494 
   00854    0.1632   -9612.2414  0.3498 
   00855    0.1628   -9614.3055  0.3504 
   00856    0.1756   -9615.2474  0.3510 
   00857    0.1628   -9612.5616  0.3507 
   00858    0.1652   -9612.3732  0.3511 
   00859    0.1548   -9607.9800  0.3513 
   00860    0.1764   -9604.1994  0.3513 
   00861    0.1676   -9603.6637  0.3520 
   00862    0.1580   -9606.2939  0.3516 
   00863    0.1608   -9606.0435  0.3505 
   00864    0.1764   -9609.7978  0.3505 
   00865    0.1704   -9612.6808  0.3503 
   00866    0.1596   -9613.8623  0.3513 
   00867    0.1800   -9613.8445  0.3521 
   00868    0.1532   -9608.6648  0.3530 
   00869    0.1640   -9606.1927  0.3526 
   00870    0.1696   -9604.9613  0.3521 
   00871    0.1668   -9602.4815  0.3510 
   00872    0.1608   -9605.6798  0.3511 
   00873    0.1700   -9605.5957  0.3520 
   00874    0.1592   -9605.6517  0.3527 
   00875    0.1828   -9613.2585  0.3540 
   00876    0.1612   -9620.1729  0.3536 
   00877    0.1524   -9621.1044  0.3535 
   00878    0.1620   -9618.4925  0.3549 
   00879    0.1680   -9615.5167  0.3548 
   00880    0.1572   -9609.6675  0.3546 
   00881    0.1656   -9611.6285  0.3546 
   00882    0.1528   -9610.5894  0.3544 
   00883    0.1504   -9617.9097  0.3541 
   00884    0.1692   -9620.6175  0.3528 
   00885    0.1612   -9616.5392  0.3542 
   00886    0.1612   -9620.3801  0.3536 
   00887    0.1564   -9618.5210  0.3543 
   00888    0.1720   -9615.7632  0.3545 
   00889    0.1680   -9606.4261  0.3556 
   00890    0.1624   -9609.2203  0.3558 
   00891    0.1644   -9614.1909  0.3561 
   00892    0.1728   -9614.5849  0.3569 
   00893    0.1528   -9613.5517  0.3562 
   00894    0.1552   -9612.5156  0.3567 
   00895    0.1532   -9610.9768  0.3570 
   00896    0.1708   -9615.6378  0.3558 
   00897    0.1552   -9612.8563  0.3555 
   00898    0.1560   -9614.5017  0.3547 
   00899    0.1624   -9615.8535  0.3540 
   00900    0.1704   -9610.6762  0.3528 
   00901    0.1580   -9609.5395  0.3536 
   00902    0.1600   -9614.0160  0.3532 
   00903    0.1764   -9613.5804  0.3528 
   00904    0.1656   -9615.5559  0.3532 
   00905    0.1668   -9610.3624  0.3535 
   00906    0.1684   -9613.1785  0.3529 
   00907    0.1636   -9611.2639  0.3521 
   00908    0.1580   -9606.8284  0.3515 
   00909    0.1676   -9601.4500  0.3509 
   00910    0.1688   -9599.9234  0.3504 
   00911    0.1696   -9602.1272  0.3510 
   00912    0.1596   -9600.7541  0.3505 
   00913    0.1636   -9602.5786  0.3500 
   00914    0.1604   -9607.3952  0.3506 
   00915    0.1716   -9611.7322  0.3504 
   00916    0.1552   -9607.5027  0.3513 
   00917    0.1616   -9616.6699  0.3510 
   00918    0.1720   -9623.6428  0.3525 
   00919    0.1772   -9622.4865  0.3530 
   00920    0.1760   -9623.5201  0.3527 
   00921    0.1600   -9627.2923  0.3520 
   00922    0.1440   -9632.5906  0.3520 
   00923    0.1704   -9631.7630  0.3515 
   00924    0.1624   -9629.2943  0.3514 
   00925    0.1504   -9628.7414  0.3523 
   00926    0.1496   -9629.6180  0.3515 
   00927    0.1608   -9627.2307  0.3516 
   00928    0.1652   -9625.8922  0.3521 
   00929    0.1632   -9621.4320  0.3521 
   00930    0.1736   -9620.7822  0.3520 
   00931    0.1580   -9621.9021  0.3524 
   00932    0.1628   -9623.1873  0.3525 
   00933    0.1604   -9626.5039  0.3540 
   00934    0.1564   -9628.7544  0.3541 
   00935    0.1548   -9627.2244  0.3533 
   00936    0.1560   -9624.9062  0.3536 
   00937    0.1788   -9631.0640  0.3529 
   00938    0.1624   -9627.7656  0.3523 
   00939    0.1672   -9625.9040  0.3536 
   00940    0.1556   -9624.5507  0.3529 
   00941    0.1472   -9625.9635  0.3519 
   00942    0.1672   -9626.7105  0.3525 
   00943    0.1560   -9625.8175  0.3525 
   00944    0.1584   -9625.1708  0.3527 
   00945    0.1604   -9625.1584  0.3532 
   00946    0.1680   -9628.2466  0.3534 
   00947    0.1752   -9636.7111  0.3540 
   00948    0.1768   -9634.2800  0.3532 
   00949    0.1708   -9631.1646  0.3535 
   00950    0.1620   -9629.4964  0.3535 
   00951    0.1672   -9623.6080  0.3537 
   00952    0.1732   -9622.3003  0.3528 
   00953    0.1644   -9618.9295  0.3523 
   00954    0.1796   -9630.2088  0.3525 
   00955    0.1512   -9625.4492  0.3527 
   00956    0.1640   -9627.4024  0.3535 
   00957    0.1628   -9631.8025  0.3538 
   00958    0.1596   -9629.5443  0.3533 
   00959    0.1700   -9630.8945  0.3536 
   00960    0.1676   -9631.5897  0.3526 
   00961    0.1764   -9625.8049  0.3530 
   00962    0.1532   -9626.1598  0.3523 
   00963    0.1604   -9626.6421  0.3523 
   00964    0.1672   -9621.8284  0.3538 
   00965    0.1640   -9622.6498  0.3536 
   00966    0.1764   -9626.3001  0.3543 
   00967    0.1624   -9628.5934  0.3539 
   00968    0.1488   -9629.0517  0.3530 
   00969    0.1864   -9629.5454  0.3529 
   00970    0.1640   -9629.7750  0.3521 
   00971    0.1572   -9626.1232  0.3536 
   00972    0.1700   -9626.3049  0.3529 
   00973    0.1804   -9631.8858  0.3534 
   00974    0.1608   -9631.0201  0.3541 
   00975    0.1640   -9632.9534  0.3540 
   00976    0.1636   -9634.4333  0.3539 
   00977    0.1496   -9630.6604  0.3531 
   00978    0.1464   -9626.7156  0.3533 
   00979    0.1680   -9628.7450  0.3526 
   00980    0.1588   -9624.8341  0.3525 
   00981    0.1584   -9625.6977  0.3522 
   00982    0.1724   -9628.6350  0.3527 
   00983    0.1700   -9632.2958  0.3522 
   00984    0.1532   -9629.7478  0.3526 
   00985    0.1684   -9628.7204  0.3540 
   00986    0.1696   -9627.4374  0.3536 
   00987    0.1628   -9627.2402  0.3532 
   00988    0.1556   -9628.2016  0.3538 
   00989    0.1676   -9629.7686  0.3548 
   00990    0.1596   -9627.7320  0.3546 
   00991    0.1696   -9625.5751  0.3549 
   00992    0.1548   -9632.1603  0.3544 
   00993    0.1536   -9624.7230  0.3544 
   00994    0.1452   -9619.6242  0.3551 
   00995    0.1636   -9625.8792  0.3556 
   00996    0.1668   -9625.6426  0.3564 
   00997    0.1552   -9626.6314  0.3570 
   00998    0.1612   -9622.4542  0.3579 
   00999    0.1720   -9617.3275  0.3570 
   01000    0.1660   -9625.7258  0.3574 
