#=====================================================
# File created:        Sun-02-Nov-2025-at-08-11-11PM
# Size of lattice:     50x50
# Number of MC steps:  1000
# Reduced temperature: 0.500
# Run time (s):        8.411606
#=====================================================
# MC step:  Ratio:     Energy:   Order:
#=====================================================
   00000    0.5000   -2594.9214  0.2719 
   00001    0.0000   -3769.8787  0.2694 
   00002    0.0000   -4521.7768  0.2778 
   00003    0.0000   -5012.9586  0.2808 
   00004    0.0000   -5351.3915  0.2696 
   00005    0.0000   -5668.4055  0.2673 
   00006    0.0000   -5920.1185  0.2710 
   00007    0.0000   -6164.3307  0.2767 
   00008    0.0000   -6333.0861  0.2821 
   00009    0.0000   -6428.7138  0.2866 
   00010    0.0000   -6569.6040  0.2924 
   00011    0.0000   -6691.3434  0.2974 
   00012    0.0000   -6767.8370  0.3035 
   00013    0.0000   -6837.9128  0.3052 
   00014    0.0000   -6847.9883  0.3048 
   00015    0.0000   -6855.6037  0.3069 
   00016    0.0000   -6907.3198  0.3104 
   00017    0.0000   -6967.5993  0.3012 
   00018    0.0000   -7050.9135  0.3062 
   00019    0.0000   -7111.0984  0.3010 
   00020    0.0000   -7154.5620  0.3062 
   00021    0.0000   -7169.0088  0.3156 
   00022    0.0000   -7194.7103  0.3156 
   00023    0.0000   -7245.8867  0.3127 
   00024    0.0000   -7278.6261  0.3206 
   00025    0.0000   -7242.2638  0.3150 
   00026    0.0000   -7357.3357  0.3158 
   00027    0.0000   -7364.0765  0.3055 
   00028    0.0000   -7355.9881  0.3043 
   00029    0.0000   -7431.7477  0.3191 
   00030    0.0000   -7466.9106  0.3108 
   00031    0.0000   -7428.3205  0.3149 
   00032    0.0000   -7472.1000  0.3184 
   00033    0.0000   -7504.7269  0.3152 
   00034    0.0000   -7534.9992  0.3073 
   00035    0.0000   -7554.8283  0.3232 
   00036    0.0000   -7602.8298  0.3258 
   00037    0.0000   -7589.3111  0.3234 
   00038    0.0000   -7612.0160  0.3165 
   00039    0.0000   -7620.6292  0.3242 
   00040    0.0000   -7652.1137  0.3260 
   00041    0.0000   -7674.4551  0.3311 
   00042    0.0000   -7649.1346  0.3272 
   00043    0.0000   -7653.7108  0.3296 
   00044    0.0000   -7674.3873  0.3233 
   00045    0.0000   -7677.8786  0.3277 
   00046    0.0000   -7677.4441  0.3311 
   00047    0.0000   -7664.7375  0.3319 
   00048    0.0000   -7687.1544  0.3289 
   00049    0.0000   -7671.0242  0.3310 
   00050    0.0000   -7633.0375  0.3308 
   00051    0.0000   -7542.0470  0.3299 
   00052    0.0000   -7586.1096  0.3356 
   00053    0.0000   -7584.2520  0.3291 
   00054    0.0000   -7596.4782  0.3321 
   00055    0.0000   -7663.9310  0.3317 
   00056    0.0000   -7737.1338  0.3371 
   00057    0.0000   -7730.4763  0.3350 
   00058    0.0000   -7715.7673  0.3471 
   00059    0.0000   -7743.2190  0.3502 
   00060    0.0000   -7746.9110  0.3460 
   00061    0.0000   -7786.7550  0.3508 
   00062    0.0000   -7782.3448  0.3554 
   00063    0.0000   -7792.5037  0.3584 
   00064    0.0000   -7750.2553  0.3656 
   00065    0.0000   -7775.0189  0.3718 
   00066    0.0000   -7821.9401  0.3656 
   00067    0.0000   -7790.8830  0.3643 
   00068    0.0000   -7802.0334  0.3709 
   00069    0.0000   -7730.7790  0.3739 
   00070    0.0000   -7717.7472  0.3720 
   00071    0.0000   -7823.5327  0.3689 
   00072    0.0000   -7878.7587  0.3698 
   00073    0.0000   -7880.6591  0.3813 
   00074    0.0000   -7890.9443  0.3783 
   00075    0.0000   -7876.7843  0.3757 
   00076    0.0000   -7895.3853  0.3744 
   00077    0.0000   -7909.4877  0.3678 
   00078    0.0000   -7896.9315  0.3702 
   00079    0.0000   -7915.6174  0.3730 
   00080    0.0000   -7920.7847  0.3687 
   00081    0.0000   -7902.8983  0.3727 
   00082    0.0000   -7927.6296  0.3764 
   00083    0.0000   -7897.2923  0.3708 
   00084    0.0000   -7914.4645  0.3694 
   00085    0.0000   -7975.8458  0.3727 
   00086    0.0000   -7956.4358  0.3790 
   00087    0.0000   -7918.4691  0.3816 
   00088    0.0000   -7931.7378  0.3790 
   00089    0.0000   -7905.2851  0.3770 
   00090    0.0000   -7862.7710  0.3695 
   00091    0.0000   -7931.6248  0.3728 
   00092    0.0000   -7961.6960  0.3651 
   00093    0.0000   -7921.7003  0.3626 
   00094    0.0000   -7886.6225  0.3625 
   00095    0.0000   -7863.8696  0.3686 
   00096    0.0000   -7953.5430  0.3826 
   00097    0.0000   -7939.1589  0.3839 
   00098    0.0000   -7925.2703  0.3850 
   00099    0.0000   -7975.9132  0.3877 
   00100    0.0000   -7990.0573  0.3828 
   00101    0.0000   -7994.1047  0.3793 
   00102    0.0000   -8000.7271  0.3782 
   00103    0.0000   -8015.9343  0.3811 
   00104    0.0000   -8013.3634  0.3735 
   00105    0.0000   -7937.9914  0.3676 
   00106    0.0000   -7920.2294  0.3647 
   00107    0.0000   -7939.3965  0.3663 
   00108    0.0000   -7872.7368  0.3606 
   00109    0.0000   -7903.7330  0.3634 
   00110    0.0000   -7889.0667  0.3677 
   00111    0.0000   -7942.9949  0.3623 
   00112    0.0000   -7938.5060  0.3551 
   00113    0.0000   -7963.2764  0.3512 
   00114    0.0000   -7953.0362  0.3604 
   00115    0.0000   -7984.5077  0.3638 
   00116    0.0000   -8010.0001  0.3571 
   00117    0.0000   -7967.3068  0.3477 
   00118    0.0000   -7974.3912  0.3535 
   00119    0.0000   -8001.5907  0.3473 
   00120    0.0000   -7915.4535  0.3529 
   00121    0.0000   -8009.9125  0.3530 
   00122    0.0000   -8006.9307  0.3482 
   00123    0.0000   -8015.4031  0.3426 
   00124    0.0000   -8050.1006  0.3351 
   00125    0.0000   -8015.7491  0.3394 
   00126    0.0000   -8039.3272  0.3387 
   00127    0.0000   -8010.5211  0.3343 
   00128    0.0000   -7982.8060  0.3296 
   00129    0.0000   -8026.3703  0.3242 
   00130    0.0000   -7969.0039  0.3222 
   00131    0.0000   -7969.9008  0.3208 
   00132    0.0000   -7986.2882  0.3283 
   00133    0.0000   -7942.1018  0.3317 
   00134    0.0000   -7968.7924  0.3324 
   00135    0.0000   -8031.8788  0.3286 
   00136    0.0000   -8014.7763  0.3320 
   00137    0.0000   -7975.0946  0.3328 
   00138    0.0000   -7913.8678  0.3290 
   00139    0.0000   -8025.0861  0.3385 
   00140    0.0000   -8026.5469  0.3381 
   00141    0.0000   -7975.3823  0.3295 
   00142    0.0000   -7966.0160  0.3299 
   00143    0.0000   -7953.9527  0.3370 
   00144    0.0000   -7952.8555  0.3375 
   00145    0.0000   -7963.1353  0.3372 
   00146    0.0000   -7990.7824  0.3376 
   00147    0.0000   -7986.1537  0.3347 
   00148    0.0000   -8057.2652  0.3388 
   00149    0.0000   -8021.9828  0.3370 
   00150    0.0000   -8089.2764  0.3395 
   00151    0.0000   -8035.2622  0.3335 
   00152    0.0000   -8044.1122  0.3315 
   00153    0.0000   -8056.0754  0.3356 
   00154    0.0000   -8030.5667  0.3341 
   00155    0.0000   -8066.3355  0.3389 
   00156    0.0000   -8047.2989  0.3454 
   00157    0.0000   -8033.3125  0.3441 
   00158    0.0000   -8001.3063  0.3429 
   00159    0.0000   -7978.6865  0.3406 
   00160    0.0000   -7969.9854  0.3427 
   00161    0.0000   -7961.7724  0.3441 
   00162    0.0000   -7970.8812  0.3503 
   00163    0.0000   -7975.2641  0.3501 
   00164    0.0000   -7986.9567  0.3546 
   00165    0.0000   -7978.4963  0.3487 
   00166    0.0000   -7982.9213  0.3416 
   00167    0.0000   -7921.7204  0.3404 
   00168    0.0000   -7960.4075  0.3409 
   00169    0.0000   -7986.8444  0.3388 
   00170    0.0000   -8003.4207  0.3406 
   00171    0.0000   -7922.8511  0.3377 
   00172    0.0000   -7933.4125  0.3413 
   00173    0.0000   -7928.8490  0.3410 
   00174    0.0000   -7924.8844  0.3397 
   00175    0.0000   -7915.7279  0.3394 
   00176    0.0000   -7928.8011  0.3354 
   00177    0.0000   -7996.9668  0.3345 
   00178    0.0000   -7996.7431  0.3314 
   00179    0.0000   -7925.6460  0.3315 
   00180    0.0000   -7878.4684  0.3309 
   00181    0.0000   -7911.2807  0.3309 
   00182    0.0000   -7908.2570  0.3301 
   00183    0.0000   -7895.4052  0.3241 
   00184    0.0000   -7938.6916  0.3181 
   00185    0.0000   -7921.5630  0.3215 
   00186    0.0000   -7936.9338  0.3263 
   00187    0.0000   -7917.3065  0.3216 
   00188    0.0000   -7916.7468  0.3244 
   00189    0.0000   -7832.8854  0.3213 
   00190    0.0000   -7864.0141  0.3255 
   00191    0.0000   -7899.3672  0.3273 
   00192    0.0000   -7926.6673  0.3250 
   00193    0.0000   -7888.6696  0.3274 
   00194    0.0000   -7875.1787  0.3277 
   00195    0.0000   -7879.1584  0.3300 
   00196    0.0000   -7887.8725  0.3245 
   00197    0.0000   -7889.2379  0.3207 
   00198    0.0000   -7910.7574  0.3238 
   00199    0.0000   -7954.5217  0.3206 
   00200    0.0000   -8016.2735  0.3202 
   00201    0.0000   -8026.1277  0.3189 
   00202    0.0000   -8031.1925  0.3144 
   00203    0.0000   -8004.0571  0.3155 
   00204    0.0000   -7999.3881  0.3062 
   00205    0.0000   -7996.3387  0.3037 
   00206    0.0000   -8024.0277  0.3096 
   00207    0.0000   -8040.7759  0.3181 
   00208    0.0000   -8073.7972  0.3227 
   00209    0.0000   -8035.5059  0.3147 
   00210    0.0000   -7996.3279  0.3138 
   00211    0.0000   -7950.2279  0.3128 
   00212    0.0000   -7948.1901  0.3175 
   00213    0.0000   -7948.6159  0.3165 
   00214    0.0000   -7938.5688  0.3185 
   00215    0.0000   -7962.2595  0.3243 
   00216    0.0000   -8010.7489  0.3191 
   00217    0.0000   -8023.9546  0.3235 
   00218    0.0000   -8081.2637  0.3244 
   00219    0.0000   -8059.3514  0.3281 
   00220    0.0000   -8042.0349  0.3259 
   00221    0.0000   -8100.3802  0.3211 
   00222    0.0000   -8094.1448  0.3200 
   00223    0.0000   -8136.1778  0.3263 
   00224    0.0000   -8154.8462  0.3284 
   00225    0.0000   -8094.0345  0.3258 
   00226    0.0000   -8105.0880  0.3270 
   00227    0.0000   -8110.5687  0.3338 
   00228    0.0000   -8057.6992  0.3398 
   00229    0.0000   -8059.0942  0.3387 
   00230    0.0000   -8046.3649  0.3391 
   00231    0.0000   -8076.2494  0.3419 
   00232    0.0000   -8087.4383  0.3393 
   00233    0.0000   -8035.9789  0.3376 
   00234    0.0000   -8037.8651  0.3420 
   00235    0.0000   -8055.8861  0.3457 
   00236    0.0000   -8049.2087  0.3465 
   00237    0.0000   -8053.0819  0.3510 
   00238    0.0000   -8128.9007  0.3504 
   00239    0.0000   -8169.6672  0.3538 
   00240    0.0000   -8165.5177  0.3576 
   00241    0.0000   -8129.4863  0.3606 
   00242    0.0000   -8103.9227  0.3600 
   00243    0.0000   -8082.1375  0.3541 
   00244    0.0000   -8063.9742  0.3620 
   00245    0.0000   -8106.8363  0.3560 
   00246    0.0000   -8085.8202  0.3574 
   00247    0.0000   -8057.4626  0.3605 
   00248    0.0000   -8037.3280  0.3663 
   00249    0.0000   -8032.8029  0.3621 
   00250    0.0000   -7991.2058  0.3588 
   00251    0.0000   -7963.0279  0.3583 
   00252    0.0000   -7936.5085  0.3648 
   00253    0.0000   -7915.2745  0.3628 
   00254    0.0000   -7907.2827  0.3624 
   00255    0.0000   -7895.4240  0.3655 
   00256    0.0000   -7958.4367  0.3666 
   00257    0.0000   -7988.6571  0.3747 
   00258    0.0000   -7957.3256  0.3701 
   00259    0.0000   -8004.1528  0.3669 
   00260    0.0000   -7968.6617  0.3669 
   00261    0.0000   -8005.4246  0.3603 
   00262    0.0000   -7990.2236  0.3564 
   00263    0.0000   -8007.9697  0.3569 
   00264    0.0000   -8073.8210  0.3588 
   00265    0.0000   -8160.6254  0.3606 
   00266    0.0000   -8113.5172  0.3538 
   00267    0.0000   -8168.2276  0.3478 
   00268    0.0000   -8174.3412  0.3436 
   00269    0.0000   -8185.0147  0.3397 
   00270    0.0000   -8141.9565  0.3342 
   00271    0.0000   -8142.7565  0.3332 
   00272    0.0000   -8126.1876  0.3418 
   00273    0.0000   -8098.4282  0.3455 
   00274    0.0000   -8124.8333  0.3420 
   00275    0.0000   -8034.2440  0.3385 
   00276    0.0000   -8035.6292  0.3297 
   00277    0.0000   -8081.7124  0.3380 
   00278    0.0000   -8055.9498  0.3303 
   00279    0.0000   -8035.4964  0.3305 
   00280    0.0000   -8062.6210  0.3190 
   00281    0.0000   -8118.6553  0.3246 
   00282    0.0000   -8043.9251  0.3342 
   00283    0.0000   -8030.8539  0.3350 
   00284    0.0000   -7969.5473  0.3296 
   00285    0.0000   -8002.0110  0.3328 
   00286    0.0000   -7985.7123  0.3326 
   00287    0.0000   -7968.8483  0.3339 
   00288    0.0000   -7999.5863  0.3428 
   00289    0.0000   -8022.4047  0.3505 
   00290    0.0000   -8000.2221  0.3497 
   00291    0.0000   -7982.9036  0.3432 
   00292    0.0000   -7987.8655  0.3475 
   00293    0.0000   -8036.4237  0.3459 
   00294    0.0000   -8034.7289  0.3420 
   00295    0.0000   -8110.2180  0.3478 
   00296    0.0000   -8052.5247  0.3486 
   00297    0.0000   -8092.0861  0.3558 
   00298    0.0000   -8106.0979  0.3478 
   00299    0.0000   -8098.1310  0.3511 
   00300    0.0000   -8074.1422  0.3465 
   00301    0.0000   -8107.3754  0.3440 
   00302    0.0000   -8144.9579  0.3396 
   00303    0.0000   -8136.2897  0.3413 
   00304    0.0000   -8153.1972  0.3347 
   00305    0.0000   -8208.0487  0.3328 
   00306    0.0000   -8204.6677  0.3372 
   00307    0.0000   -8228.3763  0.3417 
   00308    0.0000   -8230.7949  0.3515 
   00309    0.0000   -8207.3102  0.3445 
   00310    0.0000   -8185.1425  0.3414 
   00311    0.0000   -8190.0242  0.3390 
   00312    0.0000   -8161.1975  0.3431 
   00313    0.0000   -8192.4531  0.3445 
   00314    0.0000   -8214.4398  0.3379 
   00315    0.0000   -8254.2854  0.3424 
   00316    0.0000   -8239.2968  0.3409 
   00317    0.0000   -8245.4231  0.3438 
   00318    0.0000   -8215.1663  0.3421 
   00319    0.0000   -8174.3564  0.3432 
   00320    0.0000   -8179.9490  0.3426 
   00321    0.0000   -8181.7753  0.3480 
   00322    0.0000   -8193.2732  0.3409 
   00323    0.0000   -8226.6524  0.3485 
   00324    0.0000   -8233.1174  0.3554 
   00325    0.0000   -8197.8344  0.3537 
   00326    0.0000   -8232.5411  0.3495 
   00327    0.0000   -8187.1481  0.3566 
   00328    0.0000   -8247.3374  0.3588 
   00329    0.0000   -8183.0464  0.3583 
   00330    0.0000   -8194.8062  0.3575 
   00331    0.0000   -8187.6549  0.3600 
   00332    0.0000   -8191.7987  0.3622 
   00333    0.0000   -8188.2021  0.3537 
   00334    0.0000   -8186.7431  0.3594 
   00335    0.0000   -8203.8871  0.3663 
   00336    0.0000   -8125.6620  0.3761 
   00337    0.0000   -8125.3580  0.3759 
   00338    0.0000   -8090.5724  0.3761 
   00339    0.0000   -8077.7409  0.3697 
   00340    0.0000   -8111.2415  0.3657 
   00341    0.0000   -8148.2211  0.3721 
   00342    0.0000   -8135.0927  0.3685 
   00343    0.0000   -8164.4405  0.3714 
   00344    0.0000   -8157.8374  0.3681 
   00345    0.0000   -8166.7560  0.3710 
   00346    0.0000   -8204.0840  0.3688 
   00347    0.0000   -8133.7809  0.3703 
   00348    0.0000   -8176.8365  0.3692 
   00349    0.0000   -8113.9602  0.3704 
   00350    0.0000   -8074.7245  0.3722 
   00351    0.0000   -8105.9053  0.3721 
   00352    0.0000   -8179.3114  0.3739 
   00353    0.0000   -8153.5356  0.3735 
   00354    0.0000   -8106.8949  0.3701 
   00355    0.0000   -8112.2975  0.3689 
   00356    0.0000   -8139.7234  0.3679 
   00357    0.0000   -8132.4643  0.3730 
   00358    0.0000   -8219.5001  0.3741 
   00359    0.0000   -8229.9539  0.3714 
   00360    0.0000   -8241.0703  0.3714 
   00361    0.0000   -8218.4770  0.3654 
   00362    0.0000   -8185.7096  0.3624 
   00363    0.0000   -8113.3525  0.3670 
   00364    0.0000   -8121.4132  0.3688 
   00365    0.0000   -8137.8389  0.3702 
   00366    0.0000   -8068.3276  0.3734 
   00367    0.0000   -8056.7141  0.3725 
   00368    0.0000   -8155.1773  0.3768 
   00369    0.0000   -8156.3287  0.3721 
   00370    0.0000   -8124.0610  0.3757 
   00371    0.0000   -8129.6627  0.3796 
   00372    0.0000   -8091.3037  0.3788 
   00373    0.0000   -8102.8825  0.3812 
   00374    0.0000   -8111.3437  0.3825 
   00375    0.0000   -8117.1577  0.3811 
   00376    0.0000   -8134.4648  0.3756 
   00377    0.0000   -8118.1459  0.3757 
   00378    0.0000   -8131.4752  0.3766 
   00379    0.0000   -8057.9084  0.3659 
   00380    0.0000   -7996.5741  0.3681 
   00381    0.0000   -8026.3752  0.3696 
   00382    0.0000   -7960.3557  0.3674 
   00383    0.0000   -7963.8312  0.3683 
   00384    0.0000   -7990.1855  0.3730 
   00385    0.0000   -8026.1450  0.3768 
   00386    0.0000   -7971.5710  0.3745 
   00387    0.0000   -7984.2493  0.3792 
   00388    0.0000   -7991.4355  0.3834 
   00389    0.0000   -7986.3161  0.3872 
   00390    0.0000   -8023.4699  0.3846 
   00391    0.0000   -8031.8394  0.3890 
   00392    0.0000   -8022.3047  0.3872 
   00393    0.0000   -8014.6318  0.3895 
   00394    0.0000   -8014.5270  0.3858 
   00395    0.0000   -8029.7900  0.3841 
   00396    0.0000   -7961.1800  0.3749 
   00397    0.0000   -7959.5535  0.3686 
   00398    0.0000   -8005.3459  0.3720 
   00399    0.0000   -8042.2192  0.3739 
   00400    0.0000   -8048.1349  0.3792 
   00401    0.0000   -8069.9053  0.3820 
   00402    0.0000   -8085.1117  0.3838 
   00403    0.0000   -8038.1443  0.3817 
   00404    0.0000   -8064.9878  0.3752 
   00405    0.0000   -8066.1983  0.3736 
   00406    0.0000   -8048.9910  0.3675 
   00407    0.0000   -8055.6745  0.3629 
   00408    0.0000   -8093.9028  0.3541 
   00409    0.0000   -8128.4363  0.3656 
   00410    0.0000   -8095.2536  0.3629 
   00411    0.0000   -8038.5796  0.3596 
   00412    0.0000   -8055.2232  0.3669 
   00413    0.0000   -8050.2085  0.3695 
   00414    0.0000   -8075.2914  0.3655 
   00415    0.0000   -8116.0242  0.3729 
   00416    0.0000   -8087.5038  0.3737 
   00417    0.0000   -8102.4820  0.3802 
   00418    0.0000   -8074.4742  0.3800 
   00419    0.0000   -8087.7978  0.3773 
   00420    0.0000   -8089.4523  0.3842 
   00421    0.0000   -8115.1908  0.3783 
   00422    0.0000   -8131.0597  0.3872 
   00423    0.0000   -8088.6857  0.3857 
   00424    0.0000   -8092.2486  0.3868 
   00425    0.0000   -8146.1818  0.3933 
   00426    0.0000   -8101.8311  0.3988 
   00427    0.0000   -8086.8548  0.4018 
   00428    0.0000   -8023.5776  0.3938 
   00429    0.0000   -7987.7240  0.4028 
   00430    0.0000   -8090.5312  0.4050 
   00431    0.0000   -8107.6682  0.4087 
   00432    0.0000   -8080.4583  0.4119 
   00433    0.0000   -8087.6516  0.4086 
   00434    0.0000   -8141.6149  0.4050 
   00435    0.0000   -8114.2631  0.4026 
   00436    0.0000   -8086.2364  0.3992 
   00437    0.0000   -8073.1478  0.4015 
   00438    0.0000   -8038.0647  0.3990 
   00439    0.0000   -8036.3224  0.4033 
   00440    0.0000   -8074.8509  0.4074 
   00441    0.0000   -8076.9839  0.4048 
   00442    0.0000   -8098.4312  0.4138 
   00443    0.0000   -8084.8281  0.4200 
   00444    0.0000   -8102.4678  0.4120 
   00445    0.0000   -8093.3428  0.4143 
   00446    0.0000   -8077.1689  0.4188 
   00447    0.0000   -8052.9252  0.4247 
   00448    0.0000   -8005.9249  0.4207 
   00449    0.0000   -7930.5403  0.4139 
   00450    0.0000   -7963.1689  0.4226 
   00451    0.0000   -7975.2253  0.4218 
   00452    0.0000   -7997.8396  0.4182 
   00453    0.0000   -7992.0963  0.4203 
   00454    0.0000   -7998.0478  0.4146 
   00455    0.0000   -7994.8648  0.4188 
   00456    0.0000   -8001.5703  0.4141 
   00457    0.0000   -8064.1880  0.4137 
   00458    0.0000   -8133.4372  0.4175 
   00459    0.0000   -8128.1817  0.4148 
   00460    0.0000   -8111.0212  0.4188 
   00461    0.0000   -8082.5539  0.4132 
   00462    0.0000   -8095.2836  0.4111 
   00463    0.0000   -8121.4677  0.4100 
   00464    0.0000   -8148.4733  0.4190 
   00465    0.0000   -8093.1308  0.4144 
   00466    0.0000   -8057.9910  0.4117 
   00467    0.0000   -8046.0216  0.4092 
   00468    0.0000   -8051.3723  0.4052 
   00469    0.0000   -8007.4866  0.4021 
   00470    0.0000   -8047.4443  0.4041 
   00471    0.0000   -8071.7997  0.4083 
   00472    0.0000   -8045.8128  0.4011 
   00473    0.0000   -8072.2146  0.4007 
   00474    0.0000   -8040.4096  0.4037 
   00475    0.0000   -8104.7875  0.4053 
   00476    0.0000   -8049.2009  0.3988 
   00477    0.0000   -8121.7955  0.3976 
   00478    0.0000   -8160.2488  0.4008 
   00479    0.0000   -8187.0297  0.3966 
   00480    0.0000   -8134.8552  0.3899 
   00481    0.0000   -8126.7666  0.3942 
   00482    0.0000   -8157.2183  0.3940 
   00483    0.0000   -8176.8526  0.3915 
   00484    0.0000   -8138.2519  0.4026 
   00485    0.0000   -8141.9998  0.4045 
   00486    0.0000   -8070.4969  0.4028 
   00487    0.0000   -8103.5222  0.4029 
   00488    0.0000   -8052.5612  0.3992 
   00489    0.0000   -8061.9772  0.4022 
   00490    0.0000   -8021.3925  0.4032 
   00491    0.0000   -8007.6164  0.3998 
   00492    0.0000   -7988.5422  0.4072 
   00493    0.0000   -8022.2518  0.4038 
   00494    0.0000   -7989.4627  0.4018 
   00495    0.0000   -7967.4841  0.4039 
   00496    0.0000   -8024.5923  0.4120 
   00497    0.0000   -8059.1729  0.4165 
   00498    0.0000   -8087.1652  0.4150 
   00499    0.0000   -8108.6789  0.4192 
   00500    0.0000   -8083.6216  0.4095 
   00501    0.0000   -8140.9065  0.4149 
   00502    0.0000   -8083.9072  0.4109 
   00503    0.0000   -8075.8424  0.4064 
   00504    0.0000   -8090.3689  0.4078 
   00505    0.0000   -8051.2266  0.4161 
   00506    0.0000   -8107.1056  0.4092 
   00507    0.0000   -8061.3372  0.4006 
   00508    0.0000   -8134.2856  0.4009 
   00509    0.0000   -8182.9003  0.4027 
   00510    0.0000   -8141.3364  0.3939 
   00511    0.0000   -8125.8308  0.3938 
   00512    0.0000   -8163.5027  0.3949 
   00513    0.0000   -8169.4761  0.3923 
   00514    0.0000   -8143.4690  0.3861 
   00515    0.0000   -8128.6301  0.3844 
   00516    0.0000   -8156.4883  0.3801 
   00517    0.0000   -8098.2532  0.3792 
   00518    0.0000   -8045.6106  0.3822 
   00519    0.0000   -8093.0538  0.3841 
   00520    0.0000   -8057.6299  0.3814 
   00521    0.0000   -7966.4755  0.3789 
   00522    0.0000   -7978.8934  0.3739 
   00523    0.0000   -7995.8194  0.3785 
   00524    0.0000   -8018.7350  0.3693 
   00525    0.0000   -8100.1628  0.3629 
   00526    0.0000   -8051.6983  0.3594 
   00527    0.0000   -8048.4696  0.3572 
   00528    0.0000   -8081.8789  0.3534 
   00529    0.0000   -8081.0050  0.3546 
   00530    0.0000   -8101.2044  0.3588 
   00531    0.0000   -8053.1847  0.3583 
   00532    0.0000   -8069.2040  0.3665 
   00533    0.0000   -8122.3242  0.3628 
   00534    0.0000   -8099.7388  0.3642 
   00535    0.0000   -8104.0872  0.3585 
   00536    0.0000   -8120.2717  0.3667 
   00537    0.0000   -8112.5040  0.3737 
   00538    0.0000   -8112.1844  0.3707 
   00539    0.0000   -8124.2793  0.3712 
   00540    0.0000   -8126.2345  0.3703 
   00541    0.0000   -8089.2826  0.3677 
   00542    0.0000   -8058.5753  0.3626 
   00543    0.0000   -8144.5875  0.3698 
   00544    0.0000   -8175.5214  0.3699 
   00545    0.0000   -8215.1349  0.3727 
   00546    0.0000   -8160.1413  0.3773 
   00547    0.0000   -8117.4538  0.3741 
   00548    0.0000   -8106.6848  0.3657 
   00549    0.0000   -8078.8862  0.3687 
   00550    0.0000   -8057.1845  0.3696 
   00551    0.0000   -8064.2860  0.3758 
   00552    0.0000   -8087.3239  0.3805 
   00553    0.0000   -8069.8263  0.3836 
   00554    0.0000   -8140.1401  0.3815 
   00555    0.0000   -8152.1219  0.3931 
   00556    0.0000   -8094.4298  0.3943 
   00557    0.0000   -8053.0243  0.3858 
   00558    0.0000   -8083.4028  0.3851 
   00559    0.0000   -8088.4521  0.3846 
   00560    0.0000   -8129.9620  0.3887 
   00561    0.0000   -8141.1643  0.3853 
   00562    0.0000   -8120.3240  0.3897 
   00563    0.0000   -8140.5794  0.3891 
   00564    0.0000   -8101.0408  0.3931 
   00565    0.0000   -8122.3086  0.4028 
   00566    0.0000   -8156.9145  0.4059 
   00567    0.0000   -8214.5388  0.4052 
   00568    0.0000   -8183.1613  0.4154 
   00569    0.0000   -8137.3306  0.4177 
   00570    0.0000   -8183.1343  0.4183 
   00571    0.0000   -8151.2425  0.4215 
   00572    0.0000   -8145.0063  0.4118 
   00573    0.0000   -8159.7800  0.4090 
   00574    0.0000   -8164.0894  0.4060 
   00575    0.0000   -8135.4620  0.4135 
   00576    0.0000   -8114.9711  0.4131 
   00577    0.0000   -8123.1333  0.4125 
   00578    0.0000   -8127.7908  0.4114 
   00579    0.0000   -8100.3297  0.4130 
   00580    0.0000   -8132.4127  0.4128 
   00581    0.0000   -8139.8765  0.4091 
   00582    0.0000   -8140.4133  0.4143 
   00583    0.0000   -8138.5247  0.4166 
   00584    0.0000   -8158.0733  0.4124 
   00585    0.0000   -8206.0293  0.4148 
   00586    0.0000   -8201.1568  0.4112 
   00587    0.0000   -8237.6057  0.4152 
   00588    0.0000   -8244.4667  0.4126 
   00589    0.0000   -8226.4719  0.4102 
   00590    0.0000   -8130.3185  0.4034 
   00591    0.0000   -8157.8142  0.4027 
   00592    0.0000   -8181.8701  0.3999 
   00593    0.0000   -8175.4551  0.4026 
   00594    0.0000   -8182.8161  0.3990 
   00595    0.0000   -8194.1003  0.4018 
   00596    0.0000   -8203.1258  0.4090 
   00597    0.0000   -8162.9720  0.4117 
   00598    0.0000   -8160.0003  0.4112 
   00599    0.0000   -8152.7363  0.4050 
   00600    0.0000   -8162.9624  0.4113 
   00601    0.0000   -8219.2481  0.4091 
   00602    0.0000   -8182.0262  0.4129 
   00603    0.0000   -8078.0472  0.4211 
   00604    0.0000   -8120.3798  0.4236 
   00605    0.0000   -8134.1941  0.4205 
   00606    0.0000   -8095.3481  0.4161 
   00607    0.0000   -8053.8239  0.4123 
   00608    0.0000   -8048.0844  0.4079 
   00609    0.0000   -8071.8126  0.4042 
   00610    0.0000   -8060.0666  0.4073 
   00611    0.0000   -8081.0334  0.4063 
   00612    0.0000   -8121.1969  0.4095 
   00613    0.0000   -8066.3939  0.4119 
   00614    0.0000   -8054.8878  0.4155 
   00615    0.0000   -8039.6543  0.4133 
   00616    0.0000   -8081.6432  0.4124 
   00617    0.0000   -8075.3960  0.4090 
   00618    0.0000   -8063.3687  0.4090 
   00619    0.0000   -8038.1455  0.4071 
   00620    0.0000   -8050.9669  0.4084 
   00621    0.0000   -8033.1024  0.4076 
   00622    0.0000   -7970.6504  0.4063 
   00623    0.0000   -7926.9776  0.4051 
   00624    0.0000   -7967.0072  0.4025 
   00625    0.0000   -7951.5142  0.3957 
   00626    0.0000   -7947.8123  0.3971 
   00627    0.0000   -7967.6855  0.3966 
   00628    0.0000   -7975.4953  0.3928 
   00629    0.0000   -7979.2331  0.3891 
   00630    0.0000   -8071.1983  0.3884 
   00631    0.0000   -8114.3480  0.3862 
   00632    0.0000   -8061.7949  0.3863 
   00633    0.0000   -8065.6299  0.3833 
   00634    0.0000   -8079.7146  0.3781 
   00635    0.0000   -8069.3612  0.3746 
   00636    0.0000   -8085.1850  0.3771 
   00637    0.0000   -8105.9376  0.3784 
   00638    0.0000   -8159.1548  0.3852 
   00639    0.0000   -8172.8265  0.3872 
   00640    0.0000   -8151.9276  0.3812 
   00641    0.0000   -8121.1370  0.3826 
   00642    0.0000   -8125.6455  0.3814 
   00643    0.0000   -8170.8459  0.3839 
   00644    0.0000   -8173.8871  0.3813 
   00645    0.0000   -8159.1427  0.3760 
   00646    0.0000   -8140.0600  0.3780 
   00647    0.0000   -8185.0038  0.3765 
   00648    0.0000   -8163.8291  0.3710 
   00649    0.0000   -8105.3490  0.3709 
   00650    0.0000   -8089.0120  0.3716 
   00651    0.0000   -8116.4154  0.3739 
   00652    0.0000   -8139.2898  0.3719 
   00653    0.0000   -8120.3149  0.3641 
   00654    0.0000   -8145.8802  0.3642 
   00655    0.0000   -8106.3732  0.3596 
   00656    0.0000   -8071.7497  0.3594 
   00657    0.0000   -8069.9580  0.3526 
   00658    0.0000   -8115.1683  0.3503 
   00659    0.0000   -8067.3325  0.3521 
   00660    0.0000   -8096.4543  0.3532 
   00661    0.0000   -8055.2178  0.3528 
   00662    0.0000   -8049.1226  0.3519 
   00663    0.0000   -8052.6515  0.3480 
   00664    0.0000   -8103.7665  0.3437 
   00665    0.0000   -8117.8495  0.3460 
   00666    0.0000   -8064.7370  0.3455 
   00667    0.0000   -8073.0953  0.3481 
   00668    0.0000   -8094.1483  0.3534 
   00669    0.0000   -8071.1102  0.3530 
   00670    0.0000   -8088.5871  0.3554 
   00671    0.0000   -8107.4885  0.3586 
   00672    0.0000   -8098.6362  0.3614 
   00673    0.0000   -8068.6678  0.3627 
   00674    0.0000   -8074.8402  0.3619 
   00675    0.0000   -8062.8834  0.3583 
   00676    0.0000   -8087.4408  0.3610 
   00677    0.0000   -8089.6539  0.3607 
   00678    0.0000   -8070.6241  0.3608 
   00679    0.0000   -8041.8694  0.3592 
   00680    0.0000   -8008.3644  0.3651 
   00681    0.0000   -7969.5659  0.3659 
   00682    0.0000   -7957.7940  0.3634 
   00683    0.0000   -7966.0976  0.3669 
   00684    0.0000   -7982.6047  0.3667 
   00685    0.0000   -7958.0471  0.3681 
   00686    0.0000   -8020.4174  0.3711 
   00687    0.0000   -8031.5419  0.3738 
   00688    0.0000   -8055.9868  0.3749 
   00689    0.0000   -8045.0761  0.3699 
   00690    0.0000   -8088.4302  0.3669 
   00691    0.0000   -8180.6251  0.3686 
   00692    0.0000   -8127.3182  0.3707 
   00693    0.0000   -8084.2431  0.3743 
   00694    0.0000   -8063.5527  0.3738 
   00695    0.0000   -8086.8657  0.3716 
   00696    0.0000   -8087.7609  0.3790 
   00697    0.0000   -8057.3620  0.3762 
   00698    0.0000   -8126.5228  0.3772 
   00699    0.0000   -8144.0415  0.3719 
   00700    0.0000   -8078.3421  0.3653 
   00701    0.0000   -8075.9701  0.3572 
   00702    0.0000   -8066.5240  0.3610 
   00703    0.0000   -8081.0828  0.3701 
   00704    0.0000   -8130.7751  0.3651 
   00705    0.0000   -8166.4051  0.3596 
   00706    0.0000   -8156.9051  0.3558 
   00707    0.0000   -8144.7263  0.3607 
   00708    0.0000   -8096.0713  0.3623 
   00709    0.0000   -8133.2970  0.3647 
   00710    0.0000   -8135.9264  0.3648 
   00711    0.0000   -8124.5205  0.3630 
   00712    0.0000   -8143.0558  0.3661 
   00713    0.0000   -8112.1217  0.3576 
   00714    0.0000   -8073.9158  0.3552 
   00715    0.0000   -8055.4806  0.3550 
   00716    0.0000   -8063.6742  0.3527 
   00717    0.0000   -8068.8475  0.3502 
   00718    0.0000   -8115.2557  0.3543 
   00719    0.0000   -8106.7360  0.3565 
   00720    0.0000   -8135.7825  0.3550 
   00721    0.0000   -8118.5118  0.3495 
   00722    0.0000   -8028.2012  0.3451 
   00723    0.0000   -8027.9398  0.3408 
   00724    0.0000   -8063.2928  0.3443 
   00725    0.0000   -8117.6033  0.3498 
   00726    0.0000   -8015.8859  0.3460 
   00727    0.0000   -8006.7543  0.3527 
   00728    0.0000   -7986.7723  0.3552 
   00729    0.0000   -7973.1968  0.3593 
   00730    0.0000   -7954.5835  0.3563 
   00731    0.0000   -7988.7621  0.3642 
   00732    0.0000   -7970.1016  0.3678 
   00733    0.0000   -7993.1387  0.3679 
   00734    0.0000   -8038.1353  0.3679 
   00735    0.0000   -8059.5244  0.3617 
   00736    0.0000   -8047.0554  0.3601 
   00737    0.0000   -8137.9690  0.3548 
   00738    0.0000   -8146.2000  0.3554 
   00739    0.0000   -8140.1229  0.3621 
   00740    0.0000   -8128.0733  0.3554 
   00741    0.0000   -8099.6018  0.3533 
   00742    0.0000   -8141.7225  0.3563 
   00743    0.0000   -8103.5050  0.3529 
   00744    0.0000   -8115.8468  0.3625 
   00745    0.0000   -8090.9209  0.3672 
   00746    0.0000   -8105.1094  0.3635 
   00747    0.0000   -8135.0822  0.3612 
   00748    0.0000   -8164.2198  0.3629 
   00749    0.0000   -8169.9927  0.3684 
   00750    0.0000   -8173.6811  0.3705 
   00751    0.0000   -8157.2875  0.3690 
   00752    0.0000   -8166.1155  0.3706 
   00753    0.0000   -8153.2088  0.3735 
   00754    0.0000   -8160.6149  0.3660 
   00755    0.0000   -8169.5729  0.3661 
   00756    0.0000   -8161.2046  0.3679 
   00757    0.0000   -8158.8185  0.3654 
   00758    0.0000   -8189.5594  0.3602 
   00759    0.0000   -8166.3359  0.3471 
   00760    0.0000   -8157.8912  0.3458 
   00761    0.0000   -8128.2394  0.3530 
   00762    0.0000   -8128.9449  0.3554 
   00763    0.0000   -8116.9599  0.3549 
   00764    0.0000   -8169.0087  0.3552 
   00765    0.0000   -8189.1179  0.3546 
   00766    0.0000   -8173.5036  0.3547 
   00767    0.0000   -8110.2812  0.3529 
   00768    0.0000   -8058.9395  0.3422 
   00769    0.0000   -7999.6329  0.3381 
   00770    0.0000   -8044.6068  0.3452 
   00771    0.0000   -8044.8740  0.3484 
   00772    0.0000   -8124.8095  0.3547 
   00773    0.0000   -8106.6098  0.3559 
   00774    0.0000   -8113.9942  0.3555 
   00775    0.0000   -8117.5468  0.3464 
   00776    0.0000   -8088.6338  0.3468 
   00777    0.0000   -8055.3110  0.3426 
   00778    0.0000   -8066.5746  0.3416 
   00779    0.0000   -8090.3666  0.3401 
   00780    0.0000   -8084.0104  0.3338 
   00781    0.0000   -8058.7386  0.3320 
   00782    0.0000   -8033.5374  0.3288 
   00783    0.0000   -8058.3780  0.3332 
   00784    0.0000   -8078.6002  0.3332 
   00785    0.0000   -8077.5728  0.3397 
   00786    0.0000   -8125.0920  0.3386 
   00787    0.0000   -8125.9227  0.3465 
   00788    0.0000   -8106.5113  0.3429 
   00789    0.0000   -8082.0843  0.3491 
   00790    0.0000   -8123.8717  0.3461 
   00791    0.0000   -8052.2384  0.3455 
   00792    0.0000   -8052.7954  0.3503 
   00793    0.0000   -8059.1845  0.3479 
   00794    0.0000   -8030.6167  0.3501 
   00795    0.0000   -8034.2110  0.3575 
   00796    0.0000   -8010.0345  0.3589 
   00797    0.0000   -8054.7118  0.3586 
   00798    0.0000   -8062.4886  0.3570 
   00799    0.0000   -8065.7631  0.3574 
   00800    0.0000   -8050.6410  0.3605 
   00801    0.0000   -8073.0115  0.3573 
   00802    0.0000   -8052.5956  0.3648 
   00803    0.0000   -8052.0173  0.3628 
   00804    0.0000   -8012.2480  0.3698 
   00805    0.0000   -8008.6704  0.3693 
   00806    0.0000   -8002.8577  0.3668 
   00807    0.0000   -8055.0368  0.3781 
   00808    0.0000   -8056.8219  0.3814 
   00809    0.0000   -8075.0366  0.3852 
   00810    0.0000   -8096.0318  0.3871 
   00811    0.0000   -8054.4755  0.3878 
   00812    0.0000   -8041.1675  0.3870 
   00813    0.0000   -8088.8106  0.3929 
   00814    0.0000   -8029.2482  0.4024 
   00815    0.0000   -8018.0068  0.4049 
   00816    0.0000   -8123.0794  0.4091 
   00817    0.0000   -8164.0003  0.4150 
   00818    0.0000   -8215.7455  0.4184 
   00819    0.0000   -8170.9954  0.4150 
   00820    0.0000   -8143.2731  0.4168 
   00821    0.0000   -8192.5638  0.4188 
   00822    0.0000   -8117.3083  0.4220 
   00823    0.0000   -8093.2522  0.4193 
   00824    0.0000   -8099.3941  0.4269 
   00825    0.0000   -8083.5184  0.4309 
   00826    0.0000   -8043.6223  0.4326 
   00827    0.0000   -8034.8759  0.4342 
   00828    0.0000   -7985.0665  0.4360 
   00829    0.0000   -7983.8244  0.4347 
   00830    0.0000   -7994.5871  0.4393 
   00831    0.0000   -8014.0693  0.4399 
   00832    0.0000   -8005.9335  0.4390 
   00833    0.0000   -8019.2827  0.4319 
   00834    0.0000   -8026.7453  0.4373 
   00835    0.0000   -8000.2960  0.4415 
   00836    0.0000   -8059.5274  0.4393 
   00837    0.0000   -8056.3222  0.4387 
   00838    0.0000   -8021.0167  0.4393 
   00839    0.0000   -8025.0978  0.4412 
   00840    0.0000   -8042.9544  0.4437 
   00841    0.0000   -8023.0250  0.4343 
   00842    0.0000   -8060.0815  0.4361 
   00843    0.0000   -8049.1961  0.4388 
   00844    0.0000   -8082.3411  0.4334 
   00845    0.0000   -8087.6932  0.4300 
   00846    0.0000   -8041.0138  0.4302 
   00847    0.0000   -8067.5018  0.4339 
   00848    0.0000   -8044.9807  0.4355 
   00849    0.0000   -8005.7840  0.4349 
   00850    0.0000   -8030.1262  0.4391 
   00851    0.0000   -8113.9374  0.4403 
   00852    0.0000   -8135.6739  0.4384 
   00853    0.0000   -8139.0604  0.4357 
   00854    0.0000   -8122.3215  0.4440 
   00855    0.0000   -8075.8594  0.4382 
   00856    0.0000   -8133.0163  0.4379 
   00857    0.0000   -8131.4241  0.4388 
   00858    0.0000   -8095.8730  0.4380 
   00859    0.0000   -8092.2837  0.4435 
   00860    0.0000   -8084.9336  0.4506 
   00861    0.0000   -8072.8951  0.4529 
   00862    0.0000   -8061.8774  0.4478 
   00863    0.0000   -8065.5893  0.4457 
   00864    0.0000   -8089.1179  0.4529 
   00865    0.0000   -8116.5853  0.4442 
   00866    0.0000   -8154.2195  0.4432 
   00867    0.0000   -8148.7281  0.4384 
   00868    0.0000   -8160.4547  0.4343 
   00869    0.0000   -8116.1496  0.4356 
   00870    0.0000   -8098.4608  0.4362 
   00871    0.0000   -8105.3832  0.4338 
   00872    0.0000   -8106.5553  0.4277 
   00873    0.0000   -8040.6669  0.4319 
   00874    0.0000   -8013.7431  0.4376 
   00875    0.0000   -8070.4949  0.4338 
   00876    0.0000   -8042.8114  0.4359 
   00877    0.0000   -8068.4460  0.4361 
   00878    0.0000   -8062.3906  0.4432 
   00879    0.0000   -8088.5690  0.4303 
   00880    0.0000   -8083.1160  0.4351 
   00881    0.0000   -8071.2440  0.4355 
   00882    0.0000   -8055.1567  0.4277 
   00883    0.0000   -8027.9011  0.4254 
   00884    0.0000   -8043.7860  0.4290 
   00885    0.0000   -8074.7938  0.4325 
   00886    0.0000   -8108.1369  0.4322 
   00887    0.0000   -8125.8678  0.4346 
   00888    0.0000   -8134.8417  0.4319 
   00889    0.0000   -8127.7654  0.4324 
   00890    0.0000   -8060.3652  0.4230 
   00891    0.0000   -8136.6136  0.4133 
   00892    0.0000   -8080.7550  0.4171 
   00893    0.0000   -8116.4345  0.4219 
   00894    0.0000   -8160.2908  0.4281 
   00895    0.0000   -8172.5706  0.4350 
   00896    0.0000   -8158.7074  0.4345 
   00897    0.0000   -8163.4333  0.4265 
   00898    0.0000   -8133.0209  0.4262 
   00899    0.0000   -8137.5145  0.4366 
   00900    0.0000   -8135.8725  0.4343 
   00901    0.0000   -8175.4737  0.4312 
   00902    0.0000   -8192.0633  0.4288 
   00903    0.0000   -8167.7632  0.4229 
   00904    0.0000   -8127.0214  0.4189 
   00905    0.0000   -8145.3871  0.4135 
   00906    0.0000   -8173.7790  0.4135 
   00907    0.0000   -8159.0628  0.4020 
   00908    0.0000   -8157.8713  0.3964 
   00909    0.0000   -8136.6198  0.4001 
   00910    0.0000   -8140.3898  0.3951 
   00911    0.0000   -8108.8328  0.3952 
   00912    0.0000   -8114.9055  0.3947 
   00913    0.0000   -8142.4625  0.3953 
   00914    0.0000   -8123.1262  0.4017 
   00915    0.0000   -8151.0841  0.4018 
   00916    0.0000   -8163.3177  0.4034 
   00917    0.0000   -8143.1771  0.4096 
   00918    0.0000   -8125.9331  0.4026 
   00919    0.0000   -8097.8645  0.4042 
   00920    0.0000   -8145.7407  0.4022 
   00921    0.0000   -8142.9328  0.4033 
   00922    0.0000   -8080.6218  0.3978 
   00923    0.0000   -8070.2749  0.3933 
   00924    0.0000   -8066.6657  0.3941 
   00925    0.0000   -8062.9689  0.3879 
   00926    0.0000   -8052.8195  0.3886 
   00927    0.0000   -8035.4252  0.3757 
   00928    0.0000   -8071.1655  0.3787 
   00929    0.0000   -8068.1706  0.3785 
   00930    0.0000   -8031.5736  0.3811 
   00931    0.0000   -8028.9666  0.3875 
   00932    0.0000   -8030.4879  0.3893 
   00933    0.0000   -8073.4665  0.3933 
   00934    0.0000   -8085.3590  0.3961 
   00935    0.0000   -8096.5249  0.3992 
   00936    0.0000   -8072.1535  0.3997 
   00937    0.0000   -8094.3015  0.4023 
   00938    0.0000   -8117.9853  0.4091 
   00939    0.0000   -8121.5754  0.4111 
   00940    0.0000   -8161.2963  0.4177 
   00941    0.0000   -8144.5078  0.4229 
   00942    0.0000   -8130.8830  0.4249 
   00943    0.0000   -8159.5964  0.4279 
   00944    0.0000   -8130.3152  0.4232 
   00945    0.0000   -8086.0372  0.4320 
   00946    0.0000   -8153.4890  0.4341 
   00947    0.0000   -8171.3763  0.4327 
   00948    0.0000   -8147.9443  0.4275 
   00949    0.0000   -8119.3649  0.4233 
   00950    0.0000   -8066.0475  0.4208 
   00951    0.0000   -8066.0556  0.4175 
   00952    0.0000   -8062.2835  0.4215 
   00953    0.0000   -8086.0192  0.4345 
   00954    0.0000   -8084.4372  0.4380 
   00955    0.0000   -8032.4627  0.4329 
   00956    0.0000   -8047.3772  0.4335 
   00957    0.0000   -8099.8410  0.4382 
   00958    0.0000   -8094.5070  0.4369 
   00959    0.0000   -8107.2203  0.4400 
   00960    0.0000   -8069.3450  0.4435 
   00961    0.0000   -8044.2525  0.4445 
   00962    0.0000   -8082.1957  0.4494 
   00963    0.0000   -8027.8140  0.4471 
   00964    0.0000   -8003.7164  0.4403 
   00965    0.0000   -8062.7883  0.4456 
   00966    0.0000   -8077.1063  0.4411 
   00967    0.0000   -8075.4110  0.4426 
   00968    0.0000   -8036.9822  0.4382 
   00969    0.0000   -8079.2835  0.4355 
   00970    0.0000   -8029.2166  0.4309 
   00971    0.0000   -8028.1382  0.4306 
   00972    0.0000   -8090.9707  0.4378 
   00973    0.0000   -8092.7615  0.4368 
   00974    0.0000   -8006.9402  0.4397 
   00975    0.0000   -7990.1271  0.4408 
   00976    0.0000   -7982.5618  0.4387 
   00977    0.0000   -8004.8907  0.4392 
   00978    0.0000   -8011.3092  0.4393 
   00979    0.0000   -7986.9111  0.4466 
   00980    0.0000   -8076.5407  0.4446 
   00981    0.0000   -8065.9770  0.4379 
   00982    0.0000   -8103.7795  0.4389 
   00983    0.0000   -8095.2568  0.4401 
   00984    0.0000   -8110.4688  0.4393 
   00985    0.0000   -8073.1320  0.4358 
   00986    0.0000   -8053.8708  0.4329 
   00987    0.0000   -8061.6225  0.4389 
   00988    0.0000   -8072.0967  0.4430 
   00989    0.0000   -7976.2253  0.4464 
   00990    0.0000   -7942.8590  0.4501 
   00991    0.0000   -7896.7016  0.4499 
   00992    0.0000   -7980.5192  0.4500 
   00993    0.0000   -7991.8837  0.4506 
   00994    0.0000   -8023.9501  0.4569 
   00995    0.0000   -7958.0477  0.4540 
   00996    0.0000   -8046.9272  0.4597 
   00997    0.0000   -7978.8540  0.4572 
   00998    0.0000   -7989.4685  0.4557 
   00999    0.0000   -7980.2495  0.4526 
   01000    0.0000   -8016.1327  0.4461 
