temperature,order
0.05,0.795
0.10344827586206898,0.937
0.15689655172413794,0.341
0.21034482758620693,0.947
0.2637931034482759,0.930
0.31724137931034485,0.906
0.3706896551724138,0.878
0.4241379310344828,0.887
0.47758620689655173,0.843
0.5310344827586208,0.751
0.5844827586206898,0.777
0.6379310344827587,0.478
0.6913793103448277,0.336
0.7448275862068966,0.363
0.7982758620689656,0.369
0.8517241379310345,0.260
0.9051724137931035,0.330
0.9586206896551726,0.346
1.0120689655172415,0.332
1.0655172413793104,0.385
1.1189655172413795,0.308
1.1724137931034484,0.265
1.2258620689655173,0.287
1.2793103448275862,0.303
1.3327586206896553,0.314
1.3862068965517242,0.310
1.4396551724137931,0.293
1.4931034482758623,0.331
1.5465517241379312,0.266
1.6,0.284
0.05,0.983
0.10344827586206898,0.966
0.15689655172413794,0.947
0.21034482758620693,0.920
0.2637931034482759,0.925
0.31724137931034485,0.896
0.3706896551724138,0.870
0.4241379310344828,0.869
0.47758620689655173,0.793
0.5310344827586208,0.824
0.5844827586206898,0.680
0.6379310344827587,0.458
0.6913793103448277,0.339
0.7448275862068966,0.380
0.7982758620689656,0.358
0.8517241379310345,0.371
0.9051724137931035,0.330
0.9586206896551726,0.353
1.0120689655172415,0.286
1.0655172413793104,0.279
1.1189655172413795,0.256
1.1724137931034484,0.291
1.2258620689655173,0.343
1.2793103448275862,0.319
1.3327586206896553,0.386
1.3862068965517242,0.261
1.4396551724137931,0.284
1.4931034482758623,0.326
1.5465517241379312,0.308
1.6,0.276
0.05,0.978
0.10344827586206898,0.960
0.15689655172413794,0.944
0.21034482758620693,0.932
0.2637931034482759,0.909
0.31724137931034485,0.914
0.3706896551724138,0.822
0.4241379310344828,0.886
0.47758620689655173,0.763
0.5310344827586208,0.645
0.5844827586206898,0.633
0.6379310344827587,0.529
0.6913793103448277,0.443
0.7448275862068966,0.395
0.7982758620689656,0.278
0.8517241379310345,0.334
0.9051724137931035,0.289
0.9586206896551726,0.274
1.0120689655172415,0.309
1.0655172413793104,0.319
1.1189655172413795,0.316
1.1724137931034484,0.276
1.2258620689655173,0.314
1.2793103448275862,0.275
1.3327586206896553,0.291
1.3862068965517242,0.282
1.4396551724137931,0.315
1.4931034482758623,0.311
1.5465517241379312,0.286
1.6,0.324
0.05,0.977
0.10344827586206898,0.965
0.15689655172413794,0.935
0.21034482758620693,0.933
0.2637931034482759,0.919
0.31724137931034485,0.893
0.3706896551724138,0.821
0.4241379310344828,0.881
0.47758620689655173,0.813
0.5310344827586208,0.802
0.5844827586206898,0.515
0.6379310344827587,0.435
0.6913793103448277,0.456
0.7448275862068966,0.403
0.7982758620689656,0.276
0.8517241379310345,0.312
0.9051724137931035,0.345
0.9586206896551726,0.259
1.0120689655172415,0.407
1.0655172413793104,0.435
1.1189655172413795,0.296
1.1724137931034484,0.278
1.2258620689655173,0.269
1.2793103448275862,0.301
1.3327586206896553,0.316
1.3862068965517242,0.336
1.4396551724137931,0.303
1.4931034482758623,0.252
1.5465517241379312,0.262
1.6,0.264
0.05,0.984
0.10344827586206898,0.963
0.15689655172413794,0.945
0.21034482758620693,0.948
0.2637931034482759,0.922
0.31724137931034485,0.896
0.3706896551724138,0.880
0.4241379310344828,0.817
0.47758620689655173,0.874
0.5310344827586208,0.680
0.5844827586206898,0.414
0.6379310344827587,0.528
0.6913793103448277,0.356
0.7448275862068966,0.306
0.7982758620689656,0.356
0.8517241379310345,0.337
0.9051724137931035,0.260
0.9586206896551726,0.372
1.0120689655172415,0.375
1.0655172413793104,0.308
1.1189655172413795,0.333
1.1724137931034484,0.300
1.2258620689655173,0.303
1.2793103448275862,0.310
1.3327586206896553,0.346
1.3862068965517242,0.297
1.4396551724137931,0.323
1.4931034482758623,0.354
1.5465517241379312,0.289
1.6,0.289
0.05,0.989
0.10344827586206898,0.958
0.15689655172413794,0.955
0.21034482758620693,0.934
0.2637931034482759,0.912
0.31724137931034485,0.904
0.3706896551724138,0.870
0.4241379310344828,0.873
0.47758620689655173,0.785
0.5310344827586208,0.826
0.5844827586206898,0.616
0.6379310344827587,0.357
0.6913793103448277,0.379
0.7448275862068966,0.316
0.7982758620689656,0.368
0.8517241379310345,0.429
0.9051724137931035,0.291
0.9586206896551726,0.337
1.0120689655172415,0.296
1.0655172413793104,0.343
1.1189655172413795,0.258
1.1724137931034484,0.321
1.2258620689655173,0.365
1.2793103448275862,0.337
1.3327586206896553,0.360
1.3862068965517242,0.291
1.4396551724137931,0.306
1.4931034482758623,0.313
1.5465517241379312,0.266
1.6,0.340
0.05,0.982
0.10344827586206898,0.971
0.15689655172413794,0.956
0.21034482758620693,0.915
0.2637931034482759,0.906
0.31724137931034485,0.888
0.3706896551724138,0.855
0.4241379310344828,0.856
0.47758620689655173,0.817
0.5310344827586208,0.786
0.5844827586206898,0.646
0.6379310344827587,0.331
0.6913793103448277,0.305
0.7448275862068966,0.299
0.7982758620689656,0.516
0.8517241379310345,0.338
0.9051724137931035,0.280
0.9586206896551726,0.324
1.0120689655172415,0.372
1.0655172413793104,0.315
1.1189655172413795,0.281
1.1724137931034484,0.301
1.2258620689655173,0.301
1.2793103448275862,0.322
1.3327586206896553,0.265
1.3862068965517242,0.330
1.4396551724137931,0.295
1.4931034482758623,0.336
1.5465517241379312,0.281
1.6,0.324
0.05,0.821
0.10344827586206898,0.963
0.15689655172413794,0.931
0.21034482758620693,0.935
0.2637931034482759,0.917
0.31724137931034485,0.873
0.3706896551724138,0.873
0.4241379310344828,0.874
0.47758620689655173,0.804
0.5310344827586208,0.675
0.5844827586206898,0.394
0.6379310344827587,0.424
0.6913793103448277,0.366
0.7448275862068966,0.390
0.7982758620689656,0.302
0.8517241379310345,0.357
0.9051724137931035,0.398
0.9586206896551726,0.337
1.0120689655172415,0.309
1.0655172413793104,0.303
1.1189655172413795,0.337
1.1724137931034484,0.314
1.2258620689655173,0.256
1.2793103448275862,0.329
1.3327586206896553,0.324
1.3862068965517242,0.288
1.4396551724137931,0.276
1.4931034482758623,0.303
1.5465517241379312,0.293
1.6,0.314
0.05,0.987
0.10344827586206898,0.764
0.15689655172413794,0.284
0.21034482758620693,0.937
0.2637931034482759,0.900
0.31724137931034485,0.661
0.3706896551724138,0.899
0.4241379310344828,0.826
0.47758620689655173,0.792
0.5310344827586208,0.702
0.5844827586206898,0.679
0.6379310344827587,0.630
0.6913793103448277,0.478
0.7448275862068966,0.367
0.7982758620689656,0.357
0.8517241379310345,0.313
0.9051724137931035,0.280
0.9586206896551726,0.383
1.0120689655172415,0.277
1.0655172413793104,0.301
1.1189655172413795,0.291
1.1724137931034484,0.335
1.2258620689655173,0.290
1.2793103448275862,0.311
1.3327586206896553,0.323
1.3862068965517242,0.301
1.4396551724137931,0.315
1.4931034482758623,0.305
1.5465517241379312,0.302
1.6,0.327
0.05,0.983
0.10344827586206898,0.971
0.15689655172413794,0.930
0.21034482758620693,0.931
0.2637931034482759,0.872
0.31724137931034485,0.853
0.3706896551724138,0.909
0.4241379310344828,0.876
0.47758620689655173,0.828
0.5310344827586208,0.749
0.5844827586206898,0.549
0.6379310344827587,0.573
0.6913793103448277,0.380
0.7448275862068966,0.351
0.7982758620689656,0.270
0.8517241379310345,0.338
0.9051724137931035,0.273
0.9586206896551726,0.360
1.0120689655172415,0.326
1.0655172413793104,0.299
1.1189655172413795,0.311
1.1724137931034484,0.302
1.2258620689655173,0.315
1.2793103448275862,0.286
1.3327586206896553,0.280
1.3862068965517242,0.291
1.4396551724137931,0.272
1.4931034482758623,0.326
1.5465517241379312,0.269
1.6,0.278
0.05,0.984
0.10344827586206898,0.970
0.15689655172413794,0.953
0.21034482758620693,0.911
0.2637931034482759,0.923
0.31724137931034485,0.885
0.3706896551724138,0.841
0.4241379310344828,0.801
0.47758620689655173,0.835
0.5310344827586208,0.809
0.5844827586206898,0.626
0.6379310344827587,0.344
0.6913793103448277,0.341
0.7448275862068966,0.294
0.7982758620689656,0.383
0.8517241379310345,0.385
0.9051724137931035,0.287
0.9586206896551726,0.283
1.0120689655172415,0.285
1.0655172413793104,0.300
1.1189655172413795,0.336
1.1724137931034484,0.288
1.2258620689655173,0.278
1.2793103448275862,0.267
1.3327586206896553,0.305
1.3862068965517242,0.286
1.4396551724137931,0.284
1.4931034482758623,0.273
1.5465517241379312,0.286
1.6,0.263
0.05,0.470
0.10344827586206898,0.974
0.15689655172413794,0.916
0.21034482758620693,0.934
0.2637931034482759,0.881
0.31724137931034485,0.893
0.3706896551724138,0.873
0.4241379310344828,0.831
0.47758620689655173,0.805
0.5310344827586208,0.816
0.5844827586206898,0.596
0.6379310344827587,0.376
0.6913793103448277,0.400
0.7448275862068966,0.294
0.7982758620689656,0.358
0.8517241379310345,0.367
0.9051724137931035,0.317
0.9586206896551726,0.339
1.0120689655172415,0.348
1.0655172413793104,0.351
1.1189655172413795,0.352
1.1724137931034484,0.291
1.2258620689655173,0.309
1.2793103448275862,0.335
1.3327586206896553,0.360
1.3862068965517242,0.274
1.4396551724137931,0.365
1.4931034482758623,0.327
1.5465517241379312,0.298
1.6,0.342
0.05,0.982
0.10344827586206898,0.947
0.15689655172413794,0.291
0.21034482758620693,0.870
0.2637931034482759,0.920
0.31724137931034485,0.899
0.3706896551724138,0.861
0.4241379310344828,0.850
0.47758620689655173,0.807
0.5310344827586208,0.643
0.5844827586206898,0.525
0.6379310344827587,0.363
0.6913793103448277,0.395
0.7448275862068966,0.331
0.7982758620689656,0.316
0.8517241379310345,0.340
0.9051724137931035,0.368
0.9586206896551726,0.330
1.0120689655172415,0.309
1.0655172413793104,0.302
1.1189655172413795,0.355
1.1724137931034484,0.299
1.2258620689655173,0.262
1.2793103448275862,0.359
1.3327586206896553,0.321
1.3862068965517242,0.286
1.4396551724137931,0.282
1.4931034482758623,0.296
1.5465517241379312,0.327
1.6,0.262
0.05,0.949
0.10344827586206898,0.959
0.15689655172413794,0.943
0.21034482758620693,0.904
0.2637931034482759,0.889
0.31724137931034485,0.904
0.3706896551724138,0.871
0.4241379310344828,0.866
0.47758620689655173,0.834
0.5310344827586208,0.709
0.5844827586206898,0.729
0.6379310344827587,0.501
0.6913793103448277,0.424
0.7448275862068966,0.335
0.7982758620689656,0.350
0.8517241379310345,0.336
0.9051724137931035,0.368
0.9586206896551726,0.295
1.0120689655172415,0.368
1.0655172413793104,0.289
1.1189655172413795,0.324
1.1724137931034484,0.302
1.2258620689655173,0.311
1.2793103448275862,0.283
1.3327586206896553,0.302
1.3862068965517242,0.313
1.4396551724137931,0.270
1.4931034482758623,0.336
1.5465517241379312,0.355
1.6,0.315
0.05,0.975
0.10344827586206898,0.953
0.15689655172413794,0.942
0.21034482758620693,0.919
0.2637931034482759,0.900
0.31724137931034485,0.895
0.3706896551724138,0.888
0.4241379310344828,0.874
0.47758620689655173,0.844
0.5310344827586208,0.758
0.5844827586206898,0.655
0.6379310344827587,0.551
0.6913793103448277,0.463
0.7448275862068966,0.272
0.7982758620689656,0.321
0.8517241379310345,0.356
0.9051724137931035,0.349
0.9586206896551726,0.300
1.0120689655172415,0.353
1.0655172413793104,0.330
1.1189655172413795,0.328
1.1724137931034484,0.316
1.2258620689655173,0.255
1.2793103448275862,0.306
1.3327586206896553,0.328
1.3862068965517242,0.278
1.4396551724137931,0.297
1.4931034482758623,0.388
1.5465517241379312,0.305
1.6,0.334
0.05,0.925
0.10344827586206898,0.961
0.15689655172413794,0.951
0.21034482758620693,0.936
0.2637931034482759,0.410
0.31724137931034485,0.870
0.3706896551724138,0.860
0.4241379310344828,0.833
0.47758620689655173,0.753
0.5310344827586208,0.755
0.5844827586206898,0.441
0.6379310344827587,0.596
0.6913793103448277,0.386
0.7448275862068966,0.345
0.7982758620689656,0.363
0.8517241379310345,0.291
0.9051724137931035,0.358
0.9586206896551726,0.371
1.0120689655172415,0.283
1.0655172413793104,0.308
1.1189655172413795,0.306
1.1724137931034484,0.325
1.2258620689655173,0.272
1.2793103448275862,0.355
1.3327586206896553,0.320
1.3862068965517242,0.301
1.4396551724137931,0.276
1.4931034482758623,0.289
1.5465517241379312,0.329
1.6,0.295
0.05,0.978
0.10344827586206898,0.820
0.15689655172413794,0.940
0.21034482758620693,0.944
0.2637931034482759,0.738
0.31724137931034485,0.885
0.3706896551724138,0.884
0.4241379310344828,0.806
0.47758620689655173,0.867
0.5310344827586208,0.651
0.5844827586206898,0.580
0.6379310344827587,0.620
0.6913793103448277,0.313
0.7448275862068966,0.307
0.7982758620689656,0.321
0.8517241379310345,0.414
0.9051724137931035,0.309
0.9586206896551726,0.369
1.0120689655172415,0.327
1.0655172413793104,0.353
1.1189655172413795,0.301
1.1724137931034484,0.310
1.2258620689655173,0.301
1.2793103448275862,0.320
1.3327586206896553,0.366
1.3862068965517242,0.368
1.4396551724137931,0.288
1.4931034482758623,0.271
1.5465517241379312,0.287
1.6,0.315
0.05,0.719
0.10344827586206898,0.283
0.15689655172413794,0.940
0.21034482758620693,0.942
0.2637931034482759,0.916
0.31724137931034485,0.910
0.3706896551724138,0.858
0.4241379310344828,0.805
0.47758620689655173,0.761
0.5310344827586208,0.680
0.5844827586206898,0.680
0.6379310344827587,0.430
0.6913793103448277,0.363
0.7448275862068966,0.448
0.7982758620689656,0.387
0.8517241379310345,0.330
0.9051724137931035,0.327
0.9586206896551726,0.315
1.0120689655172415,0.315
1.0655172413793104,0.282
1.1189655172413795,0.267
1.1724137931034484,0.369
1.2258620689655173,0.326
1.2793103448275862,0.320
1.3327586206896553,0.368
1.3862068965517242,0.360
1.4396551724137931,0.345
1.4931034482758623,0.319
1.5465517241379312,0.337
1.6,0.335
0.05,0.827
0.10344827586206898,0.968
0.15689655172413794,0.946
0.21034482758620693,0.933
0.2637931034482759,0.916
0.31724137931034485,0.889
0.3706896551724138,0.839
0.4241379310344828,0.804
0.47758620689655173,0.812
0.5310344827586208,0.759
0.5844827586206898,0.612
0.6379310344827587,0.463
0.6913793103448277,0.401
0.7448275862068966,0.342
0.7982758620689656,0.333
0.8517241379310345,0.303
0.9051724137931035,0.261
0.9586206896551726,0.279
1.0120689655172415,0.280
1.0655172413793104,0.372
1.1189655172413795,0.283
1.1724137931034484,0.312
1.2258620689655173,0.322
1.2793103448275862,0.304
1.3327586206896553,0.349
1.3862068965517242,0.299
1.4396551724137931,0.318
1.4931034482758623,0.306
1.5465517241379312,0.339
1.6,0.358
