temperature,order
0.05,0.986
0.10344827586206898,0.975
0.15689655172413794,0.960
0.21034482758620693,0.940
0.2637931034482759,0.932
0.31724137931034485,0.893
0.3706896551724138,0.891
0.4241379310344828,0.882
0.47758620689655173,0.853
0.5310344827586208,0.839
0.5844827586206898,0.829
0.6379310344827587,0.719
0.6913793103448277,0.787
0.7448275862068966,0.778
0.7982758620689656,0.301
0.8517241379310345,0.516
0.9051724137931035,0.353
0.9586206896551726,0.483
1.0120689655172415,0.383
1.0655172413793104,0.399
1.1189655172413795,0.325
1.1724137931034484,0.301
1.2258620689655173,0.322
1.2793103448275862,0.328
1.3327586206896553,0.319
1.3862068965517242,0.276
1.4396551724137931,0.273
1.4931034482758623,0.262
1.5465517241379312,0.366
1.6,0.317
0.05,0.988
0.10344827586206898,0.968
0.15689655172413794,0.952
0.21034482758620693,0.923
0.2637931034482759,0.931
0.31724137931034485,0.897
0.3706896551724138,0.879
0.4241379310344828,0.893
0.47758620689655173,0.842
0.5310344827586208,0.883
0.5844827586206898,0.842
0.6379310344827587,0.816
0.6913793103448277,0.700
0.7448275862068966,0.663
0.7982758620689656,0.687
0.8517241379310345,0.568
0.9051724137931035,0.402
0.9586206896551726,0.495
1.0120689655172415,0.393
1.0655172413793104,0.287
1.1189655172413795,0.340
1.1724137931034484,0.299
1.2258620689655173,0.396
1.2793103448275862,0.412
1.3327586206896553,0.419
1.3862068965517242,0.350
1.4396551724137931,0.343
1.4931034482758623,0.284
1.5465517241379312,0.335
1.6,0.305
0.05,0.986
0.10344827586206898,0.975
0.15689655172413794,0.953
0.21034482758620693,0.950
0.2637931034482759,0.911
0.31724137931034485,0.923
0.3706896551724138,0.880
0.4241379310344828,0.900
0.47758620689655173,0.887
0.5310344827586208,0.820
0.5844827586206898,0.814
0.6379310344827587,0.747
0.6913793103448277,0.761
0.7448275862068966,0.742
0.7982758620689656,0.667
0.8517241379310345,0.377
0.9051724137931035,0.338
0.9586206896551726,0.557
1.0120689655172415,0.295
1.0655172413793104,0.436
1.1189655172413795,0.388
1.1724137931034484,0.369
1.2258620689655173,0.300
1.2793103448275862,0.254
1.3327586206896553,0.324
1.3862068965517242,0.350
1.4396551724137931,0.299
1.4931034482758623,0.303
1.5465517241379312,0.310
1.6,0.345
0.05,0.981
0.10344827586206898,0.979
0.15689655172413794,0.955
0.21034482758620693,0.927
0.2637931034482759,0.929
0.31724137931034485,0.904
0.3706896551724138,0.904
0.4241379310344828,0.888
0.47758620689655173,0.842
0.5310344827586208,0.835
0.5844827586206898,0.814
0.6379310344827587,0.740
0.6913793103448277,0.777
0.7448275862068966,0.611
0.7982758620689656,0.570
0.8517241379310345,0.679
0.9051724137931035,0.316
0.9586206896551726,0.338
1.0120689655172415,0.409
1.0655172413793104,0.306
1.1189655172413795,0.352
1.1724137931034484,0.443
1.2258620689655173,0.309
1.2793103448275862,0.343
1.3327586206896553,0.328
1.3862068965517242,0.299
1.4396551724137931,0.323
1.4931034482758623,0.305
1.5465517241379312,0.270
1.6,0.278
0.05,0.985
0.10344827586206898,0.975
0.15689655172413794,0.963
0.21034482758620693,0.945
0.2637931034482759,0.911
0.31724137931034485,0.910
0.3706896551724138,0.856
0.4241379310344828,0.874
0.47758620689655173,0.854
0.5310344827586208,0.842
0.5844827586206898,0.794
0.6379310344827587,0.818
0.6913793103448277,0.801
0.7448275862068966,0.699
0.7982758620689656,0.536
0.8517241379310345,0.581
0.9051724137931035,0.592
0.9586206896551726,0.383
1.0120689655172415,0.476
1.0655172413793104,0.389
1.1189655172413795,0.414
1.1724137931034484,0.301
1.2258620689655173,0.258
1.2793103448275862,0.327
1.3327586206896553,0.349
1.3862068965517242,0.411
1.4396551724137931,0.363
1.4931034482758623,0.371
1.5465517241379312,0.328
1.6,0.264
0.05,0.984
0.10344827586206898,0.976
0.15689655172413794,0.963
0.21034482758620693,0.932
0.2637931034482759,0.938
0.31724137931034485,0.913
0.3706896551724138,0.901
0.4241379310344828,0.868
0.47758620689655173,0.850
0.5310344827586208,0.829
0.5844827586206898,0.858
0.6379310344827587,0.779
0.6913793103448277,0.781
0.7448275862068966,0.746
0.7982758620689656,0.710
0.8517241379310345,0.458
0.9051724137931035,0.339
0.9586206896551726,0.510
1.0120689655172415,0.411
1.0655172413793104,0.395
1.1189655172413795,0.391
1.1724137931034484,0.311
1.2258620689655173,0.339
1.2793103448275862,0.360
1.3327586206896553,0.405
1.3862068965517242,0.350
1.4396551724137931,0.295
1.4931034482758623,0.311
1.5465517241379312,0.383
1.6,0.311
0.05,0.990
0.10344827586206898,0.978
0.15689655172413794,0.959
0.21034482758620693,0.942
0.2637931034482759,0.932
0.31724137931034485,0.892
0.3706896551724138,0.891
0.4241379310344828,0.868
0.47758620689655173,0.827
0.5310344827586208,0.817
0.5844827586206898,0.755
0.6379310344827587,0.827
0.6913793103448277,0.727
0.7448275862068966,0.777
0.7982758620689656,0.661
0.8517241379310345,0.515
0.9051724137931035,0.499
0.9586206896551726,0.324
1.0120689655172415,0.289
1.0655172413793104,0.300
1.1189655172413795,0.283
1.1724137931034484,0.385
1.2258620689655173,0.341
1.2793103448275862,0.324
1.3327586206896553,0.347
1.3862068965517242,0.262
1.4396551724137931,0.289
1.4931034482758623,0.299
1.5465517241379312,0.327
1.6,0.301
0.05,0.989
0.10344827586206898,0.974
0.15689655172413794,0.595
0.21034482758620693,0.939
0.2637931034482759,0.933
0.31724137931034485,0.929
0.3706896551724138,0.907
0.4241379310344828,0.838
0.47758620689655173,0.856
0.5310344827586208,0.796
0.5844827586206898,0.795
0.6379310344827587,0.761
0.6913793103448277,0.798
0.7448275862068966,0.411
0.7982758620689656,0.685
0.8517241379310345,0.299
0.9051724137931035,0.327
0.9586206896551726,0.351
1.0120689655172415,0.331
1.0655172413793104,0.437
1.1189655172413795,0.290
1.1724137931034484,0.366
1.2258620689655173,0.383
1.2793103448275862,0.285
1.3327586206896553,0.333
1.3862068965517242,0.309
1.4396551724137931,0.266
1.4931034482758623,0.380
1.5465517241379312,0.337
1.6,0.314
0.05,0.986
0.10344827586206898,0.973
0.15689655172413794,0.953
0.21034482758620693,0.941
0.2637931034482759,0.941
0.31724137931034485,0.918
0.3706896551724138,0.898
0.4241379310344828,0.867
0.47758620689655173,0.827
0.5310344827586208,0.863
0.5844827586206898,0.836
0.6379310344827587,0.761
0.6913793103448277,0.666
0.7448275862068966,0.744
0.7982758620689656,0.648
0.8517241379310345,0.721
0.9051724137931035,0.619
0.9586206896551726,0.444
1.0120689655172415,0.370
1.0655172413793104,0.391
1.1189655172413795,0.363
1.1724137931034484,0.311
1.2258620689655173,0.420
1.2793103448275862,0.402
1.3327586206896553,0.325
1.3862068965517242,0.360
1.4396551724137931,0.277
1.4931034482758623,0.291
1.5465517241379312,0.275
1.6,0.359
0.05,0.988
0.10344827586206898,0.974
0.15689655172413794,0.962
0.21034482758620693,0.940
0.2637931034482759,0.929
0.31724137931034485,0.287
0.3706896551724138,0.881
0.4241379310344828,0.327
0.47758620689655173,0.841
0.5310344827586208,0.807
0.5844827586206898,0.767
0.6379310344827587,0.815
0.6913793103448277,0.816
0.7448275862068966,0.734
0.7982758620689656,0.679
0.8517241379310345,0.665
0.9051724137931035,0.516
0.9586206896551726,0.408
1.0120689655172415,0.387
1.0655172413793104,0.321
1.1189655172413795,0.441
1.1724137931034484,0.346
1.2258620689655173,0.308
1.2793103448275862,0.391
1.3327586206896553,0.343
1.3862068965517242,0.305
1.4396551724137931,0.267
1.4931034482758623,0.296
1.5465517241379312,0.277
1.6,0.333
0.05,0.986
0.10344827586206898,0.970
0.15689655172413794,0.951
0.21034482758620693,0.938
0.2637931034482759,0.927
0.31724137931034485,0.905
0.3706896551724138,0.869
0.4241379310344828,0.856
0.47758620689655173,0.855
0.5310344827586208,0.871
0.5844827586206898,0.849
0.6379310344827587,0.755
0.6913793103448277,0.764
0.7448275862068966,0.743
0.7982758620689656,0.451
0.8517241379310345,0.564
0.9051724137931035,0.486
0.9586206896551726,0.490
1.0120689655172415,0.297
1.0655172413793104,0.383
1.1189655172413795,0.304
1.1724137931034484,0.260
1.2258620689655173,0.458
1.2793103448275862,0.314
1.3327586206896553,0.271
1.3862068965517242,0.369
1.4396551724137931,0.266
1.4931034482758623,0.337
1.5465517241379312,0.287
1.6,0.327
0.05,0.989
0.10344827586206898,0.967
0.15689655172413794,0.962
0.21034482758620693,0.936
0.2637931034482759,0.924
0.31724137931034485,0.902
0.3706896551724138,0.869
0.4241379310344828,0.895
0.47758620689655173,0.776
0.5310344827586208,0.795
0.5844827586206898,0.840
0.6379310344827587,0.809
0.6913793103448277,0.670
0.7448275862068966,0.681
0.7982758620689656,0.744
0.8517241379310345,0.602
0.9051724137931035,0.491
0.9586206896551726,0.407
1.0120689655172415,0.349
1.0655172413793104,0.300
1.1189655172413795,0.341
1.1724137931034484,0.310
1.2258620689655173,0.300
1.2793103448275862,0.310
1.3327586206896553,0.361
1.3862068965517242,0.317
1.4396551724137931,0.309
1.4931034482758623,0.354
1.5465517241379312,0.325
1.6,0.329
0.05,0.984
0.10344827586206898,0.970
0.15689655172413794,0.922
0.21034482758620693,0.941
0.2637931034482759,0.942
0.31724137931034485,0.902
0.3706896551724138,0.889
0.4241379310344828,0.856
0.47758620689655173,0.835
0.5310344827586208,0.801
0.5844827586206898,0.834
0.6379310344827587,0.780
0.6913793103448277,0.663
0.7448275862068966,0.666
0.7982758620689656,0.631
0.8517241379310345,0.523
0.9051724137931035,0.577
0.9586206896551726,0.470
1.0120689655172415,0.353
1.0655172413793104,0.408
1.1189655172413795,0.285
1.1724137931034484,0.363
1.2258620689655173,0.345
1.2793103448275862,0.384
1.3327586206896553,0.360
1.3862068965517242,0.312
1.4396551724137931,0.296
1.4931034482758623,0.317
1.5465517241379312,0.329
1.6,0.348
0.05,0.988
0.10344827586206898,0.972
0.15689655172413794,0.950
0.21034482758620693,0.939
0.2637931034482759,0.932
0.31724137931034485,0.889
0.3706896551724138,0.892
0.4241379310344828,0.888
0.47758620689655173,0.857
0.5310344827586208,0.865
0.5844827586206898,0.832
0.6379310344827587,0.807
0.6913793103448277,0.556
0.7448275862068966,0.750
0.7982758620689656,0.691
0.8517241379310345,0.409
0.9051724137931035,0.572
0.9586206896551726,0.554
1.0120689655172415,0.457
1.0655172413793104,0.304
1.1189655172413795,0.264
1.1724137931034484,0.419
1.2258620689655173,0.298
1.2793103448275862,0.369
1.3327586206896553,0.325
1.3862068965517242,0.294
1.4396551724137931,0.285
1.4931034482758623,0.318
1.5465517241379312,0.286
1.6,0.357
0.05,0.989
0.10344827586206898,0.969
0.15689655172413794,0.949
0.21034482758620693,0.937
0.2637931034482759,0.872
0.31724137931034485,0.919
0.3706896551724138,0.899
0.4241379310344828,0.897
0.47758620689655173,0.299
0.5310344827586208,0.823
0.5844827586206898,0.792
0.6379310344827587,0.791
0.6913793103448277,0.790
0.7448275862068966,0.704
0.7982758620689656,0.678
0.8517241379310345,0.546
0.9051724137931035,0.312
0.9586206896551726,0.302
1.0120689655172415,0.440
1.0655172413793104,0.321
1.1189655172413795,0.366
1.1724137931034484,0.376
1.2258620689655173,0.366
1.2793103448275862,0.367
1.3327586206896553,0.296
1.3862068965517242,0.332
1.4396551724137931,0.296
1.4931034482758623,0.267
1.5465517241379312,0.335
1.6,0.314
0.05,0.977
0.10344827586206898,0.975
0.15689655172413794,0.966
0.21034482758620693,0.948
0.2637931034482759,0.909
0.31724137931034485,0.907
0.3706896551724138,0.900
0.4241379310344828,0.297
0.47758620689655173,0.871
0.5310344827586208,0.786
0.5844827586206898,0.818
0.6379310344827587,0.727
0.6913793103448277,0.735
0.7448275862068966,0.738
0.7982758620689656,0.689
0.8517241379310345,0.525
0.9051724137931035,0.532
0.9586206896551726,0.463
1.0120689655172415,0.320
1.0655172413793104,0.398
1.1189655172413795,0.275
1.1724137931034484,0.328
1.2258620689655173,0.386
1.2793103448275862,0.311
1.3327586206896553,0.316
1.3862068965517242,0.314
1.4396551724137931,0.287
1.4931034482758623,0.315
1.5465517241379312,0.300
1.6,0.307
0.05,0.985
0.10344827586206898,0.891
0.15689655172413794,0.965
0.21034482758620693,0.954
0.2637931034482759,0.939
0.31724137931034485,0.899
0.3706896551724138,0.872
0.4241379310344828,0.889
0.47758620689655173,0.891
0.5310344827586208,0.885
0.5844827586206898,0.762
0.6379310344827587,0.767
0.6913793103448277,0.774
0.7448275862068966,0.573
0.7982758620689656,0.703
0.8517241379310345,0.571
0.9051724137931035,0.385
0.9586206896551726,0.315
1.0120689655172415,0.539
1.0655172413793104,0.280
1.1189655172413795,0.370
1.1724137931034484,0.466
1.2258620689655173,0.318
1.2793103448275862,0.296
1.3327586206896553,0.346
1.3862068965517242,0.372
1.4396551724137931,0.327
1.4931034482758623,0.270
1.5465517241379312,0.293
1.6,0.328
0.05,0.438
0.10344827586206898,0.812
0.15689655172413794,0.961
0.21034482758620693,0.939
0.2637931034482759,0.931
0.31724137931034485,0.900
0.3706896551724138,0.891
0.4241379310344828,0.863
0.47758620689655173,0.846
0.5310344827586208,0.807
0.5844827586206898,0.816
0.6379310344827587,0.764
0.6913793103448277,0.793
0.7448275862068966,0.737
0.7982758620689656,0.666
0.8517241379310345,0.415
0.9051724137931035,0.515
0.9586206896551726,0.465
1.0120689655172415,0.374
1.0655172413793104,0.523
1.1189655172413795,0.303
1.1724137931034484,0.327
1.2258620689655173,0.318
1.2793103448275862,0.308
1.3327586206896553,0.318
1.3862068965517242,0.327
1.4396551724137931,0.299
1.4931034482758623,0.357
1.5465517241379312,0.288
1.6,0.295
0.05,0.987
0.10344827586206898,0.970
0.15689655172413794,0.961
0.21034482758620693,0.942
0.2637931034482759,0.918
0.31724137931034485,0.901
0.3706896551724138,0.871
0.4241379310344828,0.842
0.47758620689655173,0.872
0.5310344827586208,0.819
0.5844827586206898,0.809
0.6379310344827587,0.811
0.6913793103448277,0.793
0.7448275862068966,0.682
0.7982758620689656,0.637
0.8517241379310345,0.320
0.9051724137931035,0.352
0.9586206896551726,0.355
1.0120689655172415,0.396
1.0655172413793104,0.312
1.1189655172413795,0.351
1.1724137931034484,0.287
1.2258620689655173,0.298
1.2793103448275862,0.342
1.3327586206896553,0.316
1.3862068965517242,0.372
1.4396551724137931,0.276
1.4931034482758623,0.341
1.5465517241379312,0.372
1.6,0.322
