#=====================================================
# File created:        Wed-29-Oct-2025-at-10-51-23PM
# Size of lattice:     50x50
# Number of MC steps:  1000
# Reduced temperature: 0.500
# Run time (s):        0.354144
#=====================================================
# MC step:  Ratio:     Energy:   Order:
#=====================================================
   00000    0.5000   -2456.9718  0.2650 
   00001    0.6824   -3735.8960  0.2691 
   00002    0.6112   -4502.6828  0.2699 
   00003    0.5788   -5059.7000  0.2592 
   00004    0.5780   -5490.5174  0.2558 
   00005    0.5324   -5892.0156  0.2638 
   00006    0.5164   -6155.5849  0.2718 
   00007    0.5048   -6440.7852  0.2741 
   00008    0.4920   -6541.8703  0.2674 
   00009    0.4964   -6713.6314  0.2651 
   00010    0.4816   -6830.0672  0.2658 
   00011    0.4788   -6906.5991  0.2798 
   00012    0.4700   -6965.3066  0.2764 
   00013    0.4860   -7051.2916  0.2755 
   00014    0.4732   -7139.0592  0.2642 
   00015    0.4692   -7192.4082  0.2633 
   00016    0.4688   -7269.2539  0.2633 
   00017    0.4544   -7327.8818  0.2611 
   00018    0.4576   -7374.5890  0.2589 
   00019    0.4660   -7365.6505  0.2609 
   00020    0.4584   -7492.5642  0.2599 
   00021    0.4488   -7531.9595  0.2631 
   00022    0.4396   -7484.5131  0.2619 
   00023    0.4652   -7581.6901  0.2623 
   00024    0.4736   -7591.2045  0.2576 
   00025    0.4452   -7631.7895  0.2580 
   00026    0.4372   -7706.3050  0.2661 
   00027    0.4460   -7749.3608  0.2628 
   00028    0.4336   -7733.3247  0.2595 
   00029    0.4424   -7765.4242  0.2648 
   00030    0.4404   -7830.6026  0.2689 
   00031    0.4416   -7819.5489  0.2703 
   00032    0.4380   -7845.4547  0.2710 
   00033    0.4304   -7852.0500  0.2770 
   00034    0.4476   -7859.1634  0.2741 
   00035    0.4356   -7871.3820  0.2789 
   00036    0.4496   -7861.8502  0.2814 
   00037    0.4268   -7798.8360  0.2875 
   00038    0.4188   -7866.2348  0.2889 
   00039    0.4404   -7885.3965  0.2878 
   00040    0.4300   -7934.8963  0.2919 
   00041    0.4492   -7916.1796  0.2927 
   00042    0.4288   -7919.6463  0.2906 
   00043    0.4224   -7898.0726  0.2959 
   00044    0.4368   -7915.3048  0.2928 
   00045    0.4372   -7907.1873  0.2899 
   00046    0.4524   -7901.3294  0.2908 
   00047    0.4460   -7895.5989  0.2941 
   00048    0.4296   -7870.9143  0.2935 
   00049    0.4268   -7902.7569  0.2952 
   00050    0.4396   -7905.7736  0.2897 
   00051    0.4464   -7954.9391  0.2837 
   00052    0.4460   -7959.7533  0.2865 
   00053    0.4340   -7953.2373  0.2886 
   00054    0.4228   -7985.2315  0.2842 
   00055    0.4160   -7963.7909  0.2792 
   00056    0.4336   -8037.5884  0.2776 
   00057    0.4312   -7997.8524  0.2706 
   00058    0.4300   -8011.6849  0.2684 
   00059    0.4300   -7986.3130  0.2710 
   00060    0.4428   -8024.7221  0.2759 
   00061    0.4356   -7996.1757  0.2781 
   00062    0.4440   -8023.0089  0.2738 
   00063    0.4284   -8027.1029  0.2798 
   00064    0.4304   -8059.1068  0.2807 
   00065    0.4312   -8080.1985  0.2771 
   00066    0.4220   -8061.0854  0.2735 
   00067    0.4236   -8116.1638  0.2689 
   00068    0.4108   -8124.6447  0.2712 
   00069    0.4032   -8104.1961  0.2726 
   00070    0.4292   -8112.8973  0.2722 
   00071    0.4200   -8130.8264  0.2735 
   00072    0.4372   -8128.8953  0.2722 
   00073    0.4296   -8127.3695  0.2723 
   00074    0.4060   -8091.6043  0.2740 
   00075    0.4344   -8047.5011  0.2711 
   00076    0.4208   -8062.0436  0.2698 
   00077    0.4256   -8074.9916  0.2670 
   00078    0.4228   -8078.0462  0.2668 
   00079    0.4292   -8153.2010  0.2646 
   00080    0.4276   -8151.7552  0.2670 
   00081    0.4372   -8171.0016  0.2677 
   00082    0.4172   -8136.3125  0.2733 
   00083    0.4060   -8153.4585  0.2766 
   00084    0.4260   -8137.0919  0.2757 
   00085    0.4240   -8148.2734  0.2791 
   00086    0.4320   -8127.2357  0.2755 
   00087    0.4400   -8085.3708  0.2748 
   00088    0.4244   -8093.1960  0.2736 
   00089    0.4344   -8059.1928  0.2704 
   00090    0.4288   -8101.9776  0.2748 
   00091    0.4160   -8091.9301  0.2705 
   00092    0.4228   -8097.1174  0.2728 
   00093    0.4256   -8121.1945  0.2670 
   00094    0.4288   -8125.9128  0.2690 
   00095    0.4144   -8150.9034  0.2717 
   00096    0.4404   -8153.0194  0.2801 
   00097    0.4276   -8126.7880  0.2791 
   00098    0.4220   -8165.2479  0.2779 
   00099    0.4188   -8168.9468  0.2781 
   00100    0.4296   -8163.2633  0.2752 
   00101    0.4208   -8210.9467  0.2771 
   00102    0.4340   -8180.9462  0.2816 
   00103    0.4196   -8232.7990  0.2762 
   00104    0.4448   -8217.4316  0.2778 
   00105    0.4004   -8223.2439  0.2845 
   00106    0.4180   -8155.1198  0.2855 
   00107    0.4136   -8202.7237  0.2880 
   00108    0.4388   -8195.1286  0.2893 
   00109    0.3952   -8260.0512  0.2893 
   00110    0.4176   -8220.3029  0.2828 
   00111    0.4084   -8241.6211  0.2856 
   00112    0.4116   -8224.2259  0.2878 
   00113    0.4264   -8199.5369  0.2878 
   00114    0.4100   -8165.9182  0.2921 
   00115    0.4228   -8157.3341  0.2929 
   00116    0.4344   -8246.4446  0.2869 
   00117    0.4212   -8217.6200  0.2899 
   00118    0.4368   -8199.5733  0.2935 
   00119    0.4184   -8240.0106  0.2825 
   00120    0.4256   -8255.6656  0.2834 
   00121    0.4268   -8250.3471  0.2784 
   00122    0.4088   -8281.0148  0.2766 
   00123    0.4192   -8341.8319  0.2760 
   00124    0.4052   -8332.0779  0.2764 
   00125    0.4128   -8345.3441  0.2748 
   00126    0.4244   -8338.1816  0.2786 
   00127    0.4284   -8314.8280  0.2828 
   00128    0.4264   -8363.5768  0.2863 
   00129    0.4120   -8377.5710  0.2858 
   00130    0.3996   -8333.3479  0.2808 
   00131    0.4168   -8356.4726  0.2766 
   00132    0.4292   -8305.5894  0.2726 
   00133    0.4276   -8282.0248  0.2691 
   00134    0.4140   -8322.3914  0.2685 
   00135    0.4104   -8367.9062  0.2698 
   00136    0.4228   -8350.1252  0.2742 
   00137    0.4152   -8293.7584  0.2709 
   00138    0.4112   -8319.3228  0.2743 
   00139    0.4284   -8302.9358  0.2763 
   00140    0.4204   -8324.9912  0.2740 
   00141    0.4192   -8297.6976  0.2722 
   00142    0.4216   -8295.2892  0.2789 
   00143    0.4188   -8289.4413  0.2854 
   00144    0.4340   -8305.2549  0.2861 
   00145    0.4072   -8274.5917  0.2791 
   00146    0.4304   -8301.0455  0.2757 
   00147    0.4264   -8245.7426  0.2790 
   00148    0.4320   -8200.2391  0.2746 
   00149    0.4152   -8251.5253  0.2743 
   00150    0.4104   -8268.9897  0.2771 
   00151    0.4208   -8248.7488  0.2682 
   00152    0.4160   -8233.8488  0.2698 
   00153    0.4172   -8286.0363  0.2696 
   00154    0.4232   -8288.9303  0.2774 
   00155    0.4280   -8305.1266  0.2835 
   00156    0.4272   -8246.3422  0.2850 
   00157    0.4160   -8253.7365  0.2788 
   00158    0.4308   -8286.2279  0.2805 
   00159    0.4224   -8331.0157  0.2790 
   00160    0.4268   -8341.6634  0.2855 
   00161    0.4168   -8323.0879  0.2835 
   00162    0.4148   -8333.6548  0.2815 
   00163    0.4148   -8375.7817  0.2865 
   00164    0.4116   -8342.8645  0.2915 
   00165    0.4256   -8373.2471  0.2834 
   00166    0.4024   -8344.8122  0.2828 
   00167    0.4068   -8343.9090  0.2813 
   00168    0.4140   -8381.5110  0.2789 
   00169    0.4104   -8377.9355  0.2742 
   00170    0.4108   -8363.3225  0.2698 
   00171    0.4312   -8309.5947  0.2654 
   00172    0.4332   -8338.9792  0.2661 
   00173    0.4260   -8429.6395  0.2637 
   00174    0.4092   -8396.8455  0.2634 
   00175    0.4180   -8338.5459  0.2755 
   00176    0.4380   -8350.3021  0.2745 
   00177    0.4084   -8373.7364  0.2746 
   00178    0.4152   -8379.8364  0.2729 
   00179    0.4196   -8442.1363  0.2676 
   00180    0.4056   -8453.5341  0.2652 
   00181    0.4220   -8477.8174  0.2599 
   00182    0.4116   -8423.1261  0.2614 
   00183    0.4288   -8406.0819  0.2582 
   00184    0.4152   -8371.2173  0.2610 
   00185    0.4120   -8406.3531  0.2576 
   00186    0.4096   -8406.9859  0.2587 
   00187    0.4224   -8387.9574  0.2598 
   00188    0.4180   -8318.6005  0.2599 
   00189    0.4224   -8310.8225  0.2674 
   00190    0.4192   -8329.9115  0.2693 
   00191    0.4288   -8343.7024  0.2671 
   00192    0.4212   -8354.4917  0.2733 
   00193    0.4240   -8357.9853  0.2697 
   00194    0.4228   -8386.6001  0.2730 
   00195    0.4104   -8364.0722  0.2672 
   00196    0.4300   -8364.2268  0.2682 
   00197    0.4328   -8344.2183  0.2671 
   00198    0.4204   -8365.5590  0.2649 
   00199    0.4284   -8366.6883  0.2620 
   00200    0.4288   -8366.5703  0.2723 
   00201    0.3968   -8396.6170  0.2730 
   00202    0.4216   -8364.9962  0.2704 
   00203    0.4252   -8375.6863  0.2697 
   00204    0.4152   -8381.9466  0.2662 
   00205    0.4136   -8368.9475  0.2675 
   00206    0.4244   -8354.3231  0.2631 
   00207    0.4244   -8362.1242  0.2685 
   00208    0.4048   -8405.8524  0.2618 
   00209    0.4160   -8416.1359  0.2675 
   00210    0.4136   -8408.4773  0.2615 
   00211    0.4108   -8409.0618  0.2641 
   00212    0.4280   -8379.8205  0.2650 
   00213    0.3952   -8424.1774  0.2621 
   00214    0.4020   -8388.9459  0.2581 
   00215    0.4092   -8361.6017  0.2624 
   00216    0.4404   -8326.2488  0.2668 
   00217    0.4252   -8328.8398  0.2685 
   00218    0.4256   -8362.4202  0.2661 
   00219    0.4256   -8348.6993  0.2658 
   00220    0.4188   -8347.9882  0.2657 
   00221    0.4112   -8320.7078  0.2653 
   00222    0.4160   -8328.8312  0.2638 
   00223    0.4216   -8343.8909  0.2584 
   00224    0.4160   -8313.6867  0.2563 
   00225    0.4208   -8340.0548  0.2567 
   00226    0.4304   -8345.2426  0.2563 
   00227    0.4136   -8340.5290  0.2609 
   00228    0.4136   -8379.4941  0.2608 
   00229    0.4312   -8370.0420  0.2596 
   00230    0.4288   -8382.5240  0.2604 
   00231    0.4244   -8415.2741  0.2541 
   00232    0.4216   -8410.7635  0.2589 
   00233    0.4160   -8357.0283  0.2641 
   00234    0.4148   -8341.6205  0.2673 
   00235    0.4208   -8329.2639  0.2673 
   00236    0.4256   -8313.9866  0.2650 
   00237    0.4120   -8332.1154  0.2648 
   00238    0.4116   -8335.0745  0.2640 
   00239    0.4188   -8348.0655  0.2575 
   00240    0.4152   -8348.0976  0.2523 
   00241    0.4220   -8369.6129  0.2640 
   00242    0.4032   -8363.3680  0.2685 
   00243    0.4144   -8330.0588  0.2686 
   00244    0.4276   -8348.5110  0.2681 
   00245    0.4224   -8363.6205  0.2645 
   00246    0.4180   -8346.2603  0.2702 
   00247    0.4060   -8357.8134  0.2704 
   00248    0.4252   -8407.3032  0.2723 
   00249    0.4168   -8364.0160  0.2788 
   00250    0.4176   -8385.3096  0.2764 
   00251    0.4092   -8376.6848  0.2770 
   00252    0.4244   -8370.6279  0.2857 
   00253    0.4136   -8331.1436  0.2808 
   00254    0.4212   -8338.4331  0.2833 
   00255    0.4048   -8337.2002  0.2842 
   00256    0.4028   -8348.0437  0.2827 
   00257    0.4248   -8343.4333  0.2758 
   00258    0.4164   -8405.8341  0.2777 
   00259    0.4128   -8398.3358  0.2782 
   00260    0.4076   -8382.3297  0.2817 
   00261    0.4032   -8382.3342  0.2833 
   00262    0.4144   -8382.4243  0.2902 
   00263    0.4348   -8319.2419  0.2941 
   00264    0.4132   -8357.8957  0.2948 
   00265    0.4152   -8352.0495  0.2931 
   00266    0.4388   -8424.3222  0.2934 
   00267    0.4080   -8406.9518  0.2980 
   00268    0.4012   -8403.8778  0.3018 
   00269    0.4252   -8379.1891  0.3005 
   00270    0.4164   -8416.7856  0.2918 
   00271    0.4116   -8413.4545  0.2944 
   00272    0.4152   -8400.9621  0.2960 
   00273    0.4180   -8370.4816  0.2896 
   00274    0.4300   -8388.2349  0.2917 
   00275    0.4128   -8363.4344  0.2921 
   00276    0.4180   -8353.6581  0.2970 
   00277    0.4144   -8377.7076  0.2959 
   00278    0.4264   -8380.3065  0.2936 
   00279    0.4084   -8399.5470  0.2949 
   00280    0.4100   -8403.1798  0.2978 
   00281    0.3984   -8403.5621  0.3013 
   00282    0.4168   -8406.0737  0.2979 
   00283    0.4280   -8441.0740  0.3040 
   00284    0.4144   -8427.0869  0.3096 
   00285    0.4200   -8443.9269  0.3107 
   00286    0.4040   -8390.5710  0.3077 
   00287    0.4032   -8335.6741  0.3070 
   00288    0.4040   -8344.6963  0.3066 
   00289    0.4072   -8374.5453  0.3107 
   00290    0.4212   -8328.4914  0.3074 
   00291    0.4252   -8343.3542  0.3005 
   00292    0.4248   -8351.7543  0.2988 
   00293    0.4424   -8339.0534  0.2976 
   00294    0.4248   -8335.0830  0.2996 
   00295    0.4052   -8354.2086  0.2986 
   00296    0.4104   -8363.4075  0.2999 
   00297    0.4128   -8381.8248  0.3006 
   00298    0.4228   -8408.8806  0.3115 
   00299    0.4104   -8420.6808  0.3162 
   00300    0.4128   -8378.2868  0.3162 
   00301    0.4216   -8379.1927  0.3194 
   00302    0.4156   -8432.0146  0.3171 
   00303    0.4004   -8442.3782  0.3251 
   00304    0.3968   -8430.6539  0.3197 
   00305    0.4160   -8406.5269  0.3187 
   00306    0.4056   -8398.6681  0.3112 
   00307    0.4104   -8404.5806  0.3071 
   00308    0.4224   -8393.2891  0.3099 
   00309    0.4300   -8417.1344  0.3114 
   00310    0.4168   -8427.3482  0.3092 
   00311    0.4308   -8402.6565  0.3068 
   00312    0.4076   -8387.8357  0.3068 
   00313    0.4136   -8388.3696  0.3072 
   00314    0.4104   -8374.5128  0.3150 
   00315    0.4340   -8343.5759  0.3111 
   00316    0.4100   -8381.3858  0.3118 
   00317    0.4116   -8342.2183  0.3030 
   00318    0.4240   -8340.5300  0.3051 
   00319    0.4276   -8320.1284  0.3010 
   00320    0.4248   -8246.9743  0.3008 
   00321    0.4088   -8255.9781  0.3006 
   00322    0.4164   -8327.9627  0.3023 
   00323    0.4372   -8348.1397  0.3051 
   00324    0.4172   -8382.9576  0.3061 
   00325    0.4196   -8360.5736  0.3055 
   00326    0.4264   -8376.9895  0.3031 
   00327    0.3976   -8354.0056  0.3089 
   00328    0.4148   -8402.0449  0.3038 
   00329    0.4168   -8403.7857  0.3071 
   00330    0.4164   -8378.1186  0.3017 
   00331    0.4200   -8368.6535  0.3063 
   00332    0.4224   -8365.3438  0.3077 
   00333    0.4256   -8356.3884  0.3143 
   00334    0.4140   -8370.6014  0.3101 
   00335    0.4188   -8401.5011  0.3041 
   00336    0.4108   -8363.0416  0.3047 
   00337    0.4192   -8341.8033  0.3042 
   00338    0.4060   -8286.7683  0.3040 
   00339    0.4284   -8369.7047  0.3050 
   00340    0.4036   -8413.7100  0.3035 
   00341    0.4120   -8413.7366  0.3092 
   00342    0.4236   -8426.5067  0.3120 
   00343    0.4136   -8392.3805  0.3078 
   00344    0.4012   -8381.4901  0.3131 
   00345    0.4196   -8352.7183  0.3115 
   00346    0.4128   -8387.8824  0.3091 
   00347    0.4236   -8382.9911  0.3135 
   00348    0.4108   -8415.5640  0.3105 
   00349    0.4240   -8370.5537  0.3154 
   00350    0.4048   -8381.3988  0.3139 
   00351    0.4204   -8407.5650  0.3100 
   00352    0.4116   -8407.9987  0.3129 
   00353    0.4216   -8412.7810  0.3112 
   00354    0.4160   -8401.4413  0.3107 
   00355    0.4152   -8432.0489  0.3120 
   00356    0.4280   -8451.0549  0.3104 
   00357    0.4176   -8445.9547  0.3087 
   00358    0.4056   -8427.0021  0.3067 
   00359    0.4132   -8384.2733  0.3045 
   00360    0.4168   -8377.1126  0.3107 
   00361    0.4048   -8352.0230  0.3172 
   00362    0.4268   -8330.8846  0.3136 
   00363    0.4112   -8313.8554  0.3127 
   00364    0.4144   -8348.2770  0.3116 
   00365    0.4304   -8357.8909  0.3168 
   00366    0.4356   -8338.6177  0.3255 
   00367    0.4264   -8340.9685  0.3197 
   00368    0.4216   -8364.9405  0.3263 
   00369    0.4100   -8381.2951  0.3168 
   00370    0.4104   -8384.3111  0.3108 
   00371    0.4124   -8439.8542  0.3150 
   00372    0.4232   -8400.8891  0.3111 
   00373    0.4132   -8384.6902  0.3078 
   00374    0.3972   -8399.7340  0.3128 
   00375    0.4248   -8372.2744  0.3180 
   00376    0.4164   -8332.9502  0.3155 
   00377    0.4108   -8348.5540  0.3128 
   00378    0.4332   -8378.5269  0.3141 
   00379    0.4028   -8376.3476  0.3086 
   00380    0.4212   -8396.7856  0.3074 
   00381    0.4068   -8434.5701  0.3087 
   00382    0.4408   -8365.8141  0.3084 
   00383    0.4400   -8406.6071  0.3092 
   00384    0.4140   -8375.4984  0.3088 
   00385    0.4164   -8372.3195  0.3120 
   00386    0.4124   -8376.4223  0.3122 
   00387    0.4116   -8371.7659  0.3113 
   00388    0.4196   -8345.9023  0.3139 
   00389    0.4272   -8373.9463  0.3141 
   00390    0.4212   -8396.9420  0.3131 
   00391    0.4120   -8424.6616  0.3129 
   00392    0.4336   -8414.0111  0.3149 
   00393    0.3992   -8387.2298  0.3089 
   00394    0.4056   -8386.6093  0.3063 
   00395    0.4124   -8379.5972  0.3055 
   00396    0.3988   -8363.2218  0.3067 
   00397    0.4060   -8344.5156  0.3081 
   00398    0.4052   -8374.3188  0.3028 
   00399    0.4220   -8353.8175  0.3056 
   00400    0.4252   -8375.6911  0.3125 
   00401    0.4160   -8422.9232  0.3042 
   00402    0.4292   -8388.8966  0.2995 
   00403    0.4028   -8415.6330  0.2995 
   00404    0.4124   -8412.2144  0.2985 
   00405    0.4284   -8362.1214  0.2992 
   00406    0.4176   -8357.8574  0.3061 
   00407    0.4088   -8392.5865  0.3088 
   00408    0.4116   -8444.2374  0.3111 
   00409    0.4148   -8415.1073  0.3109 
   00410    0.4160   -8396.7437  0.3151 
   00411    0.4112   -8383.5882  0.3208 
   00412    0.4300   -8416.8461  0.3186 
   00413    0.4292   -8400.1145  0.3108 
   00414    0.4192   -8408.5530  0.3139 
   00415    0.4268   -8391.7586  0.3135 
   00416    0.4244   -8388.8979  0.3159 
   00417    0.4012   -8389.1228  0.3187 
   00418    0.4080   -8348.0858  0.3232 
   00419    0.4112   -8420.5530  0.3276 
   00420    0.4156   -8433.0804  0.3302 
   00421    0.3980   -8396.2972  0.3305 
   00422    0.4140   -8380.4177  0.3260 
   00423    0.4032   -8406.2133  0.3323 
   00424    0.4208   -8410.0800  0.3300 
   00425    0.4152   -8394.8962  0.3274 
   00426    0.4032   -8365.2155  0.3293 
   00427    0.4268   -8380.8761  0.3296 
   00428    0.4100   -8401.1789  0.3323 
   00429    0.4244   -8390.8968  0.3253 
   00430    0.4080   -8377.3150  0.3296 
   00431    0.4064   -8414.6299  0.3302 
   00432    0.4244   -8449.8095  0.3292 
   00433    0.4092   -8464.0203  0.3348 
   00434    0.4160   -8473.7623  0.3335 
   00435    0.4192   -8441.0045  0.3295 
   00436    0.4108   -8391.8655  0.3293 
   00437    0.4192   -8346.1270  0.3329 
   00438    0.4212   -8430.8976  0.3382 
   00439    0.4116   -8445.7364  0.3354 
   00440    0.4220   -8453.8495  0.3384 
   00441    0.4288   -8435.2519  0.3392 
   00442    0.4024   -8436.1598  0.3363 
   00443    0.4364   -8379.7754  0.3336 
   00444    0.3984   -8381.0925  0.3345 
   00445    0.4184   -8402.8704  0.3314 
   00446    0.4012   -8448.0633  0.3383 
   00447    0.4112   -8447.2709  0.3405 
   00448    0.4188   -8392.5483  0.3443 
   00449    0.4028   -8431.3534  0.3423 
   00450    0.4232   -8439.3257  0.3414 
   00451    0.4116   -8437.9671  0.3492 
   00452    0.3904   -8383.2343  0.3507 
   00453    0.4152   -8337.4509  0.3544 
   00454    0.4292   -8308.8187  0.3643 
   00455    0.4280   -8351.0325  0.3599 
   00456    0.4228   -8418.9648  0.3622 
   00457    0.4096   -8400.7338  0.3647 
   00458    0.4000   -8409.7977  0.3625 
   00459    0.4184   -8415.8072  0.3636 
   00460    0.4280   -8380.2725  0.3639 
   00461    0.4104   -8407.3032  0.3691 
   00462    0.4172   -8402.6622  0.3642 
   00463    0.4128   -8366.4659  0.3677 
   00464    0.4156   -8304.3661  0.3707 
   00465    0.4088   -8282.7487  0.3689 
   00466    0.4348   -8281.1980  0.3620 
   00467    0.4084   -8365.3318  0.3744 
   00468    0.4192   -8401.0991  0.3733 
   00469    0.4072   -8439.7854  0.3707 
   00470    0.4104   -8441.2348  0.3662 
   00471    0.4232   -8450.5899  0.3693 
   00472    0.4212   -8418.7377  0.3696 
   00473    0.4152   -8404.0713  0.3760 
   00474    0.4216   -8410.1602  0.3770 
   00475    0.4172   -8419.1413  0.3828 
   00476    0.4176   -8450.7257  0.3774 
   00477    0.4156   -8477.4222  0.3838 
   00478    0.4096   -8422.2615  0.3823 
   00479    0.4072   -8423.8761  0.3808 
   00480    0.4132   -8450.0653  0.3832 
   00481    0.4220   -8447.9880  0.3842 
   00482    0.4136   -8463.2419  0.3866 
   00483    0.3988   -8480.5202  0.3906 
   00484    0.4084   -8486.2625  0.3939 
   00485    0.4116   -8485.8743  0.4010 
   00486    0.4136   -8466.2225  0.4037 
   00487    0.4204   -8461.9586  0.4032 
   00488    0.4092   -8361.2534  0.4045 
   00489    0.4172   -8394.2767  0.4053 
   00490    0.4072   -8397.2708  0.4046 
   00491    0.4240   -8427.2032  0.4092 
   00492    0.4236   -8404.0183  0.4121 
   00493    0.4276   -8332.2293  0.4156 
   00494    0.4272   -8335.2185  0.4151 
   00495    0.3984   -8316.5800  0.4193 
   00496    0.4084   -8359.2200  0.4209 
   00497    0.4288   -8403.4195  0.4195 
   00498    0.4260   -8420.8437  0.4193 
   00499    0.4072   -8431.6111  0.4164 
   00500    0.4256   -8393.1011  0.4188 
   00501    0.4136   -8408.9324  0.4175 
   00502    0.4128   -8463.6387  0.4222 
   00503    0.4112   -8499.8949  0.4232 
   00504    0.4100   -8506.2130  0.4222 
   00505    0.4036   -8501.2584  0.4235 
   00506    0.4276   -8498.9571  0.4227 
   00507    0.4252   -8450.2023  0.4257 
   00508    0.4100   -8448.9857  0.4226 
   00509    0.4168   -8502.0407  0.4344 
   00510    0.4096   -8454.3241  0.4331 
   00511    0.4196   -8500.5254  0.4327 
   00512    0.4060   -8508.5616  0.4396 
   00513    0.3952   -8516.6497  0.4444 
   00514    0.4064   -8505.7947  0.4433 
   00515    0.4208   -8524.7193  0.4457 
   00516    0.4240   -8513.4155  0.4443 
   00517    0.4052   -8463.9691  0.4462 
   00518    0.4048   -8384.4184  0.4410 
   00519    0.4196   -8413.9932  0.4389 
   00520    0.4112   -8443.1254  0.4370 
   00521    0.4092   -8462.4070  0.4348 
   00522    0.4120   -8489.9630  0.4459 
   00523    0.3904   -8488.2287  0.4512 
   00524    0.4044   -8494.0859  0.4487 
   00525    0.4092   -8529.9163  0.4478 
   00526    0.4000   -8554.3128  0.4489 
   00527    0.4244   -8516.0224  0.4493 
   00528    0.4032   -8482.8797  0.4500 
   00529    0.4124   -8497.4566  0.4501 
   00530    0.4188   -8478.7122  0.4524 
   00531    0.4080   -8450.6905  0.4524 
   00532    0.3968   -8441.1827  0.4537 
   00533    0.4072   -8406.6159  0.4554 
   00534    0.4044   -8450.7061  0.4602 
   00535    0.4168   -8415.5263  0.4577 
   00536    0.4152   -8485.3195  0.4573 
   00537    0.4084   -8433.5270  0.4489 
   00538    0.4108   -8424.1101  0.4460 
   00539    0.4008   -8406.2070  0.4456 
   00540    0.4028   -8423.4597  0.4445 
   00541    0.4204   -8461.8296  0.4472 
   00542    0.4284   -8494.6186  0.4550 
   00543    0.4204   -8505.8842  0.4560 
   00544    0.4236   -8455.0725  0.4603 
   00545    0.4220   -8436.2156  0.4618 
   00546    0.4160   -8499.7589  0.4642 
   00547    0.4320   -8488.8614  0.4652 
   00548    0.4228   -8530.6813  0.4689 
   00549    0.4212   -8527.2084  0.4734 
   00550    0.4212   -8478.4732  0.4687 
   00551    0.3952   -8442.4627  0.4710 
   00552    0.4028   -8395.8923  0.4747 
   00553    0.4168   -8411.8105  0.4733 
   00554    0.4176   -8432.5503  0.4729 
   00555    0.4172   -8460.6658  0.4819 
   00556    0.4144   -8426.5072  0.4797 
   00557    0.4024   -8441.3663  0.4791 
   00558    0.4072   -8441.4139  0.4798 
   00559    0.4236   -8479.3782  0.4780 
   00560    0.4136   -8492.8504  0.4753 
   00561    0.4032   -8477.5656  0.4697 
   00562    0.4020   -8444.9372  0.4710 
   00563    0.4244   -8464.1299  0.4734 
   00564    0.4108   -8492.8876  0.4695 
   00565    0.4220   -8531.0164  0.4642 
   00566    0.4048   -8516.2900  0.4590 
   00567    0.4124   -8530.5223  0.4591 
   00568    0.4192   -8537.9254  0.4647 
   00569    0.4128   -8515.3640  0.4679 
   00570    0.4156   -8518.3951  0.4732 
   00571    0.4028   -8496.7366  0.4651 
   00572    0.4072   -8532.1457  0.4671 
   00573    0.4292   -8538.7659  0.4692 
   00574    0.3992   -8536.8566  0.4672 
   00575    0.4164   -8482.1935  0.4706 
   00576    0.4060   -8482.1077  0.4761 
   00577    0.4296   -8468.9463  0.4795 
   00578    0.4188   -8495.7746  0.4796 
   00579    0.4156   -8447.8258  0.4774 
   00580    0.4076   -8423.8175  0.4726 
   00581    0.4088   -8475.5063  0.4683 
   00582    0.4048   -8478.5971  0.4684 
   00583    0.4176   -8439.5958  0.4662 
   00584    0.4280   -8423.6821  0.4615 
   00585    0.4152   -8480.6786  0.4638 
   00586    0.4124   -8485.3014  0.4659 
   00587    0.4084   -8482.4013  0.4660 
   00588    0.3964   -8448.7468  0.4650 
   00589    0.4204   -8416.0717  0.4659 
   00590    0.4216   -8441.1488  0.4717 
   00591    0.4052   -8483.4421  0.4703 
   00592    0.4108   -8477.2556  0.4681 
   00593    0.4188   -8439.9864  0.4707 
   00594    0.4068   -8474.2528  0.4745 
   00595    0.4196   -8478.4312  0.4787 
   00596    0.4276   -8499.8621  0.4777 
   00597    0.4036   -8439.6716  0.4766 
   00598    0.4304   -8443.7695  0.4795 
   00599    0.4204   -8490.4821  0.4796 
   00600    0.3992   -8445.0728  0.4789 
   00601    0.4192   -8437.8528  0.4802 
   00602    0.4008   -8397.8415  0.4777 
   00603    0.4108   -8434.1245  0.4775 
   00604    0.4168   -8393.4449  0.4740 
   00605    0.4252   -8405.8554  0.4741 
   00606    0.4172   -8465.8772  0.4714 
   00607    0.4132   -8477.6856  0.4755 
   00608    0.3940   -8445.0732  0.4751 
   00609    0.4060   -8427.1308  0.4739 
   00610    0.4096   -8404.0869  0.4784 
   00611    0.4180   -8445.9544  0.4771 
   00612    0.4348   -8444.8069  0.4739 
   00613    0.4216   -8498.1573  0.4734 
   00614    0.4084   -8477.1019  0.4730 
   00615    0.4184   -8478.0266  0.4708 
   00616    0.4108   -8487.3215  0.4737 
   00617    0.4016   -8522.7704  0.4734 
   00618    0.4064   -8511.2863  0.4694 
   00619    0.4256   -8505.5520  0.4711 
   00620    0.3980   -8521.9347  0.4767 
   00621    0.4156   -8486.9332  0.4740 
   00622    0.4180   -8514.0565  0.4713 
   00623    0.4204   -8476.7505  0.4800 
   00624    0.4036   -8510.1574  0.4855 
   00625    0.4112   -8533.2330  0.4840 
   00626    0.4060   -8528.5414  0.4788 
   00627    0.4208   -8469.7285  0.4748 
   00628    0.4232   -8431.9150  0.4751 
   00629    0.4220   -8438.4302  0.4733 
   00630    0.4268   -8401.1744  0.4747 
   00631    0.4140   -8426.5773  0.4680 
   00632    0.4280   -8457.1920  0.4684 
   00633    0.4028   -8391.0342  0.4694 
   00634    0.4140   -8427.9691  0.4707 
   00635    0.4140   -8477.8292  0.4758 
   00636    0.4284   -8475.6928  0.4812 
   00637    0.4128   -8492.1352  0.4793 
   00638    0.4016   -8465.9799  0.4786 
   00639    0.4016   -8463.5927  0.4817 
   00640    0.4272   -8403.4289  0.4778 
   00641    0.4108   -8413.0643  0.4799 
   00642    0.4184   -8403.1158  0.4770 
   00643    0.4204   -8433.8380  0.4715 
   00644    0.4324   -8443.3272  0.4663 
   00645    0.4244   -8446.4092  0.4634 
   00646    0.3992   -8477.3325  0.4736 
   00647    0.4088   -8469.4714  0.4738 
   00648    0.4156   -8474.0697  0.4718 
   00649    0.4096   -8449.3779  0.4715 
   00650    0.4244   -8449.7986  0.4702 
   00651    0.4144   -8477.1237  0.4701 
   00652    0.4108   -8486.2385  0.4707 
   00653    0.4084   -8498.5307  0.4729 
   00654    0.4088   -8415.6602  0.4719 
   00655    0.4196   -8433.9916  0.4719 
   00656    0.3952   -8412.4747  0.4715 
   00657    0.4120   -8402.3301  0.4729 
   00658    0.4128   -8439.2251  0.4716 
   00659    0.3832   -8464.4271  0.4757 
   00660    0.4028   -8468.8405  0.4793 
   00661    0.4172   -8442.0995  0.4789 
   00662    0.4184   -8475.6740  0.4735 
   00663    0.4032   -8428.4950  0.4662 
   00664    0.4048   -8461.2253  0.4746 
   00665    0.4112   -8463.2192  0.4819 
   00666    0.4120   -8434.6986  0.4771 
   00667    0.4056   -8428.1623  0.4821 
   00668    0.4440   -8476.6894  0.4806 
   00669    0.4080   -8453.1239  0.4798 
   00670    0.4152   -8445.1139  0.4791 
   00671    0.4132   -8469.1318  0.4839 
   00672    0.4140   -8495.8356  0.4850 
   00673    0.3984   -8512.4166  0.4840 
   00674    0.4004   -8480.1960  0.4826 
   00675    0.4072   -8520.0077  0.4784 
   00676    0.4004   -8549.6229  0.4822 
   00677    0.4108   -8541.4779  0.4836 
   00678    0.4132   -8546.7169  0.4824 
   00679    0.4288   -8528.3975  0.4797 
   00680    0.4064   -8565.8287  0.4822 
   00681    0.4064   -8572.4212  0.4845 
   00682    0.3960   -8511.7126  0.4859 
   00683    0.4016   -8483.6448  0.4829 
   00684    0.4060   -8434.6355  0.4881 
   00685    0.4108   -8440.8612  0.4861 
   00686    0.4244   -8455.5484  0.4846 
   00687    0.4060   -8427.6135  0.4887 
   00688    0.4052   -8437.6487  0.4907 
   00689    0.4304   -8485.7053  0.4908 
   00690    0.4124   -8456.8962  0.4878 
   00691    0.4332   -8423.9169  0.4909 
   00692    0.4096   -8435.2137  0.4979 
   00693    0.4064   -8454.9118  0.5066 
   00694    0.4176   -8398.4397  0.5062 
   00695    0.4128   -8439.7201  0.5051 
   00696    0.4260   -8423.6165  0.5060 
   00697    0.3964   -8435.1672  0.5026 
   00698    0.4192   -8426.3203  0.5051 
   00699    0.4236   -8415.7538  0.5041 
   00700    0.4116   -8426.6976  0.5060 
   00701    0.3996   -8461.8959  0.5101 
   00702    0.4112   -8461.9609  0.5111 
   00703    0.4268   -8492.2612  0.5093 
   00704    0.4032   -8537.7593  0.5171 
   00705    0.4076   -8520.8682  0.5188 
   00706    0.3864   -8513.0663  0.5216 
   00707    0.4100   -8507.1453  0.5232 
   00708    0.4028   -8488.2263  0.5127 
   00709    0.3952   -8444.7579  0.5124 
   00710    0.4012   -8503.7287  0.5163 
   00711    0.4096   -8527.3193  0.5124 
   00712    0.4192   -8506.0394  0.5146 
   00713    0.4128   -8470.9497  0.5114 
   00714    0.4016   -8456.1773  0.5165 
   00715    0.3988   -8486.3638  0.5140 
   00716    0.4208   -8480.7684  0.5114 
   00717    0.4304   -8459.1471  0.5103 
   00718    0.4184   -8434.0295  0.5094 
   00719    0.4180   -8460.7624  0.5100 
   00720    0.4128   -8462.3216  0.5165 
   00721    0.4152   -8447.5194  0.5185 
   00722    0.4196   -8438.8538  0.5164 
   00723    0.4120   -8435.5561  0.5192 
   00724    0.4108   -8423.9444  0.5135 
   00725    0.4036   -8408.5836  0.5105 
   00726    0.4252   -8406.3316  0.5041 
   00727    0.4056   -8444.5305  0.5048 
   00728    0.4000   -8471.5172  0.5102 
   00729    0.4248   -8453.9936  0.5108 
   00730    0.4368   -8481.4226  0.5167 
   00731    0.4188   -8472.3598  0.5165 
   00732    0.4132   -8433.2751  0.5151 
   00733    0.4280   -8482.4511  0.5137 
   00734    0.3944   -8493.8654  0.5213 
   00735    0.4072   -8440.6982  0.5249 
   00736    0.4048   -8470.4517  0.5250 
   00737    0.4092   -8424.1832  0.5250 
   00738    0.4140   -8438.1233  0.5233 
   00739    0.4200   -8418.4812  0.5246 
   00740    0.4096   -8388.8689  0.5227 
   00741    0.4092   -8447.0767  0.5289 
   00742    0.4036   -8448.0008  0.5251 
   00743    0.4164   -8405.0254  0.5260 
   00744    0.4136   -8427.3152  0.5254 
   00745    0.4048   -8392.2998  0.5271 
   00746    0.4256   -8406.8264  0.5278 
   00747    0.4004   -8433.3553  0.5297 
   00748    0.4212   -8426.4172  0.5363 
   00749    0.4088   -8431.6172  0.5342 
   00750    0.4148   -8464.3578  0.5415 
   00751    0.3960   -8498.7699  0.5466 
   00752    0.4228   -8497.2033  0.5489 
   00753    0.4360   -8473.9378  0.5464 
   00754    0.4132   -8466.4291  0.5490 
   00755    0.4008   -8463.1760  0.5478 
   00756    0.4408   -8476.9907  0.5518 
   00757    0.4140   -8452.3529  0.5522 
   00758    0.4204   -8467.6386  0.5484 
   00759    0.4072   -8452.4238  0.5520 
   00760    0.4104   -8511.8766  0.5591 
   00761    0.4076   -8492.9633  0.5583 
   00762    0.4140   -8507.2717  0.5552 
   00763    0.4192   -8532.5078  0.5590 
   00764    0.3960   -8530.1446  0.5585 
   00765    0.4052   -8522.4040  0.5561 
   00766    0.4112   -8549.3581  0.5538 
   00767    0.4284   -8555.7775  0.5549 
   00768    0.4044   -8514.6837  0.5581 
   00769    0.4164   -8498.8083  0.5592 
   00770    0.4172   -8457.8491  0.5565 
   00771    0.4176   -8459.0493  0.5601 
   00772    0.4184   -8437.9973  0.5564 
   00773    0.4160   -8474.9190  0.5566 
   00774    0.4144   -8459.1439  0.5536 
   00775    0.4144   -8494.9226  0.5545 
   00776    0.4092   -8459.8895  0.5628 
   00777    0.4152   -8443.5906  0.5654 
   00778    0.4252   -8468.0480  0.5689 
   00779    0.4256   -8511.2126  0.5699 
   00780    0.4180   -8491.6522  0.5674 
   00781    0.4192   -8485.9474  0.5721 
   00782    0.4080   -8445.1290  0.5656 
   00783    0.4156   -8466.4193  0.5706 
   00784    0.4232   -8470.7049  0.5674 
   00785    0.4248   -8459.8099  0.5606 
   00786    0.4124   -8476.0194  0.5643 
   00787    0.4032   -8509.6105  0.5688 
   00788    0.4308   -8545.5420  0.5690 
   00789    0.4052   -8534.3906  0.5650 
   00790    0.4252   -8546.9719  0.5620 
   00791    0.4076   -8539.9153  0.5553 
   00792    0.4180   -8562.6852  0.5524 
   00793    0.4056   -8566.5481  0.5510 
   00794    0.4248   -8555.4506  0.5570 
   00795    0.4140   -8507.4478  0.5574 
   00796    0.4188   -8481.1372  0.5506 
   00797    0.3924   -8489.4367  0.5543 
   00798    0.4108   -8481.2774  0.5499 
   00799    0.4024   -8471.6852  0.5546 
   00800    0.4072   -8452.0326  0.5555 
   00801    0.4272   -8452.3265  0.5535 
   00802    0.4260   -8462.0515  0.5554 
   00803    0.4076   -8466.5910  0.5580 
   00804    0.4056   -8457.4501  0.5495 
   00805    0.4104   -8477.1045  0.5511 
   00806    0.4300   -8503.8522  0.5489 
   00807    0.4188   -8526.8628  0.5528 
   00808    0.4156   -8518.9267  0.5532 
   00809    0.4156   -8468.7846  0.5547 
   00810    0.4116   -8506.1674  0.5559 
   00811    0.4204   -8508.6223  0.5545 
   00812    0.4108   -8490.1782  0.5531 
   00813    0.4212   -8505.4532  0.5525 
   00814    0.4008   -8532.2391  0.5576 
   00815    0.4196   -8512.2341  0.5604 
   00816    0.4104   -8570.4007  0.5589 
   00817    0.4092   -8607.0246  0.5597 
   00818    0.4056   -8641.3731  0.5591 
   00819    0.4000   -8619.1802  0.5551 
   00820    0.4176   -8548.1885  0.5573 
   00821    0.4148   -8498.0187  0.5533 
   00822    0.3872   -8506.4119  0.5536 
   00823    0.4136   -8481.8144  0.5524 
   00824    0.4016   -8488.6947  0.5434 
   00825    0.4228   -8431.9787  0.5430 
   00826    0.4188   -8418.2321  0.5477 
   00827    0.4144   -8449.5304  0.5445 
   00828    0.4136   -8443.8021  0.5502 
   00829    0.4032   -8484.5343  0.5565 
   00830    0.4032   -8510.6807  0.5568 
   00831    0.4164   -8511.1031  0.5632 
   00832    0.4284   -8456.9385  0.5667 
   00833    0.4196   -8500.5368  0.5691 
   00834    0.4164   -8464.7219  0.5723 
   00835    0.4036   -8439.7220  0.5703 
   00836    0.4076   -8443.3593  0.5761 
   00837    0.4160   -8508.4425  0.5780 
   00838    0.4208   -8498.1746  0.5740 
   00839    0.4200   -8509.2714  0.5765 
   00840    0.4116   -8465.2109  0.5708 
   00841    0.4148   -8473.2804  0.5725 
   00842    0.4244   -8484.7654  0.5713 
   00843    0.4128   -8520.0363  0.5703 
   00844    0.4344   -8501.2225  0.5748 
   00845    0.3928   -8456.6680  0.5753 
   00846    0.3956   -8440.7320  0.5714 
   00847    0.4260   -8463.2456  0.5689 
   00848    0.4288   -8484.1749  0.5697 
   00849    0.4196   -8506.8116  0.5725 
   00850    0.4036   -8471.0000  0.5708 
   00851    0.4080   -8451.5106  0.5694 
   00852    0.4188   -8463.3872  0.5680 
   00853    0.4248   -8437.3860  0.5696 
   00854    0.4156   -8411.3823  0.5722 
   00855    0.4144   -8490.3707  0.5807 
   00856    0.4168   -8519.5866  0.5775 
   00857    0.4128   -8526.0158  0.5757 
   00858    0.4036   -8524.8272  0.5806 
   00859    0.4204   -8526.9698  0.5738 
   00860    0.4176   -8497.3908  0.5802 
   00861    0.4208   -8516.2633  0.5802 
   00862    0.4084   -8498.3331  0.5818 
   00863    0.4004   -8502.1572  0.5844 
   00864    0.4248   -8541.6139  0.5843 
   00865    0.4148   -8474.8612  0.5807 
   00866    0.4288   -8431.1297  0.5842 
   00867    0.4076   -8431.5954  0.5848 
   00868    0.4280   -8436.3644  0.5828 
   00869    0.4204   -8425.7672  0.5830 
   00870    0.4112   -8452.7803  0.5849 
   00871    0.4256   -8469.2085  0.5853 
   00872    0.4112   -8446.2301  0.5814 
   00873    0.4016   -8469.0314  0.5812 
   00874    0.4092   -8449.4534  0.5797 
   00875    0.4224   -8429.1928  0.5801 
   00876    0.4092   -8434.9881  0.5789 
   00877    0.4052   -8485.2148  0.5823 
   00878    0.4028   -8495.3351  0.5836 
   00879    0.4092   -8495.8887  0.5848 
   00880    0.4108   -8465.8464  0.5855 
   00881    0.4164   -8477.9564  0.5908 
   00882    0.4000   -8517.7860  0.5934 
   00883    0.4032   -8492.7238  0.5896 
   00884    0.4100   -8504.2317  0.5871 
   00885    0.4036   -8497.3345  0.5888 
   00886    0.4080   -8493.8207  0.5871 
   00887    0.4156   -8457.5857  0.5866 
   00888    0.3900   -8475.3467  0.5835 
   00889    0.4104   -8477.1150  0.5848 
   00890    0.4240   -8504.9614  0.5854 
   00891    0.4116   -8492.4744  0.5787 
   00892    0.4344   -8498.5720  0.5859 
   00893    0.4036   -8485.8077  0.5802 
   00894    0.4192   -8507.4369  0.5816 
   00895    0.4044   -8482.9630  0.5829 
   00896    0.4252   -8502.6510  0.5857 
   00897    0.4024   -8459.7036  0.5815 
   00898    0.4108   -8514.0877  0.5844 
   00899    0.4120   -8488.8936  0.5882 
   00900    0.4220   -8525.6999  0.5890 
   00901    0.4016   -8504.3888  0.5868 
   00902    0.4160   -8489.9264  0.5873 
   00903    0.4240   -8464.3599  0.5893 
   00904    0.3964   -8490.4176  0.5904 
   00905    0.4296   -8490.5782  0.5865 
   00906    0.4120   -8479.9999  0.5868 
   00907    0.4076   -8492.9451  0.5951 
   00908    0.4276   -8521.0227  0.5980 
   00909    0.3932   -8546.1804  0.5934 
   00910    0.4020   -8508.8221  0.5924 
   00911    0.4240   -8482.8064  0.5927 
   00912    0.4016   -8478.4420  0.5895 
   00913    0.4168   -8452.4410  0.5886 
   00914    0.4256   -8429.1051  0.5872 
   00915    0.4220   -8477.7272  0.5884 
   00916    0.4008   -8438.1975  0.5874 
   00917    0.4164   -8445.2359  0.5891 
   00918    0.4076   -8461.7147  0.5881 
   00919    0.3984   -8417.7823  0.5862 
   00920    0.4260   -8433.2457  0.5857 
   00921    0.4088   -8418.6872  0.5888 
   00922    0.3892   -8361.3903  0.5911 
   00923    0.4148   -8386.6949  0.5960 
   00924    0.4192   -8385.0528  0.5962 
   00925    0.4236   -8408.6409  0.5987 
   00926    0.4048   -8411.5865  0.5946 
   00927    0.4216   -8436.9820  0.5919 
   00928    0.4368   -8479.4222  0.5969 
   00929    0.4052   -8469.7677  0.5910 
   00930    0.4224   -8471.7309  0.5916 
   00931    0.4176   -8448.7338  0.5916 
   00932    0.4192   -8486.9811  0.5949 
   00933    0.4156   -8501.3073  0.5906 
   00934    0.4272   -8505.8330  0.5936 
   00935    0.4124   -8489.6622  0.5980 
   00936    0.4200   -8507.4860  0.6032 
   00937    0.4112   -8534.4079  0.5986 
   00938    0.4076   -8520.6537  0.5979 
   00939    0.3872   -8492.8080  0.5957 
   00940    0.4168   -8471.8010  0.5885 
   00941    0.4196   -8491.4566  0.5863 
   00942    0.4012   -8486.2689  0.5873 
   00943    0.4096   -8505.2121  0.5846 
   00944    0.4096   -8520.5579  0.5858 
   00945    0.4140   -8526.1178  0.5889 
   00946    0.4200   -8497.9086  0.5873 
   00947    0.4192   -8494.2259  0.5894 
   00948    0.3936   -8555.2701  0.5939 
   00949    0.4112   -8508.3481  0.5950 
   00950    0.4196   -8497.3944  0.5923 
   00951    0.3944   -8533.1502  0.5898 
   00952    0.4080   -8477.4342  0.5932 
   00953    0.4236   -8498.9129  0.5919 
   00954    0.4188   -8509.7722  0.5964 
   00955    0.4084   -8507.6628  0.6006 
   00956    0.4080   -8519.6841  0.5939 
   00957    0.4044   -8544.6230  0.5930 
   00958    0.4212   -8548.4918  0.5926 
   00959    0.4032   -8535.7870  0.5935 
   00960    0.4188   -8498.6328  0.5896 
   00961    0.4040   -8489.2780  0.5888 
   00962    0.4148   -8483.7993  0.5881 
   00963    0.4188   -8485.5769  0.5885 
   00964    0.4032   -8505.0498  0.5879 
   00965    0.4024   -8520.1261  0.5863 
   00966    0.4280   -8495.4314  0.5887 
   00967    0.4244   -8492.0037  0.5884 
   00968    0.4052   -8475.7649  0.5851 
   00969    0.4048   -8502.9793  0.5876 
   00970    0.4124   -8494.8552  0.5859 
   00971    0.4128   -8491.2254  0.5843 
   00972    0.4088   -8521.3150  0.5870 
   00973    0.3976   -8470.3592  0.5881 
   00974    0.3976   -8497.6375  0.5834 
   00975    0.4052   -8523.0574  0.5844 
   00976    0.4088   -8508.6501  0.5909 
   00977    0.4268   -8481.3021  0.5892 
   00978    0.4188   -8511.7179  0.5883 
   00979    0.4144   -8545.6532  0.5893 
   00980    0.3992   -8529.1055  0.5877 
   00981    0.4228   -8522.5559  0.5892 
   00982    0.4128   -8486.3557  0.5885 
   00983    0.4188   -8494.3940  0.5854 
   00984    0.4148   -8490.4090  0.5858 
   00985    0.4008   -8483.1448  0.5850 
   00986    0.4136   -8475.0461  0.5925 
   00987    0.4236   -8478.2094  0.5960 
   00988    0.4116   -8519.6785  0.6021 
   00989    0.3896   -8462.6334  0.5955 
   00990    0.4164   -8466.8669  0.5957 
   00991    0.4052   -8491.5843  0.6015 
   00992    0.4088   -8499.3393  0.5998 
   00993    0.4060   -8519.4908  0.5990 
   00994    0.3996   -8513.4913  0.5946 
   00995    0.4072   -8475.6444  0.5899 
   00996    0.4132   -8448.4639  0.5898 
   00997    0.4180   -8437.9702  0.5917 
   00998    0.4188   -8472.1504  0.5867 
   00999    0.4120   -8437.4252  0.5889 
   01000    0.4176   -8400.6325  0.5892 
