#=====================================================
# File created:        Wed-29-Oct-2025-at-10-48-19PM
# Size of lattice:     50x50
# Number of MC steps:  1000
# Reduced temperature: 0.500
# Run time (s):        0.470147
#=====================================================
# MC step:  Ratio:     Energy:   Order:
#=====================================================
   00000    0.5000   -2474.1825  0.2603 
   00001    0.6880   -3619.8914  0.2576 
   00002    0.6236   -4361.3909  0.2751 
   00003    0.5936   -4973.7892  0.2691 
   00004    0.5460   -5437.7272  0.2776 
   00005    0.5552   -5734.8070  0.2814 
   00006    0.5132   -5989.2453  0.2908 
   00007    0.5148   -6229.6485  0.2916 
   00008    0.5092   -6472.9320  0.2922 
   00009    0.4852   -6658.5193  0.3008 
   00010    0.5008   -6801.4286  0.2917 
   00011    0.4976   -6940.5005  0.2917 
   00012    0.4688   -7114.7683  0.2957 
   00013    0.4572   -7204.8224  0.2963 
   00014    0.4628   -7301.9714  0.3029 
   00015    0.4592   -7338.0611  0.3019 
   00016    0.4596   -7316.8077  0.3042 
   00017    0.4600   -7381.2165  0.3060 
   00018    0.4612   -7503.7797  0.3048 
   00019    0.4644   -7530.5143  0.3080 
   00020    0.4724   -7582.8343  0.3046 
   00021    0.4496   -7643.9852  0.3001 
   00022    0.4520   -7662.0149  0.3022 
   00023    0.4416   -7735.4381  0.2990 
   00024    0.4152   -7752.3155  0.2983 
   00025    0.4216   -7754.2531  0.2974 
   00026    0.4416   -7777.4390  0.2952 
   00027    0.4420   -7821.0805  0.2912 
   00028    0.4348   -7851.7149  0.2892 
   00029    0.4456   -7872.8041  0.2838 
   00030    0.4276   -7911.2945  0.2846 
   00031    0.4424   -7962.8178  0.2894 
   00032    0.4308   -7971.6321  0.2925 
   00033    0.4316   -7926.3736  0.2906 
   00034    0.4436   -7917.4855  0.2913 
   00035    0.4360   -7957.4630  0.2856 
   00036    0.4336   -8028.9974  0.2829 
   00037    0.4408   -8038.8598  0.2789 
   00038    0.4280   -8016.5924  0.2753 
   00039    0.4492   -8030.6287  0.2713 
   00040    0.4400   -8043.0577  0.2754 
   00041    0.4376   -8058.3774  0.2771 
   00042    0.4428   -8086.3225  0.2752 
   00043    0.4276   -8080.2131  0.2826 
   00044    0.4276   -8102.0993  0.2779 
   00045    0.4180   -8093.6783  0.2787 
   00046    0.4404   -8118.6947  0.2852 
   00047    0.4148   -8115.0024  0.2946 
   00048    0.4280   -8108.7848  0.2943 
   00049    0.4268   -8085.5165  0.2975 
   00050    0.4328   -8098.3700  0.2894 
   00051    0.4096   -8118.6373  0.2936 
   00052    0.4312   -8083.2601  0.2997 
   00053    0.4296   -8095.2254  0.2938 
   00054    0.4036   -8108.3768  0.2968 
   00055    0.4352   -8125.0976  0.2985 
   00056    0.4120   -8180.1335  0.3032 
   00057    0.4408   -8198.4073  0.3051 
   00058    0.4204   -8203.1656  0.3105 
   00059    0.4224   -8227.1574  0.3198 
   00060    0.4320   -8210.8543  0.3181 
   00061    0.4132   -8254.7596  0.3215 
   00062    0.4224   -8256.3422  0.3235 
   00063    0.4332   -8243.9741  0.3231 
   00064    0.4220   -8244.1267  0.3321 
   00065    0.4092   -8259.7044  0.3326 
   00066    0.4088   -8209.5986  0.3292 
   00067    0.4188   -8171.1801  0.3318 
   00068    0.4312   -8180.2571  0.3245 
   00069    0.4248   -8197.3492  0.3338 
   00070    0.4140   -8212.9440  0.3397 
   00071    0.4244   -8207.6645  0.3402 
   00072    0.4352   -8187.6311  0.3366 
   00073    0.4224   -8164.6352  0.3381 
   00074    0.4220   -8204.8666  0.3437 
   00075    0.4352   -8251.6308  0.3448 
   00076    0.4348   -8265.3521  0.3525 
   00077    0.4304   -8227.8505  0.3588 
   00078    0.4344   -8237.7789  0.3619 
   00079    0.4096   -8293.7671  0.3691 
   00080    0.4260   -8238.7106  0.3603 
   00081    0.4160   -8233.4305  0.3653 
   00082    0.4044   -8271.7773  0.3613 
   00083    0.4304   -8264.2628  0.3623 
   00084    0.4212   -8322.4781  0.3643 
   00085    0.4016   -8339.6864  0.3628 
   00086    0.4032   -8362.8714  0.3606 
   00087    0.4036   -8338.5616  0.3582 
   00088    0.4132   -8325.9727  0.3615 
   00089    0.4220   -8346.7389  0.3621 
   00090    0.4216   -8316.6882  0.3684 
   00091    0.4064   -8315.1423  0.3721 
   00092    0.4248   -8350.2147  0.3728 
   00093    0.4172   -8348.4834  0.3786 
   00094    0.4256   -8326.8835  0.3852 
   00095    0.4232   -8383.6368  0.3903 
   00096    0.4012   -8395.9926  0.3845 
   00097    0.4188   -8412.8444  0.3872 
   00098    0.4320   -8396.8903  0.3880 
   00099    0.4092   -8370.0762  0.3867 
   00100    0.4196   -8431.5813  0.3851 
   00101    0.4060   -8413.1000  0.3844 
   00102    0.4236   -8406.3211  0.3878 
   00103    0.4136   -8416.4107  0.3906 
   00104    0.4068   -8479.5178  0.3932 
   00105    0.4084   -8435.7016  0.3924 
   00106    0.3980   -8406.0234  0.3897 
   00107    0.4028   -8371.3992  0.3868 
   00108    0.4164   -8384.8888  0.3841 
   00109    0.4228   -8440.6193  0.3872 
   00110    0.4188   -8425.0923  0.3924 
   00111    0.4264   -8436.5399  0.3955 
   00112    0.4156   -8418.1189  0.3910 
   00113    0.4140   -8399.3631  0.3853 
   00114    0.4272   -8441.1903  0.3844 
   00115    0.4148   -8443.2841  0.3812 
   00116    0.4168   -8446.7395  0.3844 
   00117    0.3960   -8477.6179  0.3851 
   00118    0.4084   -8439.9894  0.3820 
   00119    0.4148   -8434.0083  0.3825 
   00120    0.4132   -8389.4439  0.3844 
   00121    0.4096   -8360.4849  0.3827 
   00122    0.4288   -8346.6668  0.3826 
   00123    0.4028   -8369.7524  0.3959 
   00124    0.4220   -8385.0138  0.3960 
   00125    0.4172   -8416.4226  0.3999 
   00126    0.4248   -8389.2626  0.4015 
   00127    0.4108   -8451.4348  0.3988 
   00128    0.4160   -8434.4448  0.4001 
   00129    0.4208   -8430.6480  0.4028 
   00130    0.4180   -8458.7970  0.4026 
   00131    0.4108   -8459.3154  0.4033 
   00132    0.4044   -8421.0663  0.4031 
   00133    0.4264   -8393.1358  0.4014 
   00134    0.4224   -8420.6809  0.4033 
   00135    0.4104   -8424.1925  0.4077 
   00136    0.4096   -8397.9467  0.4049 
   00137    0.4024   -8397.3220  0.4046 
   00138    0.3912   -8391.1208  0.4041 
   00139    0.4248   -8398.0410  0.4101 
   00140    0.4056   -8359.4486  0.4088 
   00141    0.4200   -8404.3181  0.4102 
   00142    0.4072   -8395.1660  0.4138 
   00143    0.4076   -8392.7672  0.4144 
   00144    0.4100   -8396.1241  0.4150 
   00145    0.4204   -8442.4323  0.4164 
   00146    0.4048   -8447.5897  0.4158 
   00147    0.4284   -8493.5088  0.4180 
   00148    0.3948   -8457.7849  0.4188 
   00149    0.4076   -8459.8365  0.4189 
   00150    0.4064   -8441.2580  0.4198 
   00151    0.4144   -8424.9927  0.4235 
   00152    0.4100   -8431.6266  0.4180 
   00153    0.4208   -8467.7536  0.4147 
   00154    0.4184   -8461.6240  0.4243 
   00155    0.4088   -8510.7130  0.4222 
   00156    0.3908   -8548.5237  0.4192 
   00157    0.4156   -8532.9182  0.4231 
   00158    0.4232   -8479.3106  0.4282 
   00159    0.4256   -8475.3406  0.4219 
   00160    0.4096   -8424.3242  0.4181 
   00161    0.4168   -8449.3110  0.4228 
   00162    0.4160   -8409.5199  0.4206 
   00163    0.4232   -8445.0318  0.4191 
   00164    0.4032   -8438.8324  0.4131 
   00165    0.4020   -8415.4868  0.4151 
   00166    0.4148   -8417.8329  0.4164 
   00167    0.4040   -8479.6197  0.4175 
   00168    0.4232   -8459.6356  0.4155 
   00169    0.4080   -8471.2393  0.4176 
   00170    0.3960   -8452.0251  0.4182 
   00171    0.4144   -8468.8306  0.4225 
   00172    0.4224   -8461.0378  0.4201 
   00173    0.3964   -8469.6593  0.4210 
   00174    0.4208   -8474.1126  0.4159 
   00175    0.4052   -8449.2850  0.4164 
   00176    0.3996   -8413.8722  0.4208 
   00177    0.4068   -8415.8278  0.4238 
   00178    0.4024   -8374.9780  0.4241 
   00179    0.4264   -8443.5489  0.4357 
   00180    0.4036   -8493.4209  0.4357 
   00181    0.3960   -8453.8042  0.4401 
   00182    0.3924   -8408.1384  0.4403 
   00183    0.4152   -8425.7155  0.4444 
   00184    0.4088   -8486.9084  0.4391 
   00185    0.4040   -8498.8026  0.4451 
   00186    0.4320   -8456.5519  0.4433 
   00187    0.4020   -8436.9390  0.4395 
   00188    0.4236   -8430.5648  0.4326 
   00189    0.4232   -8459.7411  0.4350 
   00190    0.4092   -8438.5859  0.4337 
   00191    0.4212   -8458.7879  0.4319 
   00192    0.4188   -8465.2226  0.4300 
   00193    0.4148   -8440.1660  0.4296 
   00194    0.4176   -8406.4520  0.4281 
   00195    0.4264   -8377.7097  0.4288 
   00196    0.4092   -8408.4673  0.4261 
   00197    0.4044   -8456.3969  0.4266 
   00198    0.4200   -8447.5333  0.4279 
   00199    0.4212   -8439.4226  0.4241 
   00200    0.4024   -8466.6646  0.4204 
   00201    0.4064   -8452.3844  0.4343 
   00202    0.4188   -8424.6566  0.4430 
   00203    0.4232   -8370.1925  0.4416 
   00204    0.4204   -8376.9864  0.4437 
   00205    0.4016   -8431.1564  0.4333 
   00206    0.4176   -8386.2607  0.4254 
   00207    0.4084   -8384.2965  0.4270 
   00208    0.4424   -8402.7227  0.4266 
   00209    0.4076   -8403.0791  0.4344 
   00210    0.4040   -8457.2879  0.4338 
   00211    0.4176   -8513.9353  0.4342 
   00212    0.4152   -8538.1920  0.4357 
   00213    0.4076   -8503.8110  0.4338 
   00214    0.4180   -8459.2445  0.4322 
   00215    0.4096   -8480.7729  0.4429 
   00216    0.3936   -8451.3111  0.4435 
   00217    0.4248   -8424.8773  0.4367 
   00218    0.3936   -8433.9337  0.4399 
   00219    0.4032   -8426.7780  0.4365 
   00220    0.3996   -8382.7572  0.4363 
   00221    0.4444   -8411.4078  0.4438 
   00222    0.4208   -8439.8578  0.4453 
   00223    0.4164   -8445.5935  0.4493 
   00224    0.4072   -8458.5680  0.4537 
   00225    0.4040   -8459.7448  0.4532 
   00226    0.4164   -8498.8152  0.4527 
   00227    0.4092   -8503.9310  0.4501 
   00228    0.4068   -8500.1076  0.4470 
   00229    0.4132   -8454.1838  0.4500 
   00230    0.4072   -8441.6896  0.4487 
   00231    0.4120   -8493.6186  0.4467 
   00232    0.4356   -8462.8678  0.4462 
   00233    0.4016   -8483.1318  0.4453 
   00234    0.4176   -8456.0673  0.4514 
   00235    0.4212   -8456.3496  0.4555 
   00236    0.4088   -8451.7160  0.4517 
   00237    0.4196   -8470.7372  0.4489 
   00238    0.4152   -8419.7361  0.4467 
   00239    0.4180   -8463.2212  0.4512 
   00240    0.4060   -8437.7817  0.4531 
   00241    0.4192   -8490.2056  0.4523 
   00242    0.4128   -8485.0632  0.4518 
   00243    0.4140   -8439.0900  0.4492 
   00244    0.4144   -8446.0448  0.4491 
   00245    0.4120   -8473.7668  0.4457 
   00246    0.4104   -8481.3319  0.4487 
   00247    0.4248   -8472.6763  0.4523 
   00248    0.4224   -8432.6396  0.4502 
   00249    0.4112   -8449.4280  0.4490 
   00250    0.4028   -8471.6732  0.4489 
   00251    0.4036   -8437.6263  0.4514 
   00252    0.4252   -8430.3229  0.4517 
   00253    0.4108   -8489.7675  0.4479 
   00254    0.4204   -8491.7683  0.4496 
   00255    0.4052   -8471.9603  0.4478 
   00256    0.4176   -8447.4013  0.4426 
   00257    0.4200   -8457.0866  0.4461 
   00258    0.4092   -8512.4441  0.4434 
   00259    0.4152   -8429.6342  0.4398 
   00260    0.4192   -8455.2060  0.4306 
   00261    0.4048   -8496.1030  0.4282 
   00262    0.4104   -8448.6312  0.4265 
   00263    0.4176   -8489.2515  0.4220 
   00264    0.4104   -8461.3388  0.4281 
   00265    0.4184   -8476.4884  0.4313 
   00266    0.4092   -8441.3462  0.4258 
   00267    0.4240   -8478.1648  0.4326 
   00268    0.4064   -8464.7501  0.4337 
   00269    0.4152   -8421.7097  0.4284 
   00270    0.4040   -8479.6343  0.4269 
   00271    0.4264   -8523.1547  0.4216 
   00272    0.4128   -8530.8339  0.4198 
   00273    0.4240   -8538.3160  0.4149 
   00274    0.4164   -8560.2364  0.4114 
   00275    0.4044   -8538.0499  0.4109 
   00276    0.3948   -8562.8642  0.4116 
   00277    0.4128   -8528.7879  0.4123 
   00278    0.4108   -8574.4841  0.4093 
   00279    0.4024   -8554.6636  0.4049 
   00280    0.4184   -8576.6787  0.4046 
   00281    0.3948   -8543.8583  0.4024 
   00282    0.3892   -8520.7198  0.3987 
   00283    0.3960   -8537.7302  0.3976 
   00284    0.4320   -8498.4653  0.3886 
   00285    0.4060   -8542.7717  0.3875 
   00286    0.3984   -8569.7249  0.3871 
   00287    0.4028   -8549.0337  0.3876 
   00288    0.3972   -8552.8551  0.3893 
   00289    0.4132   -8544.5444  0.3941 
   00290    0.3976   -8527.6800  0.3964 
   00291    0.4008   -8514.6660  0.3951 
   00292    0.4092   -8555.2236  0.3943 
   00293    0.4052   -8511.0008  0.3960 
   00294    0.4128   -8486.9580  0.3995 
   00295    0.4044   -8495.1434  0.3966 
   00296    0.4084   -8553.2253  0.3959 
   00297    0.4008   -8537.8514  0.3997 
   00298    0.4112   -8533.9377  0.3941 
   00299    0.4164   -8565.3088  0.4028 
   00300    0.4148   -8548.4272  0.4047 
   00301    0.3952   -8542.4944  0.4058 
   00302    0.4048   -8469.1638  0.4104 
   00303    0.4272   -8463.9240  0.4101 
   00304    0.4276   -8530.7159  0.4100 
   00305    0.4004   -8537.8427  0.4118 
   00306    0.4084   -8535.7503  0.4125 
   00307    0.4204   -8519.1378  0.4143 
   00308    0.4088   -8523.6972  0.4158 
   00309    0.4060   -8466.8992  0.4104 
   00310    0.4224   -8472.1652  0.4100 
   00311    0.4304   -8455.0415  0.4161 
   00312    0.4220   -8447.3822  0.4133 
   00313    0.4152   -8510.2274  0.4235 
   00314    0.4148   -8516.9217  0.4195 
   00315    0.4128   -8500.3669  0.4146 
   00316    0.4144   -8463.5654  0.4173 
   00317    0.4252   -8530.4952  0.4164 
   00318    0.4032   -8552.2275  0.4150 
   00319    0.4256   -8511.7168  0.4152 
   00320    0.4052   -8526.8796  0.4146 
   00321    0.4092   -8508.2822  0.4066 
   00322    0.4124   -8547.2572  0.4083 
   00323    0.4192   -8548.9049  0.4040 
   00324    0.4112   -8540.1294  0.4038 
   00325    0.4176   -8472.9833  0.4014 
   00326    0.4288   -8477.7728  0.4023 
   00327    0.3980   -8498.9160  0.4009 
   00328    0.4084   -8478.3839  0.4007 
   00329    0.4272   -8515.2538  0.3980 
   00330    0.4224   -8491.7203  0.3955 
   00331    0.4044   -8517.5084  0.3983 
   00332    0.4108   -8517.9163  0.3994 
   00333    0.3992   -8545.9287  0.4029 
   00334    0.3956   -8519.9109  0.4053 
   00335    0.4036   -8485.4395  0.4058 
   00336    0.4224   -8476.3115  0.4031 
   00337    0.4100   -8509.6949  0.3939 
   00338    0.4120   -8499.3431  0.3922 
   00339    0.4048   -8484.0405  0.3967 
   00340    0.4140   -8492.2209  0.3978 
   00341    0.4036   -8470.7281  0.3973 
   00342    0.4092   -8492.9847  0.4038 
   00343    0.4092   -8470.1875  0.4007 
   00344    0.3960   -8488.4917  0.3963 
   00345    0.4260   -8446.1986  0.3942 
   00346    0.4152   -8465.0979  0.3907 
   00347    0.4116   -8467.2569  0.3893 
   00348    0.4060   -8495.5672  0.3876 
   00349    0.4148   -8476.2395  0.3835 
   00350    0.4112   -8458.6219  0.3836 
   00351    0.3932   -8487.8265  0.3778 
   00352    0.4048   -8475.8242  0.3781 
   00353    0.4180   -8422.5015  0.3751 
   00354    0.4092   -8386.0700  0.3759 
   00355    0.4240   -8390.5336  0.3785 
   00356    0.4000   -8428.9903  0.3808 
   00357    0.4068   -8476.1216  0.3816 
   00358    0.4084   -8452.1584  0.3840 
   00359    0.4096   -8463.4486  0.3814 
   00360    0.4196   -8401.1879  0.3814 
   00361    0.4264   -8372.7192  0.3772 
   00362    0.4052   -8375.8111  0.3764 
   00363    0.4152   -8401.2547  0.3796 
   00364    0.4044   -8426.3807  0.3838 
   00365    0.4124   -8406.7885  0.3862 
   00366    0.4220   -8433.8330  0.3884 
   00367    0.4252   -8410.4565  0.3863 
   00368    0.4100   -8444.3014  0.3757 
   00369    0.4292   -8449.4265  0.3778 
   00370    0.3968   -8483.3283  0.3724 
   00371    0.4000   -8486.8273  0.3759 
   00372    0.4096   -8508.2413  0.3803 
   00373    0.4184   -8531.0385  0.3778 
   00374    0.4252   -8513.3847  0.3771 
   00375    0.4116   -8481.9338  0.3754 
   00376    0.4292   -8497.2265  0.3775 
   00377    0.4064   -8474.2378  0.3812 
   00378    0.4276   -8492.3391  0.3794 
   00379    0.4116   -8475.2719  0.3806 
   00380    0.4116   -8476.2275  0.3786 
   00381    0.4084   -8466.3444  0.3782 
   00382    0.4096   -8434.6677  0.3830 
   00383    0.4260   -8407.9367  0.3850 
   00384    0.4280   -8393.7239  0.3895 
   00385    0.4164   -8433.3494  0.3923 
   00386    0.4120   -8435.7428  0.3907 
   00387    0.4136   -8392.4771  0.3927 
   00388    0.4252   -8429.2270  0.3939 
   00389    0.4076   -8437.0097  0.3917 
   00390    0.4104   -8476.2235  0.3934 
   00391    0.4196   -8502.2869  0.3908 
   00392    0.4172   -8510.5781  0.3979 
   00393    0.4128   -8512.0269  0.4011 
   00394    0.4284   -8508.3916  0.4047 
   00395    0.4156   -8495.0020  0.4073 
   00396    0.4116   -8516.6377  0.4021 
   00397    0.3960   -8532.4690  0.4029 
   00398    0.4276   -8522.3321  0.3958 
   00399    0.4236   -8473.5583  0.3960 
   00400    0.4192   -8490.2931  0.3928 
   00401    0.3976   -8462.7874  0.3932 
   00402    0.4244   -8457.1976  0.3909 
   00403    0.4056   -8477.1438  0.3901 
   00404    0.4164   -8511.8137  0.3868 
   00405    0.4064   -8491.4425  0.3905 
   00406    0.4136   -8516.5815  0.3851 
   00407    0.4072   -8509.6903  0.3795 
   00408    0.4028   -8462.6848  0.3771 
   00409    0.4076   -8460.7901  0.3760 
   00410    0.4020   -8484.1609  0.3786 
   00411    0.4076   -8447.6271  0.3834 
   00412    0.4220   -8410.2952  0.3936 
   00413    0.4124   -8442.7830  0.3980 
   00414    0.4120   -8444.8293  0.3991 
   00415    0.4048   -8450.1146  0.3943 
   00416    0.4052   -8495.6462  0.3992 
   00417    0.4132   -8492.3611  0.4028 
   00418    0.4256   -8454.2869  0.3982 
   00419    0.4164   -8511.9285  0.4032 
   00420    0.4316   -8476.6951  0.4058 
   00421    0.4064   -8434.5627  0.3987 
   00422    0.3976   -8461.1278  0.3933 
   00423    0.4120   -8446.1260  0.3988 
   00424    0.4164   -8460.5464  0.4036 
   00425    0.4148   -8448.8536  0.4060 
   00426    0.4152   -8486.1804  0.4122 
   00427    0.4028   -8526.2337  0.4076 
   00428    0.4172   -8511.5167  0.4068 
   00429    0.3984   -8473.8366  0.4015 
   00430    0.4020   -8497.4589  0.4023 
   00431    0.4120   -8487.4450  0.4013 
   00432    0.4152   -8522.2482  0.4039 
   00433    0.4124   -8504.1180  0.4061 
   00434    0.3976   -8502.1384  0.4009 
   00435    0.3976   -8452.1346  0.4106 
   00436    0.3976   -8421.3392  0.4048 
   00437    0.4184   -8422.5975  0.4027 
   00438    0.4072   -8455.3926  0.3962 
   00439    0.4056   -8450.6487  0.3959 
   00440    0.4152   -8433.3731  0.3923 
   00441    0.4268   -8410.4065  0.3941 
   00442    0.4136   -8389.1863  0.3966 
   00443    0.4172   -8385.1799  0.3968 
   00444    0.4280   -8403.3156  0.3965 
   00445    0.4080   -8418.1518  0.3992 
   00446    0.4236   -8470.8339  0.3970 
   00447    0.4376   -8511.1873  0.3964 
   00448    0.4108   -8483.2485  0.3904 
   00449    0.4160   -8493.3025  0.3901 
   00450    0.4288   -8447.5525  0.3900 
   00451    0.3988   -8488.3993  0.3978 
   00452    0.3936   -8518.0520  0.4030 
   00453    0.4332   -8553.0550  0.4044 
   00454    0.4076   -8557.7490  0.4046 
   00455    0.4068   -8527.0617  0.4014 
   00456    0.4040   -8486.7753  0.4059 
   00457    0.4012   -8492.5070  0.4069 
   00458    0.4148   -8463.2105  0.4090 
   00459    0.4372   -8470.5661  0.4114 
   00460    0.4184   -8493.3945  0.4073 
   00461    0.4048   -8458.3724  0.4056 
   00462    0.4204   -8514.8603  0.4029 
   00463    0.4028   -8513.0007  0.4029 
   00464    0.4112   -8502.3114  0.3980 
   00465    0.4040   -8519.5677  0.3997 
   00466    0.4048   -8571.6577  0.4002 
   00467    0.4180   -8500.2449  0.3968 
   00468    0.4008   -8459.9577  0.3957 
   00469    0.4276   -8449.9217  0.4014 
   00470    0.4364   -8463.1546  0.4021 
   00471    0.4116   -8505.7321  0.4031 
   00472    0.4264   -8473.5665  0.3981 
   00473    0.4112   -8477.6964  0.4033 
   00474    0.4008   -8456.7728  0.4048 
   00475    0.4224   -8467.6916  0.4047 
   00476    0.4044   -8422.6248  0.4047 
   00477    0.4108   -8436.8045  0.4056 
   00478    0.4184   -8485.4177  0.4085 
   00479    0.4128   -8478.1456  0.4126 
   00480    0.4084   -8467.9146  0.4125 
   00481    0.4000   -8451.3254  0.4143 
   00482    0.4072   -8481.8558  0.4162 
   00483    0.4008   -8461.3283  0.4171 
   00484    0.4200   -8459.4500  0.4204 
   00485    0.4136   -8462.2441  0.4248 
   00486    0.4108   -8487.6617  0.4220 
   00487    0.4184   -8524.3385  0.4269 
   00488    0.4152   -8463.3703  0.4289 
   00489    0.3984   -8488.3254  0.4291 
   00490    0.4200   -8519.1135  0.4251 
   00491    0.3888   -8534.5640  0.4223 
   00492    0.3936   -8562.6105  0.4232 
   00493    0.4168   -8581.9628  0.4271 
   00494    0.4236   -8556.5634  0.4350 
   00495    0.4164   -8519.3152  0.4354 
   00496    0.3980   -8479.3280  0.4323 
   00497    0.4128   -8477.9270  0.4282 
   00498    0.4028   -8440.8703  0.4293 
   00499    0.4252   -8443.0133  0.4297 
   00500    0.4348   -8459.7816  0.4277 
   00501    0.4404   -8387.5400  0.4315 
   00502    0.4144   -8383.5418  0.4360 
   00503    0.4140   -8446.0394  0.4356 
   00504    0.4172   -8434.1683  0.4281 
   00505    0.4300   -8459.3159  0.4282 
   00506    0.4092   -8457.7555  0.4286 
   00507    0.4412   -8487.2590  0.4290 
   00508    0.4156   -8488.6621  0.4312 
   00509    0.4076   -8496.8270  0.4375 
   00510    0.4032   -8518.9043  0.4382 
   00511    0.4052   -8511.7574  0.4360 
   00512    0.4068   -8471.9411  0.4387 
   00513    0.4132   -8472.3585  0.4455 
   00514    0.3948   -8482.6355  0.4471 
   00515    0.4040   -8493.0901  0.4462 
   00516    0.3952   -8472.1851  0.4371 
   00517    0.3968   -8464.0825  0.4408 
   00518    0.4152   -8468.9730  0.4419 
   00519    0.4180   -8436.3048  0.4416 
   00520    0.4208   -8454.5349  0.4386 
   00521    0.4280   -8457.1940  0.4396 
   00522    0.4012   -8465.7354  0.4399 
   00523    0.3780   -8479.3985  0.4397 
   00524    0.4016   -8470.2578  0.4366 
   00525    0.4044   -8533.6789  0.4436 
   00526    0.4224   -8487.3568  0.4443 
   00527    0.4052   -8487.5190  0.4457 
   00528    0.4140   -8477.9919  0.4485 
   00529    0.4020   -8505.7899  0.4484 
   00530    0.4200   -8468.7470  0.4476 
   00531    0.4180   -8449.8461  0.4492 
   00532    0.4240   -8474.8650  0.4458 
   00533    0.4140   -8442.5797  0.4527 
   00534    0.3896   -8482.1948  0.4502 
   00535    0.4072   -8450.3298  0.4541 
   00536    0.4096   -8425.4143  0.4468 
   00537    0.4116   -8469.5600  0.4469 
   00538    0.4056   -8541.7061  0.4525 
   00539    0.3844   -8532.8371  0.4555 
   00540    0.4068   -8530.3233  0.4579 
   00541    0.4064   -8548.8427  0.4605 
   00542    0.4256   -8515.4918  0.4644 
   00543    0.3872   -8525.1610  0.4604 
   00544    0.4072   -8530.0181  0.4625 
   00545    0.4100   -8522.0580  0.4595 
   00546    0.4092   -8489.7571  0.4629 
   00547    0.3884   -8499.4572  0.4556 
   00548    0.4104   -8511.3002  0.4613 
   00549    0.3968   -8511.8947  0.4628 
   00550    0.4188   -8502.4475  0.4618 
   00551    0.4148   -8515.6223  0.4585 
   00552    0.4152   -8548.8456  0.4549 
   00553    0.4112   -8532.7206  0.4549 
   00554    0.3988   -8554.5229  0.4481 
   00555    0.4128   -8590.4892  0.4521 
   00556    0.4000   -8567.7263  0.4499 
   00557    0.4112   -8530.8441  0.4533 
   00558    0.4080   -8528.0311  0.4550 
   00559    0.3960   -8521.1392  0.4528 
   00560    0.4064   -8509.1088  0.4536 
   00561    0.4104   -8516.0259  0.4555 
   00562    0.4224   -8521.0114  0.4559 
   00563    0.4092   -8509.2462  0.4574 
   00564    0.4144   -8518.1161  0.4631 
   00565    0.4176   -8529.4131  0.4563 
   00566    0.4072   -8518.0847  0.4542 
   00567    0.3992   -8469.8547  0.4537 
   00568    0.4112   -8506.0620  0.4586 
   00569    0.4164   -8441.8233  0.4625 
   00570    0.4060   -8489.9031  0.4717 
   00571    0.4228   -8505.3179  0.4734 
   00572    0.4224   -8482.6559  0.4722 
   00573    0.3980   -8487.0838  0.4750 
   00574    0.4092   -8519.3025  0.4803 
   00575    0.4400   -8490.6543  0.4835 
   00576    0.4216   -8483.8027  0.4746 
   00577    0.4216   -8469.5665  0.4744 
   00578    0.4156   -8477.2932  0.4786 
   00579    0.4272   -8460.4611  0.4764 
   00580    0.4300   -8422.2636  0.4737 
   00581    0.4212   -8434.9464  0.4768 
   00582    0.3968   -8470.6118  0.4851 
   00583    0.4080   -8466.8627  0.4895 
   00584    0.4236   -8490.6824  0.4855 
   00585    0.3956   -8458.1122  0.4845 
   00586    0.4092   -8442.5898  0.4792 
   00587    0.4216   -8458.3581  0.4782 
   00588    0.4020   -8445.7707  0.4824 
   00589    0.4052   -8434.0677  0.4807 
   00590    0.4176   -8444.7371  0.4802 
   00591    0.4180   -8436.8976  0.4819 
   00592    0.4056   -8498.0667  0.4857 
   00593    0.4160   -8466.2005  0.4903 
   00594    0.4136   -8440.0981  0.4853 
   00595    0.4180   -8423.3148  0.4895 
   00596    0.4276   -8413.0573  0.4891 
   00597    0.4332   -8458.5052  0.4898 
   00598    0.4336   -8382.7036  0.4909 
   00599    0.4340   -8448.4174  0.4966 
   00600    0.4084   -8440.9298  0.5043 
   00601    0.4120   -8395.7641  0.4978 
   00602    0.4092   -8406.6174  0.4968 
   00603    0.4156   -8459.1070  0.5057 
   00604    0.3836   -8453.9756  0.5082 
   00605    0.4112   -8511.3035  0.5102 
   00606    0.4040   -8520.7759  0.5094 
   00607    0.4164   -8482.5967  0.5076 
   00608    0.4176   -8464.0161  0.5059 
   00609    0.4248   -8440.6478  0.4989 
   00610    0.4100   -8389.8939  0.4966 
   00611    0.4148   -8408.1190  0.4962 
   00612    0.4156   -8444.4108  0.4967 
   00613    0.4108   -8448.0471  0.4980 
   00614    0.4328   -8459.5789  0.5003 
   00615    0.4120   -8521.9470  0.5080 
   00616    0.4152   -8511.3981  0.5161 
   00617    0.4080   -8480.2060  0.5124 
   00618    0.4180   -8502.0714  0.5185 
   00619    0.4096   -8548.1569  0.5180 
   00620    0.4072   -8532.7889  0.5162 
   00621    0.4192   -8532.5130  0.5093 
   00622    0.3964   -8471.0503  0.5027 
   00623    0.4088   -8476.3220  0.4986 
   00624    0.4120   -8499.6414  0.4927 
   00625    0.4128   -8471.0474  0.4925 
   00626    0.3972   -8519.2631  0.4988 
   00627    0.4164   -8507.6812  0.4916 
   00628    0.4128   -8491.8225  0.4884 
   00629    0.4204   -8487.1191  0.4933 
   00630    0.4204   -8501.3390  0.4940 
   00631    0.3924   -8503.1216  0.4943 
   00632    0.4044   -8508.4011  0.4904 
   00633    0.4192   -8518.9431  0.4924 
   00634    0.4064   -8515.4952  0.4960 
   00635    0.4052   -8508.1452  0.5027 
   00636    0.4276   -8566.0115  0.4988 
   00637    0.4116   -8523.3790  0.5014 
   00638    0.4212   -8552.3415  0.5036 
   00639    0.3884   -8549.5948  0.5039 
   00640    0.4108   -8578.3596  0.5061 
   00641    0.3888   -8567.0292  0.5011 
   00642    0.4288   -8527.7928  0.5052 
   00643    0.4168   -8540.3076  0.5052 
   00644    0.4108   -8535.4183  0.5104 
   00645    0.4164   -8512.6066  0.5089 
   00646    0.4180   -8499.7368  0.5109 
   00647    0.4176   -8462.6867  0.5037 
   00648    0.4068   -8496.4475  0.5001 
   00649    0.4348   -8524.2820  0.4979 
   00650    0.4016   -8502.6782  0.4903 
   00651    0.4136   -8467.4978  0.4850 
   00652    0.3936   -8465.0324  0.4803 
   00653    0.3968   -8444.9517  0.4787 
   00654    0.4180   -8458.1502  0.4698 
   00655    0.4100   -8476.2565  0.4713 
   00656    0.4172   -8475.7765  0.4712 
   00657    0.4240   -8478.4480  0.4733 
   00658    0.4124   -8497.2553  0.4714 
   00659    0.4100   -8522.8103  0.4717 
   00660    0.4084   -8519.6146  0.4752 
   00661    0.4012   -8507.6887  0.4708 
   00662    0.4092   -8537.6221  0.4769 
   00663    0.4104   -8517.6734  0.4798 
   00664    0.4116   -8522.6185  0.4758 
   00665    0.4372   -8526.5173  0.4749 
   00666    0.4180   -8541.4231  0.4719 
   00667    0.4188   -8562.0399  0.4690 
   00668    0.3924   -8523.3818  0.4719 
   00669    0.4100   -8467.7398  0.4704 
   00670    0.4216   -8517.5029  0.4732 
   00671    0.3948   -8502.5226  0.4716 
   00672    0.4284   -8471.4091  0.4708 
   00673    0.4124   -8424.1947  0.4726 
   00674    0.4380   -8418.1415  0.4758 
   00675    0.4212   -8427.8154  0.4765 
   00676    0.4164   -8418.6921  0.4762 
   00677    0.4092   -8433.7195  0.4749 
   00678    0.4276   -8474.4493  0.4811 
   00679    0.4196   -8504.2652  0.4813 
   00680    0.4016   -8491.5695  0.4801 
   00681    0.4084   -8481.4005  0.4789 
   00682    0.4156   -8431.7497  0.4739 
   00683    0.4176   -8435.8704  0.4707 
   00684    0.4128   -8440.8447  0.4687 
   00685    0.4052   -8412.9632  0.4697 
   00686    0.4288   -8440.5607  0.4707 
   00687    0.4100   -8488.8263  0.4645 
   00688    0.4128   -8491.5244  0.4646 
   00689    0.4112   -8472.2086  0.4648 
   00690    0.4132   -8479.7115  0.4713 
   00691    0.4080   -8454.5836  0.4747 
   00692    0.3920   -8459.5708  0.4709 
   00693    0.4064   -8456.5449  0.4707 
   00694    0.3856   -8471.0889  0.4689 
   00695    0.4172   -8473.9631  0.4743 
   00696    0.4144   -8534.5423  0.4784 
   00697    0.4220   -8507.1955  0.4759 
   00698    0.4064   -8521.6870  0.4732 
   00699    0.4132   -8550.0808  0.4672 
   00700    0.4076   -8542.8403  0.4684 
   00701    0.4180   -8476.1134  0.4729 
   00702    0.4252   -8488.8715  0.4682 
   00703    0.3980   -8448.3243  0.4675 
   00704    0.3948   -8468.6791  0.4675 
   00705    0.4060   -8478.0959  0.4674 
   00706    0.4188   -8497.1043  0.4648 
   00707    0.4044   -8503.0723  0.4682 
   00708    0.4168   -8484.9991  0.4714 
   00709    0.4108   -8492.1889  0.4717 
   00710    0.4160   -8490.1210  0.4687 
   00711    0.4064   -8519.4709  0.4701 
   00712    0.4248   -8520.2921  0.4705 
   00713    0.4088   -8522.1537  0.4746 
   00714    0.4272   -8509.3304  0.4704 
   00715    0.4028   -8528.0058  0.4683 
   00716    0.4040   -8535.5644  0.4699 
   00717    0.4216   -8511.9047  0.4680 
   00718    0.4116   -8510.8404  0.4666 
   00719    0.4144   -8517.7729  0.4670 
   00720    0.4072   -8503.7773  0.4715 
   00721    0.4120   -8516.2807  0.4660 
   00722    0.3968   -8471.7368  0.4628 
   00723    0.4132   -8492.1492  0.4590 
   00724    0.4148   -8511.1619  0.4654 
   00725    0.4144   -8507.8769  0.4654 
   00726    0.4040   -8475.7881  0.4621 
   00727    0.4100   -8459.2117  0.4665 
   00728    0.4084   -8435.8824  0.4655 
   00729    0.3944   -8458.4133  0.4659 
   00730    0.4140   -8504.6369  0.4747 
   00731    0.4072   -8510.6059  0.4697 
   00732    0.4048   -8523.2401  0.4723 
   00733    0.4112   -8549.4628  0.4683 
   00734    0.4252   -8477.7030  0.4632 
   00735    0.4244   -8469.9998  0.4605 
   00736    0.4056   -8486.5072  0.4661 
   00737    0.4156   -8490.2695  0.4637 
   00738    0.4080   -8442.7111  0.4649 
   00739    0.4116   -8455.2839  0.4698 
   00740    0.4056   -8459.6847  0.4714 
   00741    0.4212   -8434.2739  0.4723 
   00742    0.4260   -8437.4591  0.4698 
   00743    0.4212   -8407.3633  0.4639 
   00744    0.4208   -8445.8061  0.4666 
   00745    0.4164   -8482.5470  0.4717 
   00746    0.4080   -8487.2967  0.4725 
   00747    0.4184   -8474.3160  0.4691 
   00748    0.4068   -8477.3098  0.4649 
   00749    0.4120   -8519.9289  0.4719 
   00750    0.4100   -8466.8402  0.4786 
   00751    0.4076   -8487.5377  0.4831 
   00752    0.4080   -8463.2596  0.4788 
   00753    0.4188   -8430.7958  0.4748 
   00754    0.4192   -8464.3736  0.4743 
   00755    0.3988   -8455.1589  0.4794 
   00756    0.4040   -8416.5285  0.4842 
   00757    0.4160   -8414.0435  0.4910 
   00758    0.4180   -8410.2669  0.4814 
   00759    0.4076   -8386.8408  0.4871 
   00760    0.4332   -8382.2107  0.4861 
   00761    0.4048   -8421.4993  0.4914 
   00762    0.4128   -8422.8841  0.4877 
   00763    0.4252   -8421.5823  0.4834 
   00764    0.4060   -8411.3215  0.4813 
   00765    0.4152   -8448.9559  0.4848 
   00766    0.3956   -8461.6177  0.4914 
   00767    0.4104   -8503.2068  0.4969 
   00768    0.4020   -8454.1972  0.4959 
   00769    0.4128   -8508.7728  0.5029 
   00770    0.4020   -8518.8225  0.5087 
   00771    0.4244   -8494.6199  0.5033 
   00772    0.3924   -8521.0017  0.5007 
   00773    0.4056   -8544.6326  0.5034 
   00774    0.4220   -8580.3567  0.4999 
   00775    0.4176   -8520.4772  0.5003 
   00776    0.4040   -8470.3790  0.4995 
   00777    0.4272   -8470.8688  0.5002 
   00778    0.4016   -8460.7976  0.5092 
   00779    0.4160   -8440.7009  0.5089 
   00780    0.4280   -8463.2624  0.5078 
   00781    0.4132   -8472.0538  0.4982 
   00782    0.4284   -8482.8061  0.5009 
   00783    0.4228   -8507.3830  0.5044 
   00784    0.4072   -8517.0691  0.5004 
   00785    0.4060   -8517.2745  0.5041 
   00786    0.4060   -8505.1904  0.5104 
   00787    0.4012   -8480.1312  0.5164 
   00788    0.4116   -8489.7121  0.5147 
   00789    0.4140   -8460.6130  0.5155 
   00790    0.4312   -8437.0192  0.5083 
   00791    0.4048   -8480.4630  0.5100 
   00792    0.3980   -8500.7468  0.5147 
   00793    0.4208   -8493.6017  0.5172 
   00794    0.4108   -8445.0198  0.5176 
   00795    0.4064   -8460.5237  0.5184 
   00796    0.4164   -8421.5923  0.5126 
   00797    0.4352   -8415.7468  0.5133 
   00798    0.4168   -8425.6163  0.5067 
   00799    0.4080   -8435.8808  0.5041 
   00800    0.4180   -8477.4877  0.5064 
   00801    0.4144   -8461.0081  0.5102 
   00802    0.4104   -8480.7867  0.5036 
   00803    0.4016   -8476.1143  0.5005 
   00804    0.4076   -8507.5867  0.4998 
   00805    0.4228   -8457.3591  0.5058 
   00806    0.4028   -8484.9448  0.5054 
   00807    0.4144   -8483.9078  0.5080 
   00808    0.4136   -8490.2654  0.5085 
   00809    0.4280   -8465.5698  0.5105 
   00810    0.3988   -8495.8342  0.5124 
   00811    0.4104   -8468.4708  0.5209 
   00812    0.4168   -8521.7598  0.5255 
   00813    0.4224   -8524.5315  0.5233 
   00814    0.3932   -8611.9026  0.5295 
   00815    0.3980   -8576.7710  0.5313 
   00816    0.4092   -8543.3017  0.5356 
   00817    0.3992   -8514.0340  0.5369 
   00818    0.3972   -8508.0722  0.5326 
   00819    0.4124   -8538.7535  0.5321 
   00820    0.4228   -8506.5935  0.5230 
   00821    0.3992   -8503.8525  0.5180 
   00822    0.4032   -8483.1537  0.5199 
   00823    0.3996   -8481.7391  0.5237 
   00824    0.4120   -8484.7621  0.5181 
   00825    0.4164   -8476.7565  0.5183 
   00826    0.3980   -8499.9772  0.5286 
   00827    0.4072   -8498.0997  0.5240 
   00828    0.4224   -8474.9333  0.5261 
   00829    0.4176   -8538.7340  0.5357 
   00830    0.4128   -8555.9204  0.5338 
   00831    0.4120   -8537.8481  0.5295 
   00832    0.4176   -8532.5571  0.5274 
   00833    0.3948   -8537.3196  0.5260 
   00834    0.4108   -8528.2735  0.5233 
   00835    0.3992   -8510.6421  0.5243 
   00836    0.4124   -8526.3993  0.5247 
   00837    0.4032   -8528.7366  0.5243 
   00838    0.4212   -8534.3183  0.5176 
   00839    0.4048   -8516.8134  0.5138 
   00840    0.4196   -8492.0917  0.5154 
   00841    0.4104   -8510.8249  0.5142 
   00842    0.4164   -8547.0344  0.5164 
   00843    0.4168   -8543.7467  0.5216 
   00844    0.4068   -8566.6427  0.5242 
   00845    0.4040   -8565.0857  0.5246 
   00846    0.4124   -8508.5683  0.5202 
   00847    0.4016   -8513.6849  0.5219 
   00848    0.4016   -8516.1592  0.5175 
   00849    0.4192   -8509.9881  0.5200 
   00850    0.4220   -8534.7818  0.5252 
   00851    0.3952   -8559.8938  0.5295 
   00852    0.4180   -8561.4157  0.5340 
   00853    0.3984   -8513.4828  0.5387 
   00854    0.4204   -8521.5613  0.5383 
   00855    0.4340   -8530.9051  0.5366 
   00856    0.4220   -8527.1715  0.5371 
   00857    0.4032   -8513.9043  0.5303 
   00858    0.4032   -8545.8207  0.5327 
   00859    0.4080   -8554.0978  0.5305 
   00860    0.4292   -8593.6607  0.5348 
   00861    0.4116   -8583.5195  0.5334 
   00862    0.4156   -8599.7002  0.5309 
   00863    0.4172   -8595.7654  0.5320 
   00864    0.4220   -8515.3069  0.5316 
   00865    0.4136   -8529.0280  0.5332 
   00866    0.4164   -8517.3322  0.5358 
   00867    0.4036   -8454.7412  0.5322 
   00868    0.4048   -8469.7615  0.5402 
   00869    0.4008   -8475.2103  0.5396 
   00870    0.4044   -8514.4566  0.5406 
   00871    0.4136   -8492.2185  0.5447 
   00872    0.4112   -8508.4073  0.5543 
   00873    0.4356   -8537.7963  0.5577 
   00874    0.4048   -8527.9343  0.5587 
   00875    0.4016   -8570.3411  0.5608 
   00876    0.3960   -8552.9854  0.5670 
   00877    0.3996   -8540.6971  0.5721 
   00878    0.4080   -8562.3488  0.5685 
   00879    0.4220   -8559.2399  0.5728 
   00880    0.4076   -8558.9625  0.5763 
   00881    0.4144   -8554.2332  0.5757 
   00882    0.4032   -8554.5995  0.5802 
   00883    0.4132   -8533.0932  0.5795 
   00884    0.4192   -8549.2250  0.5778 
   00885    0.4060   -8530.1072  0.5732 
   00886    0.4128   -8490.1566  0.5752 
   00887    0.4076   -8508.6232  0.5826 
   00888    0.4004   -8506.5339  0.5832 
   00889    0.4160   -8532.4007  0.5805 
   00890    0.4196   -8495.0295  0.5854 
   00891    0.4200   -8496.0395  0.5856 
   00892    0.4072   -8436.5895  0.5810 
   00893    0.4052   -8469.3459  0.5778 
   00894    0.3920   -8486.6168  0.5786 
   00895    0.4324   -8466.7245  0.5775 
   00896    0.3984   -8513.9252  0.5789 
   00897    0.4084   -8484.7417  0.5797 
   00898    0.4332   -8492.7252  0.5802 
   00899    0.4136   -8494.5280  0.5846 
   00900    0.4076   -8521.3094  0.5854 
   00901    0.4056   -8499.9326  0.5822 
   00902    0.4172   -8509.8420  0.5836 
   00903    0.4120   -8496.5489  0.5881 
   00904    0.4296   -8504.9674  0.5913 
   00905    0.4236   -8484.2798  0.5899 
   00906    0.4108   -8481.6040  0.5892 
   00907    0.4252   -8527.0598  0.5946 
   00908    0.4220   -8500.7460  0.5944 
   00909    0.4064   -8508.9125  0.6030 
   00910    0.3876   -8516.6465  0.6058 
   00911    0.4108   -8525.7838  0.6099 
   00912    0.4160   -8475.5695  0.6032 
   00913    0.4220   -8439.3613  0.5987 
   00914    0.4004   -8484.6902  0.6065 
   00915    0.4124   -8470.4341  0.6009 
   00916    0.3880   -8471.8027  0.5989 
   00917    0.4276   -8533.0589  0.6031 
   00918    0.4132   -8560.7811  0.6061 
   00919    0.4120   -8519.8781  0.6029 
   00920    0.4036   -8531.3954  0.5995 
   00921    0.4244   -8504.2752  0.5969 
   00922    0.4252   -8505.4454  0.5921 
   00923    0.4072   -8492.7638  0.5852 
   00924    0.4020   -8476.2593  0.5864 
   00925    0.4140   -8468.9297  0.5911 
   00926    0.4020   -8471.3612  0.5899 
   00927    0.4088   -8482.1407  0.5899 
   00928    0.3988   -8498.2037  0.5886 
   00929    0.4284   -8463.1152  0.5865 
   00930    0.4296   -8527.7712  0.5977 
   00931    0.4220   -8520.1971  0.6023 
   00932    0.4096   -8521.0698  0.5990 
   00933    0.4096   -8516.1456  0.5985 
   00934    0.4292   -8521.8694  0.5984 
   00935    0.4240   -8557.8395  0.5999 
   00936    0.4152   -8580.2266  0.5987 
   00937    0.4004   -8597.7146  0.5991 
   00938    0.4080   -8596.9829  0.5959 
   00939    0.3948   -8589.5792  0.5993 
   00940    0.3856   -8572.3048  0.6000 
   00941    0.4092   -8556.9804  0.6007 
   00942    0.4012   -8608.6000  0.6037 
   00943    0.4152   -8560.7836  0.5985 
   00944    0.4156   -8540.9472  0.5992 
   00945    0.4108   -8545.2407  0.5933 
   00946    0.4052   -8557.2032  0.5966 
   00947    0.3980   -8527.6783  0.5997 
   00948    0.4100   -8546.2895  0.5969 
   00949    0.4100   -8549.4634  0.6021 
   00950    0.4096   -8563.7392  0.6061 
   00951    0.4176   -8576.0727  0.6079 
   00952    0.4076   -8577.8229  0.6057 
   00953    0.4020   -8569.8634  0.6130 
   00954    0.4108   -8545.4615  0.6100 
   00955    0.3980   -8529.7849  0.6062 
   00956    0.4140   -8556.1949  0.6055 
   00957    0.4168   -8514.3717  0.6057 
   00958    0.4056   -8499.5339  0.6033 
   00959    0.4152   -8514.1146  0.6017 
   00960    0.3976   -8546.1967  0.6090 
   00961    0.4264   -8570.2020  0.6055 
   00962    0.4252   -8566.0810  0.6007 
   00963    0.4000   -8553.5554  0.5997 
   00964    0.4028   -8545.4204  0.6003 
   00965    0.4072   -8550.8827  0.6042 
   00966    0.4092   -8506.1536  0.6030 
   00967    0.4320   -8497.6167  0.6050 
   00968    0.4224   -8507.0403  0.6026 
   00969    0.4144   -8502.2849  0.6048 
   00970    0.3868   -8529.9644  0.6119 
   00971    0.4180   -8498.1469  0.6105 
   00972    0.4140   -8552.4205  0.6135 
   00973    0.4060   -8577.5509  0.6097 
   00974    0.4052   -8587.8270  0.6194 
   00975    0.4148   -8593.6251  0.6227 
   00976    0.4112   -8552.0196  0.6199 
   00977    0.4128   -8568.7223  0.6224 
   00978    0.4196   -8573.0859  0.6272 
   00979    0.3980   -8567.4679  0.6251 
   00980    0.3960   -8576.5419  0.6225 
   00981    0.4096   -8561.5619  0.6280 
   00982    0.4040   -8570.6187  0.6294 
   00983    0.4020   -8593.4004  0.6323 
   00984    0.4104   -8592.5580  0.6381 
   00985    0.4080   -8557.4736  0.6350 
   00986    0.4108   -8514.8357  0.6375 
   00987    0.4164   -8497.0908  0.6350 
   00988    0.4020   -8486.0016  0.6306 
   00989    0.4056   -8493.7991  0.6312 
   00990    0.4172   -8540.9388  0.6313 
   00991    0.4260   -8523.3307  0.6299 
   00992    0.4184   -8516.5167  0.6313 
   00993    0.4072   -8535.5279  0.6352 
   00994    0.4260   -8558.6951  0.6364 
   00995    0.4096   -8546.3986  0.6361 
   00996    0.4224   -8576.1771  0.6447 
   00997    0.4212   -8561.9203  0.6412 
   00998    0.3928   -8507.2481  0.6424 
   00999    0.3976   -8517.6716  0.6428 
   01000    0.4052   -8536.5238  0.6428 
