#=====================================================
# File created:        Wed-29-Oct-2025-at-10-18-08PM
# Size of lattice:     50x50
# Number of MC steps:  1000
# Reduced temperature: 0.500
# Run time (s):        32.681253
#=====================================================
# MC step:  Ratio:     Energy:   Order:
#=====================================================
   00000    0.5000   -2421.9442  0.2706 
   00001    0.6976   -3710.1311  0.2686 
   00002    0.6096   -4472.9745  0.2561 
   00003    0.5872   -4979.0495  0.2534 
   00004    0.5764   -5441.1147  0.2647 
   00005    0.5292   -5788.7156  0.2663 
   00006    0.5380   -6054.2521  0.2661 
   00007    0.5100   -6291.1799  0.2710 
   00008    0.5112   -6497.1043  0.2677 
   00009    0.5032   -6657.6095  0.2638 
   00010    0.4688   -6850.6837  0.2622 
   00011    0.4780   -6951.0070  0.2583 
   00012    0.4684   -7031.0049  0.2627 
   00013    0.4444   -7175.3073  0.2644 
   00014    0.4772   -7202.1763  0.2698 
   00015    0.4780   -7245.1112  0.2642 
   00016    0.4868   -7366.0674  0.2610 
   00017    0.4536   -7436.1802  0.2662 
   00018    0.4584   -7464.5924  0.2706 
   00019    0.4564   -7559.9978  0.2763 
   00020    0.4540   -7652.4190  0.2751 
   00021    0.4344   -7731.7342  0.2683 
   00022    0.4560   -7753.2206  0.2723 
   00023    0.4288   -7731.3939  0.2693 
   00024    0.4388   -7836.3118  0.2694 
   00025    0.4348   -7868.0358  0.2660 
   00026    0.4472   -7924.1615  0.2658 
   00027    0.4180   -7936.7716  0.2681 
   00028    0.4184   -7973.5121  0.2721 
   00029    0.4188   -7990.8089  0.2713 
   00030    0.4292   -7990.3244  0.2691 
   00031    0.4336   -7993.0329  0.2651 
   00032    0.4252   -7962.0039  0.2683 
   00033    0.4316   -7987.6101  0.2731 
   00034    0.4244   -7989.5709  0.2715 
   00035    0.4380   -7994.7340  0.2829 
   00036    0.4176   -8048.2679  0.2826 
   00037    0.4200   -8117.6120  0.2819 
   00038    0.4144   -8055.6681  0.2829 
   00039    0.4204   -8020.5341  0.2902 
   00040    0.4300   -8087.9992  0.2938 
   00041    0.4396   -8107.7825  0.2972 
   00042    0.4268   -8057.6811  0.2909 
   00043    0.4328   -8039.3924  0.2835 
   00044    0.4304   -8030.4989  0.2829 
   00045    0.4256   -8002.6753  0.2805 
   00046    0.4248   -8005.9930  0.2841 
   00047    0.4344   -8080.3801  0.2867 
   00048    0.4436   -8060.2520  0.2892 
   00049    0.4272   -8094.8148  0.2901 
   00050    0.4232   -8157.0644  0.2809 
   00051    0.4324   -8127.3630  0.2714 
   00052    0.4312   -8127.6429  0.2743 
   00053    0.4144   -8148.8076  0.2718 
   00054    0.4328   -8170.6170  0.2705 
   00055    0.4152   -8181.4484  0.2687 
   00056    0.4364   -8201.5829  0.2751 
   00057    0.4156   -8232.4824  0.2739 
   00058    0.4344   -8212.0888  0.2749 
   00059    0.4136   -8215.5128  0.2710 
   00060    0.4248   -8210.7369  0.2777 
   00061    0.4184   -8197.1828  0.2739 
   00062    0.4368   -8192.8221  0.2716 
   00063    0.4228   -8156.1491  0.2753 
   00064    0.4372   -8222.3574  0.2745 
   00065    0.4304   -8193.6150  0.2728 
   00066    0.4212   -8170.5552  0.2713 
   00067    0.4084   -8170.6234  0.2713 
   00068    0.4164   -8196.5392  0.2776 
   00069    0.4060   -8188.3825  0.2920 
   00070    0.4076   -8144.2565  0.2945 
   00071    0.4204   -8190.8590  0.2956 
   00072    0.4400   -8171.4329  0.2983 
   00073    0.4232   -8148.9170  0.2920 
   00074    0.4176   -8098.1141  0.2914 
   00075    0.4200   -8131.4176  0.2963 
   00076    0.4124   -8189.1300  0.2995 
   00077    0.4300   -8134.4994  0.3005 
   00078    0.4104   -8149.7811  0.3019 
   00079    0.4308   -8171.8969  0.2978 
   00080    0.4132   -8147.6722  0.3008 
   00081    0.4124   -8176.9959  0.2984 
   00082    0.4280   -8161.7848  0.3040 
   00083    0.4428   -8149.4264  0.3089 
   00084    0.4336   -8216.6661  0.3088 
   00085    0.4088   -8235.0126  0.3140 
   00086    0.4128   -8236.6926  0.3119 
   00087    0.4164   -8203.5154  0.3089 
   00088    0.4184   -8240.2970  0.3024 
   00089    0.4164   -8267.0928  0.3021 
   00090    0.4232   -8242.3630  0.3021 
   00091    0.4232   -8260.5441  0.3028 
   00092    0.4444   -8270.5600  0.3062 
   00093    0.4324   -8218.9147  0.3101 
   00094    0.4172   -8242.8487  0.3184 
   00095    0.4192   -8247.1753  0.3225 
   00096    0.4248   -8257.2482  0.3256 
   00097    0.4092   -8283.8577  0.3222 
   00098    0.4260   -8329.1212  0.3182 
   00099    0.4084   -8336.5801  0.3224 
   00100    0.4180   -8351.4499  0.3233 
   00101    0.3964   -8368.6752  0.3337 
   00102    0.4100   -8366.2475  0.3322 
   00103    0.4204   -8338.5813  0.3333 
   00104    0.4236   -8345.3762  0.3357 
   00105    0.4164   -8392.0565  0.3400 
   00106    0.4024   -8373.5781  0.3399 
   00107    0.4128   -8326.4727  0.3427 
   00108    0.4108   -8356.4697  0.3384 
   00109    0.4184   -8339.5728  0.3345 
   00110    0.4328   -8329.7047  0.3401 
   00111    0.4332   -8321.8918  0.3428 
   00112    0.4264   -8327.6620  0.3475 
   00113    0.4360   -8277.5638  0.3538 
   00114    0.4132   -8275.5117  0.3582 
   00115    0.4356   -8263.7968  0.3526 
   00116    0.4152   -8298.0735  0.3524 
   00117    0.4120   -8321.0967  0.3533 
   00118    0.4056   -8339.6872  0.3494 
   00119    0.4216   -8336.6917  0.3484 
   00120    0.4136   -8332.1408  0.3549 
   00121    0.4208   -8317.4052  0.3545 
   00122    0.4316   -8340.1590  0.3584 
   00123    0.4272   -8351.5645  0.3649 
   00124    0.4052   -8399.9528  0.3646 
   00125    0.4192   -8356.8192  0.3637 
   00126    0.4188   -8377.4878  0.3604 
   00127    0.4136   -8348.3914  0.3694 
   00128    0.4028   -8334.8558  0.3650 
   00129    0.4160   -8352.9510  0.3669 
   00130    0.4056   -8376.7741  0.3700 
   00131    0.4084   -8380.1965  0.3698 
   00132    0.4208   -8391.0684  0.3736 
   00133    0.4092   -8389.6770  0.3752 
   00134    0.4096   -8419.6315  0.3770 
   00135    0.4084   -8419.0413  0.3831 
   00136    0.4232   -8391.8682  0.3871 
   00137    0.3952   -8369.2697  0.3938 
   00138    0.4332   -8352.5690  0.3919 
   00139    0.4424   -8318.8052  0.3944 
   00140    0.4120   -8339.5854  0.3913 
   00141    0.4088   -8404.0687  0.3922 
   00142    0.3924   -8410.0135  0.3953 
   00143    0.4304   -8424.1027  0.3936 
   00144    0.4052   -8401.5035  0.3854 
   00145    0.4128   -8384.4324  0.3904 
   00146    0.4216   -8401.2537  0.3921 
   00147    0.4316   -8394.5469  0.3928 
   00148    0.4156   -8370.3061  0.3911 
   00149    0.4068   -8381.0510  0.3926 
   00150    0.4280   -8398.6274  0.3993 
   00151    0.4096   -8401.6121  0.4044 
   00152    0.4192   -8400.8668  0.4019 
   00153    0.4144   -8422.1506  0.4096 
   00154    0.4040   -8432.0399  0.4123 
   00155    0.4184   -8414.2994  0.4132 
   00156    0.4108   -8427.2144  0.4144 
   00157    0.4204   -8438.3222  0.4138 
   00158    0.4152   -8397.5021  0.4188 
   00159    0.4040   -8408.4178  0.4196 
   00160    0.4116   -8406.1055  0.4175 
   00161    0.4116   -8389.3518  0.4210 
   00162    0.4260   -8404.0913  0.4228 
   00163    0.4244   -8464.5341  0.4189 
   00164    0.4064   -8430.2854  0.4083 
   00165    0.4156   -8422.7422  0.4073 
   00166    0.4220   -8410.8103  0.4109 
   00167    0.4232   -8413.0030  0.4094 
   00168    0.4248   -8397.1609  0.4114 
   00169    0.4172   -8457.9446  0.4072 
   00170    0.4164   -8471.6449  0.4102 
   00171    0.4220   -8417.9420  0.4078 
   00172    0.4384   -8416.2543  0.4147 
   00173    0.3960   -8421.2612  0.4092 
   00174    0.3972   -8403.8133  0.4003 
   00175    0.4236   -8406.7043  0.3999 
   00176    0.4248   -8396.3836  0.3944 
   00177    0.4392   -8395.8187  0.3950 
   00178    0.4264   -8377.3296  0.3987 
   00179    0.4308   -8427.8771  0.3958 
   00180    0.4036   -8460.7840  0.3914 
   00181    0.4268   -8432.1100  0.3925 
   00182    0.4200   -8446.7552  0.3955 
   00183    0.4320   -8443.2264  0.3979 
   00184    0.4228   -8478.9460  0.4002 
   00185    0.4160   -8496.0332  0.4003 
   00186    0.4116   -8489.1021  0.3968 
   00187    0.3968   -8494.5447  0.3984 
   00188    0.4196   -8510.1001  0.4059 
   00189    0.4148   -8451.9860  0.4071 
   00190    0.4136   -8442.4498  0.4080 
   00191    0.4168   -8488.4806  0.4086 
   00192    0.4200   -8478.5928  0.4093 
   00193    0.4108   -8457.2020  0.4096 
   00194    0.4100   -8434.1349  0.4168 
   00195    0.4160   -8421.2006  0.4110 
   00196    0.3888   -8462.1187  0.4089 
   00197    0.4108   -8531.7271  0.4044 
   00198    0.4096   -8479.6629  0.4023 
   00199    0.4216   -8461.5040  0.4048 
   00200    0.4264   -8462.3199  0.4101 
   00201    0.4076   -8468.1584  0.4073 
   00202    0.4028   -8426.6643  0.4032 
   00203    0.4140   -8430.3832  0.4077 
   00204    0.3988   -8424.0286  0.4029 
   00205    0.4076   -8369.8598  0.4012 
   00206    0.4188   -8370.4500  0.4051 
   00207    0.3988   -8397.1008  0.4102 
   00208    0.4156   -8402.7495  0.4108 
   00209    0.4168   -8418.0732  0.4050 
   00210    0.4344   -8437.6255  0.4030 
   00211    0.4140   -8429.4439  0.4037 
   00212    0.4068   -8431.3822  0.4033 
   00213    0.3876   -8432.9014  0.4098 
   00214    0.4104   -8422.2237  0.4101 
   00215    0.4000   -8391.7459  0.4106 
   00216    0.4140   -8417.6859  0.4089 
   00217    0.4364   -8404.2995  0.4128 
   00218    0.4400   -8412.5689  0.4129 
   00219    0.4188   -8417.5333  0.4122 
   00220    0.4360   -8460.7991  0.4045 
   00221    0.4072   -8412.8432  0.3994 
   00222    0.4204   -8411.5611  0.4036 
   00223    0.4164   -8412.3200  0.3975 
   00224    0.4396   -8442.9342  0.3962 
   00225    0.3932   -8457.9780  0.3903 
   00226    0.3984   -8428.2230  0.3903 
   00227    0.4208   -8416.0883  0.3921 
   00228    0.4248   -8381.1255  0.3902 
   00229    0.4076   -8428.4929  0.3857 
   00230    0.4056   -8406.7630  0.3891 
   00231    0.4144   -8361.4224  0.3875 
   00232    0.4164   -8369.4253  0.3873 
   00233    0.4096   -8378.7000  0.3868 
   00234    0.4124   -8351.2006  0.3958 
   00235    0.4312   -8373.5127  0.3987 
   00236    0.4244   -8378.9019  0.3966 
   00237    0.4016   -8412.6396  0.3969 
   00238    0.4108   -8428.3288  0.3986 
   00239    0.4196   -8381.4601  0.3949 
   00240    0.4200   -8413.0215  0.4002 
   00241    0.4268   -8421.3577  0.4061 
   00242    0.4132   -8413.7413  0.3983 
   00243    0.4236   -8380.9037  0.4006 
   00244    0.4096   -8382.5239  0.4045 
   00245    0.4080   -8412.1004  0.4012 
   00246    0.4176   -8435.4030  0.4042 
   00247    0.4256   -8448.3390  0.4056 
   00248    0.4084   -8436.5037  0.4035 
   00249    0.4196   -8429.5264  0.4102 
   00250    0.4132   -8439.5154  0.4080 
   00251    0.4192   -8428.3563  0.4164 
   00252    0.4264   -8407.3604  0.4174 
   00253    0.4228   -8428.3987  0.4136 
   00254    0.4076   -8397.0339  0.4147 
   00255    0.4280   -8405.5373  0.4187 
   00256    0.4120   -8389.2156  0.4207 
   00257    0.4244   -8372.0474  0.4306 
   00258    0.4260   -8430.1109  0.4356 
   00259    0.4148   -8432.4257  0.4366 
   00260    0.4236   -8422.0887  0.4397 
   00261    0.4156   -8460.4758  0.4379 
   00262    0.3936   -8481.4033  0.4375 
   00263    0.4064   -8506.9944  0.4303 
   00264    0.3940   -8500.6644  0.4300 
   00265    0.4076   -8432.4457  0.4301 
   00266    0.4120   -8460.0425  0.4334 
   00267    0.4116   -8445.9597  0.4275 
   00268    0.4196   -8434.1141  0.4308 
   00269    0.4048   -8429.3051  0.4274 
   00270    0.4276   -8431.4459  0.4291 
   00271    0.4156   -8435.8736  0.4243 
   00272    0.4300   -8457.7252  0.4218 
   00273    0.4064   -8426.3708  0.4206 
   00274    0.4044   -8432.6046  0.4150 
   00275    0.4360   -8374.1726  0.4139 
   00276    0.4304   -8400.3656  0.4076 
   00277    0.4060   -8432.9233  0.4101 
   00278    0.4076   -8408.8159  0.4140 
   00279    0.4044   -8410.5323  0.4143 
   00280    0.4120   -8374.8890  0.4089 
   00281    0.4204   -8396.7238  0.4125 
   00282    0.4132   -8421.7695  0.4147 
   00283    0.4132   -8408.2998  0.4115 
   00284    0.4212   -8381.5250  0.4087 
   00285    0.4080   -8343.9274  0.4101 
   00286    0.4272   -8353.9602  0.4149 
   00287    0.4228   -8350.7960  0.4195 
   00288    0.4176   -8379.2118  0.4141 
   00289    0.4320   -8442.6725  0.4211 
   00290    0.4096   -8431.9669  0.4251 
   00291    0.4112   -8417.2547  0.4218 
   00292    0.4208   -8431.8889  0.4238 
   00293    0.4016   -8424.6959  0.4185 
   00294    0.4212   -8387.4053  0.4141 
   00295    0.4252   -8415.5445  0.4134 
   00296    0.4108   -8463.9811  0.4115 
   00297    0.4172   -8432.1702  0.4152 
   00298    0.4244   -8457.2585  0.4175 
   00299    0.4188   -8426.6422  0.4227 
   00300    0.4248   -8421.4564  0.4283 
   00301    0.4256   -8444.7675  0.4344 
   00302    0.3968   -8489.9408  0.4346 
   00303    0.3960   -8483.3249  0.4335 
   00304    0.4032   -8476.4713  0.4444 
   00305    0.4200   -8426.7922  0.4439 
   00306    0.4288   -8415.2322  0.4492 
   00307    0.3988   -8441.3910  0.4434 
   00308    0.3964   -8445.0453  0.4412 
   00309    0.4032   -8461.4048  0.4435 
   00310    0.4148   -8449.9596  0.4438 
   00311    0.4144   -8486.0119  0.4493 
   00312    0.4164   -8515.3725  0.4499 
   00313    0.4140   -8488.6578  0.4479 
   00314    0.4228   -8481.9578  0.4529 
   00315    0.4092   -8476.3176  0.4545 
   00316    0.4176   -8527.4398  0.4552 
   00317    0.4072   -8482.0511  0.4597 
   00318    0.4120   -8422.8564  0.4542 
   00319    0.3892   -8431.8159  0.4562 
   00320    0.4020   -8435.0247  0.4570 
   00321    0.4048   -8488.8507  0.4527 
   00322    0.3936   -8505.2969  0.4485 
   00323    0.4308   -8528.2963  0.4517 
   00324    0.4020   -8464.2569  0.4468 
   00325    0.4116   -8451.6402  0.4490 
   00326    0.4408   -8442.8951  0.4512 
   00327    0.4060   -8445.9394  0.4522 
   00328    0.4124   -8437.6109  0.4562 
   00329    0.4256   -8429.4422  0.4456 
   00330    0.4164   -8415.3590  0.4455 
   00331    0.4060   -8464.7552  0.4498 
   00332    0.4248   -8459.6204  0.4478 
   00333    0.3972   -8439.8695  0.4442 
   00334    0.4196   -8491.0520  0.4369 
   00335    0.4100   -8443.7338  0.4404 
   00336    0.4048   -8447.9846  0.4368 
   00337    0.4072   -8475.2875  0.4415 
   00338    0.4188   -8431.1647  0.4473 
   00339    0.4176   -8453.9258  0.4553 
   00340    0.4196   -8454.8669  0.4533 
   00341    0.4388   -8467.1068  0.4534 
   00342    0.4192   -8472.9161  0.4506 
   00343    0.4292   -8442.3199  0.4504 
   00344    0.4208   -8442.0825  0.4495 
   00345    0.4088   -8467.1197  0.4544 
   00346    0.3968   -8488.9340  0.4562 
   00347    0.4036   -8542.7644  0.4579 
   00348    0.4176   -8544.1835  0.4589 
   00349    0.4056   -8574.5871  0.4637 
   00350    0.4020   -8564.0282  0.4671 
   00351    0.4044   -8535.6663  0.4649 
   00352    0.4176   -8535.6344  0.4687 
   00353    0.4168   -8568.7040  0.4759 
   00354    0.4196   -8578.1862  0.4737 
   00355    0.4012   -8561.2638  0.4736 
   00356    0.4092   -8503.4819  0.4751 
   00357    0.4196   -8478.6283  0.4719 
   00358    0.4196   -8468.2296  0.4693 
   00359    0.4152   -8525.8811  0.4655 
   00360    0.4084   -8518.4816  0.4587 
   00361    0.4272   -8528.6444  0.4597 
   00362    0.4116   -8532.9573  0.4535 
   00363    0.4136   -8555.2252  0.4552 
   00364    0.4204   -8515.1630  0.4588 
   00365    0.4076   -8513.4470  0.4611 
   00366    0.4236   -8524.9075  0.4648 
   00367    0.4108   -8511.6100  0.4617 
   00368    0.4012   -8569.4491  0.4706 
   00369    0.4156   -8544.2842  0.4779 
   00370    0.4176   -8547.1853  0.4761 
   00371    0.4120   -8525.3423  0.4827 
   00372    0.4188   -8541.7959  0.4811 
   00373    0.3980   -8518.8272  0.4797 
   00374    0.3984   -8533.8501  0.4738 
   00375    0.4204   -8551.1641  0.4753 
   00376    0.4084   -8542.4431  0.4750 
   00377    0.4064   -8560.0988  0.4826 
   00378    0.4232   -8490.4544  0.4773 
   00379    0.3972   -8498.8965  0.4849 
   00380    0.4064   -8488.2066  0.4881 
   00381    0.4236   -8490.9442  0.4871 
   00382    0.4096   -8506.3574  0.4865 
   00383    0.4088   -8528.2282  0.4920 
   00384    0.4168   -8498.5208  0.4906 
   00385    0.4220   -8572.5399  0.4894 
   00386    0.4156   -8568.6436  0.4873 
   00387    0.4068   -8588.5881  0.4928 
   00388    0.4204   -8575.6293  0.4923 
   00389    0.4116   -8511.5362  0.4922 
   00390    0.4188   -8508.0291  0.4907 
   00391    0.4144   -8507.4134  0.4871 
   00392    0.4116   -8548.2258  0.4793 
   00393    0.4100   -8550.4329  0.4779 
   00394    0.4180   -8495.6350  0.4795 
   00395    0.4148   -8438.4368  0.4755 
   00396    0.4232   -8432.8631  0.4778 
   00397    0.4112   -8476.8016  0.4846 
   00398    0.4216   -8433.1874  0.4823 
   00399    0.4100   -8509.0257  0.4900 
   00400    0.4184   -8508.4498  0.4987 
   00401    0.4312   -8527.2557  0.4927 
   00402    0.4116   -8559.2094  0.4974 
   00403    0.4020   -8578.1507  0.4898 
   00404    0.4112   -8581.0458  0.4910 
   00405    0.3964   -8636.3189  0.4917 
   00406    0.4020   -8656.1083  0.4874 
   00407    0.3884   -8610.7414  0.4880 
   00408    0.4024   -8598.2637  0.4905 
   00409    0.3976   -8589.7058  0.4939 
   00410    0.3976   -8585.6722  0.4901 
   00411    0.4084   -8552.0352  0.4887 
   00412    0.3976   -8543.8876  0.4868 
   00413    0.4208   -8550.0967  0.4921 
   00414    0.4088   -8518.8691  0.4963 
   00415    0.4116   -8487.5398  0.4942 
   00416    0.4000   -8487.3565  0.4918 
   00417    0.4096   -8508.4296  0.4980 
   00418    0.4052   -8532.4244  0.4911 
   00419    0.4308   -8522.7301  0.4841 
   00420    0.4192   -8563.8444  0.4801 
   00421    0.4012   -8545.0527  0.4755 
   00422    0.4064   -8589.6581  0.4808 
   00423    0.4080   -8623.2809  0.4820 
   00424    0.4004   -8592.9442  0.4802 
   00425    0.4108   -8590.4919  0.4836 
   00426    0.3956   -8553.3308  0.4846 
   00427    0.4024   -8529.2770  0.4852 
   00428    0.4092   -8533.3487  0.4892 
   00429    0.3876   -8553.1591  0.4951 
   00430    0.4256   -8517.9885  0.4937 
   00431    0.4272   -8520.5538  0.4979 
   00432    0.4116   -8524.3930  0.4920 
   00433    0.3996   -8517.0342  0.4905 
   00434    0.4028   -8530.8368  0.4910 
   00435    0.4076   -8538.1182  0.4945 
   00436    0.4112   -8525.1423  0.5007 
   00437    0.4084   -8520.0395  0.5023 
   00438    0.3948   -8512.4078  0.5012 
   00439    0.4216   -8513.8745  0.5020 
   00440    0.4136   -8508.0311  0.4998 
   00441    0.4256   -8447.8291  0.4984 
   00442    0.4092   -8464.4941  0.4956 
   00443    0.4088   -8504.6135  0.4964 
   00444    0.4060   -8524.1631  0.4987 
   00445    0.4064   -8548.7507  0.4976 
   00446    0.4136   -8528.3071  0.5024 
   00447    0.4040   -8506.8759  0.5071 
   00448    0.4128   -8543.9468  0.5082 
   00449    0.4032   -8563.1457  0.5094 
   00450    0.4068   -8542.3124  0.5041 
   00451    0.4172   -8535.9924  0.5016 
   00452    0.4008   -8542.9673  0.5021 
   00453    0.4160   -8533.7417  0.5041 
   00454    0.4196   -8510.5077  0.5026 
   00455    0.4120   -8511.0945  0.5026 
   00456    0.4128   -8534.8716  0.5018 
   00457    0.4096   -8551.2375  0.5049 
   00458    0.4096   -8520.3198  0.5048 
   00459    0.4204   -8507.6221  0.5110 
   00460    0.4136   -8542.8086  0.5087 
   00461    0.3976   -8563.8092  0.5100 
   00462    0.4092   -8488.6511  0.5119 
   00463    0.4064   -8515.4790  0.5104 
   00464    0.4120   -8477.0748  0.5038 
   00465    0.4152   -8528.6413  0.5049 
   00466    0.4120   -8530.9494  0.5005 
   00467    0.3852   -8537.4408  0.4994 
   00468    0.4044   -8566.7847  0.4976 
   00469    0.4108   -8540.7664  0.4941 
   00470    0.3980   -8546.0014  0.4913 
   00471    0.4252   -8563.5281  0.4923 
   00472    0.4084   -8535.6334  0.4884 
   00473    0.4292   -8556.2345  0.4810 
   00474    0.4120   -8548.8911  0.4814 
   00475    0.4048   -8540.0674  0.4808 
   00476    0.4056   -8544.0396  0.4801 
   00477    0.4056   -8605.4708  0.4787 
   00478    0.4072   -8585.9470  0.4752 
   00479    0.4036   -8572.7397  0.4693 
   00480    0.4240   -8549.6139  0.4695 
   00481    0.4240   -8505.0506  0.4743 
   00482    0.4252   -8511.9472  0.4728 
   00483    0.3960   -8492.0483  0.4711 
   00484    0.4228   -8444.2172  0.4651 
   00485    0.4036   -8500.2355  0.4645 
   00486    0.3876   -8508.4021  0.4701 
   00487    0.4184   -8467.2665  0.4669 
   00488    0.4116   -8466.6804  0.4631 
   00489    0.4232   -8484.5471  0.4639 
   00490    0.4192   -8478.4915  0.4634 
   00491    0.4016   -8516.2577  0.4689 
   00492    0.4272   -8491.6391  0.4697 
   00493    0.3968   -8520.0473  0.4726 
   00494    0.4204   -8509.9182  0.4684 
   00495    0.3996   -8507.9936  0.4662 
   00496    0.4084   -8480.1528  0.4700 
   00497    0.3936   -8482.8655  0.4710 
   00498    0.4204   -8545.7743  0.4761 
   00499    0.3928   -8575.1701  0.4814 
   00500    0.4100   -8579.0169  0.4822 
   00501    0.4144   -8588.8964  0.4818 
   00502    0.4068   -8545.4333  0.4802 
   00503    0.4076   -8525.4246  0.4788 
   00504    0.4068   -8545.1347  0.4829 
   00505    0.4100   -8522.9138  0.4822 
   00506    0.3932   -8520.0794  0.4811 
   00507    0.3984   -8525.5542  0.4824 
   00508    0.4068   -8565.4258  0.4807 
   00509    0.4072   -8524.5262  0.4811 
   00510    0.4136   -8495.7995  0.4781 
   00511    0.4124   -8464.7718  0.4748 
   00512    0.4236   -8485.3428  0.4728 
   00513    0.4200   -8466.3745  0.4771 
   00514    0.3976   -8455.5601  0.4739 
   00515    0.4172   -8463.2286  0.4724 
   00516    0.4076   -8477.7159  0.4755 
   00517    0.4188   -8468.6067  0.4733 
   00518    0.4124   -8456.0797  0.4754 
   00519    0.4104   -8463.0984  0.4722 
   00520    0.4204   -8471.9343  0.4662 
   00521    0.4208   -8528.4912  0.4710 
   00522    0.4276   -8529.3652  0.4735 
   00523    0.4080   -8472.3510  0.4709 
   00524    0.4160   -8527.6506  0.4738 
   00525    0.3992   -8487.6952  0.4693 
   00526    0.4236   -8523.0016  0.4716 
   00527    0.3896   -8522.3395  0.4734 
   00528    0.3980   -8526.3462  0.4658 
   00529    0.4276   -8527.1527  0.4614 
   00530    0.4248   -8551.6875  0.4646 
   00531    0.3980   -8581.8557  0.4653 
   00532    0.4004   -8568.4889  0.4701 
   00533    0.3852   -8540.9959  0.4683 
   00534    0.4136   -8521.7656  0.4618 
   00535    0.4044   -8508.6604  0.4592 
   00536    0.3952   -8504.2226  0.4643 
   00537    0.4040   -8501.9739  0.4723 
   00538    0.4144   -8474.5170  0.4754 
   00539    0.4248   -8452.8210  0.4722 
   00540    0.4076   -8460.0482  0.4783 
   00541    0.4368   -8420.4325  0.4757 
   00542    0.3976   -8457.2248  0.4745 
   00543    0.4148   -8438.1731  0.4760 
   00544    0.4180   -8478.5617  0.4800 
   00545    0.4092   -8480.3706  0.4840 
   00546    0.4120   -8472.3997  0.4827 
   00547    0.4172   -8467.2052  0.4790 
   00548    0.4036   -8471.2565  0.4799 
   00549    0.4056   -8490.9750  0.4767 
   00550    0.4064   -8523.4181  0.4751 
   00551    0.4320   -8459.4575  0.4777 
   00552    0.3824   -8462.2299  0.4837 
   00553    0.4076   -8510.2553  0.4823 
   00554    0.4156   -8526.4512  0.4817 
   00555    0.4020   -8556.2631  0.4823 
   00556    0.4028   -8590.8384  0.4851 
   00557    0.4108   -8574.9683  0.4856 
   00558    0.3980   -8479.6915  0.4855 
   00559    0.4200   -8474.9636  0.4779 
   00560    0.4068   -8496.5223  0.4789 
   00561    0.4192   -8491.6071  0.4807 
   00562    0.4080   -8502.9202  0.4864 
   00563    0.4164   -8499.2679  0.4878 
   00564    0.4028   -8509.7578  0.4867 
   00565    0.3928   -8504.5425  0.4874 
   00566    0.4052   -8501.0496  0.4842 
   00567    0.4076   -8515.8953  0.4863 
   00568    0.4236   -8513.7211  0.4943 
   00569    0.4060   -8541.0542  0.4967 
   00570    0.3896   -8561.5980  0.4995 
   00571    0.3904   -8544.8285  0.4994 
   00572    0.4048   -8513.9260  0.5057 
   00573    0.4220   -8503.8683  0.5075 
   00574    0.4084   -8579.2219  0.5071 
   00575    0.4120   -8550.8053  0.5068 
   00576    0.4044   -8544.8471  0.5074 
   00577    0.3976   -8527.8186  0.5076 
   00578    0.4056   -8507.5708  0.5023 
   00579    0.4140   -8438.7548  0.4965 
   00580    0.4232   -8471.3857  0.5003 
   00581    0.4032   -8460.5617  0.5029 
   00582    0.4108   -8456.2206  0.5023 
   00583    0.4172   -8394.3088  0.4996 
   00584    0.4052   -8454.2962  0.5021 
   00585    0.4092   -8448.4177  0.4975 
   00586    0.4104   -8479.6213  0.4981 
   00587    0.4232   -8493.6431  0.4978 
   00588    0.4284   -8490.9603  0.4915 
   00589    0.4056   -8478.7948  0.4889 
   00590    0.4252   -8526.2802  0.4913 
   00591    0.4152   -8514.7751  0.4964 
   00592    0.4052   -8499.5150  0.5065 
   00593    0.4132   -8524.8684  0.5139 
   00594    0.4104   -8510.7285  0.5166 
   00595    0.4132   -8509.2707  0.5159 
   00596    0.4120   -8519.4816  0.5170 
   00597    0.4148   -8510.3023  0.5158 
   00598    0.4064   -8510.1320  0.5200 
   00599    0.4308   -8525.4188  0.5158 
   00600    0.4232   -8524.3712  0.5208 
   00601    0.4364   -8501.9618  0.5251 
   00602    0.4248   -8475.0918  0.5253 
   00603    0.4176   -8519.5231  0.5264 
   00604    0.3900   -8551.8927  0.5275 
   00605    0.4192   -8552.2998  0.5274 
   00606    0.4252   -8519.9591  0.5261 
   00607    0.4212   -8506.7024  0.5261 
   00608    0.4068   -8530.3743  0.5292 
   00609    0.3984   -8597.2082  0.5337 
   00610    0.4064   -8526.2471  0.5241 
   00611    0.4272   -8542.9567  0.5249 
   00612    0.4116   -8525.0679  0.5276 
   00613    0.4048   -8490.9577  0.5269 
   00614    0.4076   -8525.4408  0.5293 
   00615    0.4128   -8519.5407  0.5287 
   00616    0.4100   -8491.9654  0.5315 
   00617    0.3968   -8440.2988  0.5256 
   00618    0.4236   -8502.8910  0.5290 
   00619    0.4096   -8467.7235  0.5296 
   00620    0.4040   -8475.5814  0.5273 
   00621    0.4180   -8490.4591  0.5337 
   00622    0.4092   -8489.3156  0.5322 
   00623    0.4228   -8448.5490  0.5350 
   00624    0.4116   -8471.5833  0.5349 
   00625    0.4204   -8493.4250  0.5361 
   00626    0.4204   -8493.3877  0.5383 
   00627    0.4052   -8463.3587  0.5413 
   00628    0.4264   -8423.9385  0.5424 
   00629    0.4188   -8449.7059  0.5412 
   00630    0.4144   -8491.2546  0.5434 
   00631    0.4088   -8469.7014  0.5361 
   00632    0.4140   -8506.4354  0.5400 
   00633    0.4112   -8519.5518  0.5381 
   00634    0.3864   -8558.3986  0.5447 
   00635    0.4244   -8525.8213  0.5392 
   00636    0.4156   -8529.1526  0.5424 
   00637    0.4140   -8546.3593  0.5373 
   00638    0.4172   -8519.8807  0.5372 
   00639    0.4280   -8532.9873  0.5376 
   00640    0.4072   -8545.5069  0.5308 
   00641    0.4000   -8571.8365  0.5312 
   00642    0.4160   -8573.1929  0.5362 
   00643    0.4204   -8592.0231  0.5344 
   00644    0.4256   -8556.1619  0.5330 
   00645    0.4032   -8573.0667  0.5338 
   00646    0.4020   -8571.6377  0.5393 
   00647    0.3940   -8509.2371  0.5407 
   00648    0.4024   -8524.0438  0.5405 
   00649    0.4028   -8497.1814  0.5420 
   00650    0.4056   -8522.2723  0.5453 
   00651    0.4136   -8554.1115  0.5435 
   00652    0.4164   -8568.0348  0.5435 
   00653    0.3952   -8563.1033  0.5484 
   00654    0.4100   -8587.4522  0.5498 
   00655    0.4128   -8552.8593  0.5493 
   00656    0.3940   -8524.3360  0.5490 
   00657    0.4136   -8528.6501  0.5448 
   00658    0.4100   -8531.3857  0.5438 
   00659    0.4168   -8536.6278  0.5447 
   00660    0.4004   -8554.5274  0.5444 
   00661    0.4160   -8542.0335  0.5483 
   00662    0.3976   -8583.2272  0.5508 
   00663    0.4148   -8593.6996  0.5454 
   00664    0.4016   -8581.9492  0.5510 
   00665    0.4012   -8567.4940  0.5455 
   00666    0.4052   -8571.5021  0.5402 
   00667    0.4160   -8566.1007  0.5494 
   00668    0.4056   -8565.9602  0.5441 
   00669    0.4076   -8551.6287  0.5414 
   00670    0.4308   -8524.3182  0.5397 
   00671    0.4156   -8544.8505  0.5391 
   00672    0.4180   -8498.8264  0.5367 
   00673    0.4132   -8522.9717  0.5378 
   00674    0.4096   -8548.7134  0.5439 
   00675    0.4044   -8575.0132  0.5460 
   00676    0.4004   -8553.6133  0.5430 
   00677    0.4148   -8542.9955  0.5515 
   00678    0.4296   -8535.9417  0.5524 
   00679    0.4068   -8542.2618  0.5513 
   00680    0.4012   -8570.0407  0.5449 
   00681    0.4072   -8609.6014  0.5429 
   00682    0.3976   -8587.9018  0.5418 
   00683    0.4028   -8569.1251  0.5418 
   00684    0.3984   -8569.8032  0.5463 
   00685    0.3972   -8561.6597  0.5434 
   00686    0.4176   -8564.9914  0.5422 
   00687    0.4192   -8550.0922  0.5409 
   00688    0.4084   -8575.7444  0.5421 
   00689    0.4124   -8564.8926  0.5403 
   00690    0.4036   -8534.5908  0.5457 
   00691    0.4068   -8524.4584  0.5449 
   00692    0.4120   -8508.0792  0.5464 
   00693    0.4096   -8512.6885  0.5503 
   00694    0.4160   -8539.2262  0.5461 
   00695    0.4088   -8543.6694  0.5447 
   00696    0.4000   -8572.2167  0.5469 
   00697    0.4256   -8559.1700  0.5421 
   00698    0.4076   -8568.7551  0.5424 
   00699    0.4120   -8532.5350  0.5434 
   00700    0.4088   -8554.9905  0.5534 
   00701    0.4092   -8491.6690  0.5520 
   00702    0.4164   -8491.0027  0.5523 
   00703    0.4020   -8545.5296  0.5528 
   00704    0.4088   -8534.0190  0.5514 
   00705    0.4068   -8527.5692  0.5509 
   00706    0.4168   -8510.3243  0.5470 
   00707    0.4100   -8552.5008  0.5461 
   00708    0.4008   -8534.7475  0.5469 
   00709    0.4076   -8567.5217  0.5508 
   00710    0.3976   -8588.9889  0.5613 
   00711    0.4016   -8591.3612  0.5583 
   00712    0.4108   -8593.3917  0.5551 
   00713    0.4192   -8605.2248  0.5596 
   00714    0.4056   -8583.3988  0.5651 
   00715    0.4132   -8528.4411  0.5639 
   00716    0.4032   -8516.9162  0.5627 
   00717    0.4068   -8520.4825  0.5592 
   00718    0.4156   -8538.0338  0.5683 
   00719    0.4120   -8564.5727  0.5730 
   00720    0.3952   -8592.8663  0.5673 
   00721    0.3948   -8546.3424  0.5704 
   00722    0.4136   -8576.7687  0.5710 
   00723    0.4076   -8579.6267  0.5706 
   00724    0.4024   -8604.1696  0.5751 
   00725    0.4228   -8599.8780  0.5716 
   00726    0.4012   -8604.2945  0.5748 
   00727    0.3968   -8616.0960  0.5753 
   00728    0.4084   -8558.3592  0.5747 
   00729    0.4116   -8593.4193  0.5812 
   00730    0.4148   -8586.4145  0.5718 
   00731    0.4100   -8560.7573  0.5753 
   00732    0.4216   -8610.8989  0.5749 
   00733    0.4088   -8589.0751  0.5785 
   00734    0.4120   -8611.0751  0.5761 
   00735    0.4024   -8590.0827  0.5765 
   00736    0.4048   -8570.8136  0.5844 
   00737    0.4276   -8514.7712  0.5838 
   00738    0.3996   -8528.4567  0.5822 
   00739    0.4016   -8538.1090  0.5795 
   00740    0.4024   -8548.2868  0.5720 
   00741    0.4312   -8561.1583  0.5717 
   00742    0.4136   -8532.5710  0.5707 
   00743    0.4112   -8530.0705  0.5743 
   00744    0.4028   -8622.2046  0.5746 
   00745    0.4116   -8608.8791  0.5701 
   00746    0.4288   -8607.1299  0.5655 
   00747    0.4120   -8580.0684  0.5677 
   00748    0.4296   -8550.6008  0.5620 
   00749    0.4028   -8527.6446  0.5580 
   00750    0.4128   -8583.5075  0.5618 
   00751    0.4024   -8540.4347  0.5578 
   00752    0.4224   -8484.6343  0.5660 
   00753    0.4200   -8480.5501  0.5605 
   00754    0.4056   -8483.2229  0.5607 
   00755    0.4052   -8510.5452  0.5626 
   00756    0.4224   -8523.4259  0.5669 
   00757    0.4256   -8553.3812  0.5749 
   00758    0.4096   -8533.5295  0.5709 
   00759    0.4136   -8534.9641  0.5662 
   00760    0.4008   -8517.0192  0.5641 
   00761    0.3972   -8455.6199  0.5648 
   00762    0.4240   -8462.8212  0.5590 
   00763    0.4116   -8528.0899  0.5630 
   00764    0.4112   -8482.3416  0.5576 
   00765    0.4116   -8512.5104  0.5604 
   00766    0.4288   -8529.5272  0.5636 
   00767    0.4084   -8519.0712  0.5637 
   00768    0.4088   -8552.7325  0.5661 
   00769    0.4196   -8487.5753  0.5660 
   00770    0.4284   -8489.9764  0.5620 
   00771    0.4080   -8504.9798  0.5620 
   00772    0.4216   -8490.7192  0.5571 
   00773    0.4152   -8561.9838  0.5608 
   00774    0.4160   -8465.3447  0.5607 
   00775    0.4160   -8470.4021  0.5650 
   00776    0.4292   -8467.7871  0.5659 
   00777    0.3976   -8445.4252  0.5647 
   00778    0.4096   -8453.7952  0.5675 
   00779    0.4100   -8439.6042  0.5721 
   00780    0.4192   -8455.2558  0.5777 
   00781    0.3948   -8444.0062  0.5740 
   00782    0.4096   -8430.2666  0.5799 
   00783    0.4232   -8468.9082  0.5856 
   00784    0.4188   -8472.2165  0.5875 
   00785    0.4096   -8479.7176  0.5847 
   00786    0.4180   -8484.6035  0.5825 
   00787    0.4180   -8466.2283  0.5788 
   00788    0.4088   -8484.6429  0.5747 
   00789    0.4196   -8476.0865  0.5701 
   00790    0.4096   -8474.1502  0.5707 
   00791    0.4156   -8472.0777  0.5690 
   00792    0.4072   -8489.0019  0.5685 
   00793    0.4104   -8445.2299  0.5604 
   00794    0.4288   -8500.6990  0.5542 
   00795    0.4124   -8490.9474  0.5529 
   00796    0.4164   -8543.0411  0.5505 
   00797    0.4128   -8511.0496  0.5493 
   00798    0.4060   -8517.5695  0.5494 
   00799    0.4184   -8515.4898  0.5499 
   00800    0.4216   -8513.4589  0.5530 
   00801    0.4084   -8488.1591  0.5492 
   00802    0.4172   -8477.3847  0.5487 
   00803    0.4120   -8472.5438  0.5495 
   00804    0.4292   -8495.7871  0.5453 
   00805    0.4248   -8498.5275  0.5501 
   00806    0.4152   -8508.8230  0.5445 
   00807    0.4156   -8516.9656  0.5487 
   00808    0.4120   -8504.3642  0.5518 
   00809    0.3980   -8518.5343  0.5540 
   00810    0.4032   -8517.1720  0.5520 
   00811    0.4232   -8480.6156  0.5557 
   00812    0.4096   -8493.8376  0.5570 
   00813    0.4072   -8517.4976  0.5591 
   00814    0.4060   -8475.3750  0.5579 
   00815    0.4004   -8491.2288  0.5574 
   00816    0.4164   -8504.1419  0.5609 
   00817    0.4140   -8517.3570  0.5679 
   00818    0.4128   -8561.4937  0.5708 
   00819    0.4188   -8594.5717  0.5771 
   00820    0.4192   -8600.9337  0.5732 
   00821    0.4116   -8596.3445  0.5762 
   00822    0.4084   -8626.7277  0.5799 
   00823    0.4080   -8622.7659  0.5808 
   00824    0.4072   -8658.8272  0.5838 
   00825    0.4092   -8610.5464  0.5859 
   00826    0.4248   -8612.2740  0.5947 
   00827    0.4080   -8606.6296  0.5914 
   00828    0.4184   -8628.6155  0.5908 
   00829    0.4036   -8585.1640  0.5882 
   00830    0.4080   -8572.6237  0.5904 
   00831    0.4224   -8573.8336  0.5884 
   00832    0.4252   -8567.1380  0.5953 
   00833    0.4152   -8562.2913  0.5945 
   00834    0.3856   -8516.2751  0.5955 
   00835    0.4112   -8522.0586  0.5909 
   00836    0.4020   -8519.1633  0.5903 
   00837    0.3996   -8522.0378  0.5833 
   00838    0.4124   -8494.3575  0.5867 
   00839    0.4100   -8492.0351  0.5868 
   00840    0.4168   -8487.0216  0.5911 
   00841    0.4116   -8481.3432  0.5892 
   00842    0.4204   -8460.4911  0.5936 
   00843    0.4216   -8443.8992  0.5932 
   00844    0.4260   -8494.8207  0.5978 
   00845    0.4224   -8524.7369  0.5987 
   00846    0.3868   -8528.2135  0.6008 
   00847    0.4100   -8536.6875  0.6031 
   00848    0.4132   -8509.9377  0.6008 
   00849    0.4184   -8519.3810  0.6023 
   00850    0.4084   -8534.6153  0.6069 
   00851    0.4116   -8544.6837  0.6057 
   00852    0.4128   -8556.1550  0.6048 
   00853    0.4336   -8541.2294  0.6091 
   00854    0.4084   -8516.7977  0.6120 
   00855    0.4012   -8525.2349  0.6123 
   00856    0.4212   -8531.9351  0.6146 
   00857    0.4144   -8502.0391  0.6097 
   00858    0.4060   -8539.0172  0.6125 
   00859    0.4052   -8497.8680  0.6089 
   00860    0.4136   -8524.7405  0.6107 
   00861    0.4112   -8523.9826  0.6143 
   00862    0.4080   -8534.8080  0.6198 
   00863    0.4132   -8510.3366  0.6162 
   00864    0.4148   -8530.7930  0.6133 
   00865    0.4020   -8534.3679  0.6091 
   00866    0.4252   -8578.0044  0.6100 
   00867    0.4204   -8586.8606  0.6102 
   00868    0.3856   -8613.5532  0.6066 
   00869    0.3988   -8557.5957  0.6077 
   00870    0.4136   -8565.7445  0.6101 
   00871    0.4048   -8589.6296  0.6118 
   00872    0.4016   -8559.4459  0.6131 
   00873    0.3980   -8516.9506  0.6069 
   00874    0.4176   -8528.1367  0.6044 
   00875    0.4088   -8539.5350  0.6063 
   00876    0.4056   -8568.2033  0.6079 
   00877    0.4064   -8573.6659  0.6047 
   00878    0.3992   -8573.1047  0.6053 
   00879    0.3936   -8578.5592  0.6061 
   00880    0.4084   -8572.7179  0.6094 
   00881    0.4176   -8567.5619  0.6128 
   00882    0.4096   -8608.5812  0.6148 
   00883    0.4040   -8603.2487  0.6184 
   00884    0.4144   -8628.3876  0.6266 
   00885    0.3892   -8573.9785  0.6261 
   00886    0.4088   -8551.6494  0.6291 
   00887    0.4236   -8544.3739  0.6264 
   00888    0.4160   -8542.1402  0.6298 
   00889    0.3956   -8566.3654  0.6262 
   00890    0.4020   -8560.1939  0.6205 
   00891    0.4000   -8526.9249  0.6243 
   00892    0.3988   -8541.9276  0.6260 
   00893    0.4140   -8532.2464  0.6307 
   00894    0.4076   -8536.1297  0.6245 
   00895    0.4204   -8532.1315  0.6177 
   00896    0.4008   -8481.2874  0.6158 
   00897    0.4248   -8515.4375  0.6166 
   00898    0.4136   -8550.4784  0.6189 
   00899    0.4084   -8519.2120  0.6132 
   00900    0.4176   -8527.2518  0.6169 
   00901    0.4076   -8506.8789  0.6203 
   00902    0.4120   -8508.5466  0.6210 
   00903    0.4128   -8525.9593  0.6189 
   00904    0.3996   -8511.6415  0.6193 
   00905    0.4136   -8530.1878  0.6165 
   00906    0.3884   -8554.0435  0.6173 
   00907    0.4220   -8553.3960  0.6074 
   00908    0.4184   -8549.8750  0.6059 
   00909    0.4108   -8533.3861  0.6066 
   00910    0.4248   -8511.7463  0.6039 
   00911    0.4244   -8557.3048  0.6033 
   00912    0.4076   -8525.7479  0.6050 
   00913    0.4228   -8541.2565  0.5983 
   00914    0.3984   -8551.0399  0.6041 
   00915    0.4056   -8550.0472  0.6033 
   00916    0.4196   -8562.0186  0.6017 
   00917    0.4216   -8553.6654  0.6018 
   00918    0.4152   -8525.0984  0.6051 
   00919    0.4032   -8548.5387  0.6051 
   00920    0.4028   -8570.9104  0.6040 
   00921    0.3984   -8538.4621  0.6077 
   00922    0.4224   -8540.2047  0.6062 
   00923    0.4180   -8528.0482  0.6101 
   00924    0.4184   -8501.4045  0.6054 
   00925    0.4168   -8508.4522  0.6095 
   00926    0.4056   -8515.6860  0.6087 
   00927    0.4244   -8505.7782  0.6045 
   00928    0.4152   -8509.2113  0.6009 
   00929    0.4140   -8507.9545  0.5997 
   00930    0.4044   -8549.7878  0.6058 
   00931    0.4276   -8544.4916  0.6070 
   00932    0.4120   -8597.8815  0.6115 
   00933    0.4156   -8670.7488  0.6088 
   00934    0.3892   -8636.1846  0.6138 
   00935    0.4172   -8609.9465  0.6124 
   00936    0.3896   -8626.0791  0.6162 
   00937    0.4256   -8598.8232  0.6139 
   00938    0.4136   -8593.6234  0.6167 
   00939    0.4032   -8618.0742  0.6117 
   00940    0.3952   -8620.8639  0.6123 
   00941    0.3996   -8627.2625  0.6122 
   00942    0.4072   -8578.8588  0.6137 
   00943    0.4028   -8590.0817  0.6123 
   00944    0.4044   -8578.7488  0.6218 
   00945    0.3972   -8595.1626  0.6282 
   00946    0.4100   -8575.2917  0.6252 
   00947    0.4144   -8520.0117  0.6244 
   00948    0.4168   -8523.7847  0.6257 
   00949    0.4352   -8565.2935  0.6251 
   00950    0.4104   -8561.5496  0.6254 
   00951    0.4084   -8535.9903  0.6223 
   00952    0.4000   -8513.5866  0.6201 
   00953    0.4132   -8494.4789  0.6188 
   00954    0.4236   -8487.5031  0.6225 
   00955    0.3952   -8485.3072  0.6247 
   00956    0.4220   -8510.2488  0.6240 
   00957    0.4044   -8485.6655  0.6202 
   00958    0.4148   -8514.2119  0.6190 
   00959    0.4112   -8541.2069  0.6132 
   00960    0.4132   -8516.4942  0.6150 
   00961    0.4012   -8557.6226  0.6116 
   00962    0.4132   -8571.9827  0.6153 
   00963    0.4132   -8559.4137  0.6175 
   00964    0.4276   -8599.8929  0.6266 
   00965    0.4016   -8561.2814  0.6241 
   00966    0.4072   -8564.6066  0.6272 
   00967    0.4092   -8535.7965  0.6263 
   00968    0.4224   -8584.4726  0.6257 
   00969    0.3820   -8571.4837  0.6273 
   00970    0.4132   -8563.0340  0.6298 
   00971    0.4160   -8593.3241  0.6305 
   00972    0.4024   -8581.0039  0.6282 
   00973    0.4032   -8589.4430  0.6283 
   00974    0.4032   -8559.9362  0.6257 
   00975    0.4124   -8582.6648  0.6279 
   00976    0.4152   -8601.0566  0.6285 
   00977    0.4228   -8595.2175  0.6275 
   00978    0.3872   -8618.2943  0.6327 
   00979    0.4048   -8598.2442  0.6276 
   00980    0.4276   -8590.5888  0.6209 
   00981    0.4020   -8617.0762  0.6206 
   00982    0.4176   -8531.8001  0.6155 
   00983    0.4148   -8504.1469  0.6130 
   00984    0.4176   -8561.6260  0.6168 
   00985    0.4084   -8594.8118  0.6271 
   00986    0.4132   -8590.2680  0.6285 
   00987    0.4264   -8585.1417  0.6305 
   00988    0.4072   -8575.6138  0.6277 
   00989    0.4100   -8558.5615  0.6289 
   00990    0.4240   -8554.2250  0.6268 
   00991    0.4012   -8559.7640  0.6210 
   00992    0.4112   -8531.6435  0.6190 
   00993    0.4092   -8503.6321  0.6142 
   00994    0.4004   -8565.8812  0.6128 
   00995    0.4128   -8557.3296  0.6068 
   00996    0.4116   -8562.7838  0.6148 
   00997    0.4208   -8609.2559  0.6164 
   00998    0.3948   -8616.6631  0.6143 
   00999    0.4220   -8637.9557  0.6158 
   01000    0.4080   -8574.9677  0.6143 
