#=====================================================
# File created:        Wed-29-Oct-2025-at-10-12-35PM
# Size of lattice:     50x50
# Number of MC steps:  1000
# Reduced temperature: 0.500
# Run time (s):        33.393822
#=====================================================
# MC step:  Ratio:     Energy:   Order:
#=====================================================
   00000    0.5000   -2453.6482  0.2574 
   00001    0.6976   -3669.9979  0.2663 
   00002    0.6192   -4440.1944  0.2754 
   00003    0.5824   -5032.4912  0.2752 
   00004    0.5404   -5443.5847  0.2860 
   00005    0.5480   -5825.2748  0.2820 
   00006    0.5124   -6115.4718  0.2870 
   00007    0.5236   -6381.4131  0.2816 
   00008    0.5040   -6564.8409  0.2816 
   00009    0.4944   -6753.4889  0.2805 
   00010    0.4956   -6855.8959  0.2785 
   00011    0.4856   -6935.1044  0.2846 
   00012    0.4636   -7047.4508  0.2824 
   00013    0.4552   -7179.5762  0.2842 
   00014    0.4616   -7277.6537  0.2839 
   00015    0.4492   -7350.1491  0.2943 
   00016    0.4436   -7407.9404  0.2940 
   00017    0.4456   -7460.3769  0.2925 
   00018    0.4556   -7508.2801  0.2953 
   00019    0.4484   -7534.0921  0.2927 
   00020    0.4476   -7583.4131  0.2954 
   00021    0.4384   -7599.0848  0.2856 
   00022    0.4568   -7648.3100  0.2862 
   00023    0.4436   -7718.2750  0.2825 
   00024    0.4616   -7723.0343  0.2881 
   00025    0.4468   -7689.0287  0.2918 
   00026    0.4416   -7745.6990  0.2910 
   00027    0.4440   -7832.7423  0.2914 
   00028    0.4292   -7792.8978  0.2936 
   00029    0.4304   -7818.7093  0.2949 
   00030    0.4464   -7831.8311  0.2944 
   00031    0.4340   -7790.1007  0.2927 
   00032    0.4348   -7850.8175  0.2904 
   00033    0.4400   -7819.3958  0.2976 
   00034    0.4504   -7860.0799  0.3036 
   00035    0.4500   -7859.3755  0.3044 
   00036    0.4316   -7883.9687  0.3027 
   00037    0.4512   -7891.5516  0.2966 
   00038    0.4492   -7950.9107  0.3011 
   00039    0.4272   -7929.2860  0.2997 
   00040    0.4316   -7912.8750  0.2934 
   00041    0.4368   -7926.8414  0.2964 
   00042    0.4424   -7968.5068  0.3045 
   00043    0.4364   -7981.8065  0.3021 
   00044    0.4452   -8011.4744  0.3056 
   00045    0.4208   -7990.8650  0.3070 
   00046    0.4216   -8057.7779  0.3052 
   00047    0.4208   -8047.1527  0.3073 
   00048    0.4220   -8046.0231  0.3086 
   00049    0.4336   -8059.5515  0.3090 
   00050    0.4144   -8055.6364  0.3114 
   00051    0.4484   -8035.9919  0.3167 
   00052    0.4152   -8013.1050  0.3179 
   00053    0.4360   -8053.1737  0.3185 
   00054    0.4436   -8078.0025  0.3156 
   00055    0.4212   -8095.4436  0.3167 
   00056    0.4200   -8113.1488  0.3185 
   00057    0.4284   -8057.6965  0.3146 
   00058    0.4468   -8117.6368  0.3162 
   00059    0.4204   -8153.5495  0.3211 
   00060    0.4280   -8120.8492  0.3201 
   00061    0.4124   -8111.5465  0.3327 
   00062    0.4208   -8163.1187  0.3315 
   00063    0.4168   -8155.5216  0.3373 
   00064    0.4160   -8146.7175  0.3334 
   00065    0.4028   -8116.5291  0.3345 
   00066    0.4328   -8134.5255  0.3294 
   00067    0.4336   -8132.4617  0.3286 
   00068    0.4280   -8159.2625  0.3306 
   00069    0.4300   -8178.3233  0.3286 
   00070    0.4144   -8171.7559  0.3324 
   00071    0.4024   -8136.2330  0.3386 
   00072    0.4372   -8169.5800  0.3405 
   00073    0.4224   -8214.9289  0.3442 
   00074    0.4364   -8184.2935  0.3394 
   00075    0.4196   -8185.1372  0.3386 
   00076    0.4288   -8152.3870  0.3405 
   00077    0.4352   -8127.9017  0.3373 
   00078    0.4360   -8138.6674  0.3348 
   00079    0.4292   -8156.4949  0.3358 
   00080    0.4176   -8199.8169  0.3338 
   00081    0.4308   -8184.8639  0.3236 
   00082    0.4364   -8168.7864  0.3174 
   00083    0.4308   -8230.4860  0.3246 
   00084    0.4292   -8243.1604  0.3264 
   00085    0.4184   -8270.1298  0.3290 
   00086    0.4260   -8327.0332  0.3285 
   00087    0.4288   -8324.8029  0.3291 
   00088    0.4040   -8338.9095  0.3269 
   00089    0.4056   -8348.4034  0.3264 
   00090    0.4248   -8358.5766  0.3228 
   00091    0.4220   -8370.3122  0.3227 
   00092    0.4232   -8337.5300  0.3256 
   00093    0.4292   -8371.4943  0.3217 
   00094    0.4220   -8359.6266  0.3163 
   00095    0.4112   -8382.0026  0.3146 
   00096    0.4088   -8366.2639  0.3180 
   00097    0.4132   -8368.3671  0.3156 
   00098    0.4120   -8369.0002  0.3135 
   00099    0.4188   -8362.3389  0.3167 
   00100    0.4292   -8386.3095  0.3157 
   00101    0.4052   -8383.2904  0.3164 
   00102    0.4240   -8310.2181  0.3151 
   00103    0.4328   -8311.5576  0.3136 
   00104    0.4144   -8325.1329  0.3140 
   00105    0.4216   -8343.2929  0.3178 
   00106    0.4296   -8339.6979  0.3183 
   00107    0.4268   -8390.7943  0.3210 
   00108    0.4124   -8394.9883  0.3224 
   00109    0.4036   -8354.9320  0.3235 
   00110    0.4288   -8336.3734  0.3270 
   00111    0.4040   -8357.8269  0.3258 
   00112    0.4160   -8328.8236  0.3220 
   00113    0.4256   -8308.6415  0.3218 
   00114    0.4332   -8336.1632  0.3211 
   00115    0.4080   -8346.6920  0.3195 
   00116    0.4216   -8335.0766  0.3172 
   00117    0.4160   -8377.3508  0.3116 
   00118    0.4340   -8372.8986  0.3162 
   00119    0.4316   -8341.2615  0.3112 
   00120    0.4336   -8365.6285  0.3126 
   00121    0.4060   -8348.3286  0.3125 
   00122    0.4272   -8362.0907  0.3209 
   00123    0.4048   -8323.5598  0.3215 
   00124    0.4252   -8373.8786  0.3202 
   00125    0.4180   -8396.1015  0.3174 
   00126    0.4080   -8391.5704  0.3152 
   00127    0.3996   -8363.2449  0.3143 
   00128    0.4084   -8352.2524  0.3138 
   00129    0.4216   -8335.3671  0.3169 
   00130    0.4028   -8340.6500  0.3178 
   00131    0.4156   -8376.3242  0.3191 
   00132    0.4260   -8283.7618  0.3205 
   00133    0.4172   -8322.7188  0.3200 
   00134    0.3976   -8309.2731  0.3186 
   00135    0.4092   -8371.3033  0.3231 
   00136    0.4128   -8338.5712  0.3227 
   00137    0.4288   -8323.5868  0.3199 
   00138    0.4288   -8382.0864  0.3181 
   00139    0.3836   -8387.2276  0.3155 
   00140    0.4092   -8320.4763  0.3149 
   00141    0.4176   -8333.6107  0.3187 
   00142    0.4140   -8335.2140  0.3207 
   00143    0.4116   -8337.0099  0.3209 
   00144    0.4256   -8294.4123  0.3197 
   00145    0.4156   -8296.9010  0.3190 
   00146    0.4328   -8359.1687  0.3166 
   00147    0.4248   -8355.0816  0.3101 
   00148    0.4080   -8391.3308  0.3068 
   00149    0.4140   -8413.1468  0.3039 
   00150    0.4204   -8416.2925  0.3061 
   00151    0.4148   -8461.7517  0.3029 
   00152    0.4252   -8470.7442  0.3056 
   00153    0.4032   -8456.1781  0.3060 
   00154    0.4132   -8441.9938  0.3045 
   00155    0.4080   -8409.3383  0.3021 
   00156    0.4160   -8431.3572  0.3000 
   00157    0.4424   -8387.6340  0.2960 
   00158    0.4136   -8414.0782  0.2967 
   00159    0.4180   -8431.3782  0.2971 
   00160    0.3908   -8450.0320  0.2928 
   00161    0.4160   -8438.4512  0.2957 
   00162    0.4156   -8415.1296  0.2968 
   00163    0.4088   -8366.7478  0.2947 
   00164    0.4032   -8381.8462  0.2883 
   00165    0.4320   -8389.4329  0.2847 
   00166    0.4044   -8388.0489  0.2906 
   00167    0.4156   -8394.4087  0.2879 
   00168    0.4296   -8342.1308  0.2912 
   00169    0.4164   -8344.7449  0.2923 
   00170    0.4188   -8367.3780  0.2884 
   00171    0.3992   -8363.6626  0.2890 
   00172    0.4232   -8332.4149  0.2931 
   00173    0.4120   -8363.8671  0.2900 
   00174    0.4268   -8364.6361  0.2940 
   00175    0.4076   -8375.7975  0.3002 
   00176    0.4248   -8416.0388  0.2967 
   00177    0.4140   -8444.2205  0.3005 
   00178    0.4148   -8406.4182  0.3012 
   00179    0.4172   -8401.1192  0.3088 
   00180    0.4160   -8395.2249  0.3149 
   00181    0.4132   -8368.9692  0.3187 
   00182    0.4268   -8393.3563  0.3199 
   00183    0.4260   -8367.5455  0.3228 
   00184    0.4156   -8367.0115  0.3226 
   00185    0.4104   -8374.0255  0.3236 
   00186    0.4068   -8367.5378  0.3264 
   00187    0.4180   -8393.7634  0.3280 
   00188    0.4252   -8454.3667  0.3345 
   00189    0.4080   -8467.2260  0.3376 
   00190    0.4188   -8439.3168  0.3448 
   00191    0.3996   -8407.8303  0.3434 
   00192    0.4152   -8391.1697  0.3385 
   00193    0.4152   -8415.2250  0.3337 
   00194    0.4216   -8464.9194  0.3337 
   00195    0.4104   -8434.2032  0.3290 
   00196    0.4232   -8435.6422  0.3297 
   00197    0.4140   -8373.2114  0.3369 
   00198    0.4080   -8348.1732  0.3386 
   00199    0.4116   -8367.4294  0.3493 
   00200    0.4056   -8408.1333  0.3490 
   00201    0.4180   -8398.5961  0.3456 
   00202    0.4112   -8412.5538  0.3485 
   00203    0.3992   -8398.3274  0.3538 
   00204    0.4080   -8395.6620  0.3582 
   00205    0.4004   -8436.0372  0.3609 
   00206    0.4068   -8458.0557  0.3668 
   00207    0.4136   -8519.0340  0.3614 
   00208    0.4216   -8531.1444  0.3630 
   00209    0.4304   -8535.1840  0.3712 
   00210    0.4048   -8512.6983  0.3676 
   00211    0.3956   -8507.4437  0.3635 
   00212    0.4248   -8506.7219  0.3545 
   00213    0.4060   -8495.1833  0.3466 
   00214    0.4100   -8481.0625  0.3479 
   00215    0.4076   -8427.9252  0.3495 
   00216    0.4064   -8421.8153  0.3482 
   00217    0.4244   -8418.6876  0.3450 
   00218    0.4000   -8402.0098  0.3447 
   00219    0.4116   -8371.2515  0.3441 
   00220    0.4128   -8405.0114  0.3402 
   00221    0.4072   -8421.8567  0.3422 
   00222    0.4080   -8428.3491  0.3408 
   00223    0.4132   -8420.0267  0.3437 
   00224    0.4164   -8400.9612  0.3415 
   00225    0.3944   -8457.7608  0.3413 
   00226    0.4172   -8420.4890  0.3441 
   00227    0.4160   -8449.5663  0.3411 
   00228    0.4040   -8435.6417  0.3478 
   00229    0.4196   -8441.1599  0.3506 
   00230    0.4040   -8451.3552  0.3479 
   00231    0.4260   -8468.7920  0.3466 
   00232    0.4220   -8467.0435  0.3490 
   00233    0.4268   -8526.6193  0.3471 
   00234    0.4384   -8522.1709  0.3444 
   00235    0.4376   -8520.5348  0.3469 
   00236    0.4000   -8517.6674  0.3410 
   00237    0.4096   -8487.9600  0.3358 
   00238    0.4100   -8494.0092  0.3251 
   00239    0.4104   -8467.6794  0.3251 
   00240    0.3980   -8455.2012  0.3275 
   00241    0.4140   -8488.4468  0.3292 
   00242    0.4140   -8503.6951  0.3293 
   00243    0.4228   -8474.6283  0.3386 
   00244    0.4192   -8477.9947  0.3321 
   00245    0.4152   -8500.5161  0.3317 
   00246    0.4108   -8518.3503  0.3374 
   00247    0.4088   -8515.6161  0.3345 
   00248    0.4276   -8538.8918  0.3294 
   00249    0.4112   -8518.3092  0.3251 
   00250    0.4040   -8511.1476  0.3266 
   00251    0.4048   -8455.5927  0.3202 
   00252    0.4040   -8474.0841  0.3256 
   00253    0.4212   -8408.0372  0.3293 
   00254    0.4064   -8430.5988  0.3265 
   00255    0.4064   -8430.9628  0.3272 
   00256    0.4204   -8443.2717  0.3344 
   00257    0.4208   -8460.2066  0.3392 
   00258    0.4120   -8438.7345  0.3343 
   00259    0.4016   -8420.6693  0.3361 
   00260    0.4112   -8444.8148  0.3412 
   00261    0.4268   -8456.5766  0.3371 
   00262    0.3976   -8386.4831  0.3394 
   00263    0.4196   -8373.0997  0.3392 
   00264    0.4048   -8324.0708  0.3390 
   00265    0.3984   -8359.1941  0.3413 
   00266    0.4164   -8370.7903  0.3383 
   00267    0.4272   -8384.9896  0.3421 
   00268    0.4296   -8393.8655  0.3415 
   00269    0.4012   -8438.3639  0.3405 
   00270    0.4128   -8458.0860  0.3465 
   00271    0.4152   -8397.9729  0.3398 
   00272    0.4152   -8374.2700  0.3362 
   00273    0.4064   -8405.6763  0.3336 
   00274    0.3992   -8468.3953  0.3327 
   00275    0.4208   -8431.7231  0.3282 
   00276    0.4060   -8394.3506  0.3311 
   00277    0.4080   -8368.5471  0.3336 
   00278    0.3884   -8389.1064  0.3279 
   00279    0.4064   -8416.7400  0.3324 
   00280    0.4252   -8382.7726  0.3363 
   00281    0.4264   -8389.4131  0.3359 
   00282    0.4256   -8374.7487  0.3329 
   00283    0.4084   -8397.3042  0.3378 
   00284    0.4072   -8359.9755  0.3376 
   00285    0.4140   -8375.8632  0.3366 
   00286    0.4184   -8401.4510  0.3363 
   00287    0.4296   -8411.9200  0.3327 
   00288    0.4320   -8419.9589  0.3294 
   00289    0.4072   -8445.8055  0.3391 
   00290    0.4244   -8477.5670  0.3355 
   00291    0.4144   -8465.9907  0.3373 
   00292    0.4152   -8426.2354  0.3394 
   00293    0.4036   -8414.6689  0.3449 
   00294    0.4172   -8378.8690  0.3481 
   00295    0.4180   -8389.5973  0.3414 
   00296    0.4048   -8371.2620  0.3432 
   00297    0.4128   -8367.2256  0.3484 
   00298    0.4272   -8415.5840  0.3374 
   00299    0.4256   -8447.5489  0.3366 
   00300    0.4044   -8445.1305  0.3302 
   00301    0.4144   -8449.0725  0.3310 
   00302    0.4116   -8439.3920  0.3389 
   00303    0.4212   -8430.4638  0.3363 
   00304    0.4252   -8388.7662  0.3417 
   00305    0.4444   -8435.2399  0.3414 
   00306    0.4180   -8445.8461  0.3433 
   00307    0.4332   -8423.4496  0.3490 
   00308    0.4104   -8393.1378  0.3473 
   00309    0.4120   -8389.9828  0.3447 
   00310    0.4144   -8375.4580  0.3447 
   00311    0.4276   -8410.2323  0.3446 
   00312    0.4184   -8432.5017  0.3481 
   00313    0.4224   -8381.0608  0.3482 
   00314    0.4004   -8416.8175  0.3492 
   00315    0.4008   -8418.8818  0.3504 
   00316    0.4204   -8465.0367  0.3505 
   00317    0.4020   -8448.3597  0.3495 
   00318    0.4272   -8424.9945  0.3537 
   00319    0.4116   -8437.9441  0.3493 
   00320    0.4084   -8483.7399  0.3453 
   00321    0.4028   -8479.7722  0.3398 
   00322    0.3944   -8481.9626  0.3378 
   00323    0.4104   -8506.1864  0.3359 
   00324    0.4016   -8496.1181  0.3381 
   00325    0.4164   -8501.2842  0.3304 
   00326    0.4256   -8501.5343  0.3385 
   00327    0.4204   -8502.7856  0.3372 
   00328    0.4192   -8442.6757  0.3335 
   00329    0.4116   -8455.6257  0.3357 
   00330    0.3988   -8449.6277  0.3354 
   00331    0.4024   -8447.9997  0.3407 
   00332    0.4148   -8419.8793  0.3386 
   00333    0.4140   -8381.3326  0.3398 
   00334    0.4192   -8354.6146  0.3431 
   00335    0.4184   -8407.9476  0.3450 
   00336    0.4100   -8420.6702  0.3441 
   00337    0.4128   -8423.8832  0.3465 
   00338    0.4112   -8430.8133  0.3443 
   00339    0.4112   -8466.0825  0.3472 
   00340    0.4124   -8452.9094  0.3475 
   00341    0.4208   -8473.5754  0.3528 
   00342    0.4264   -8422.4308  0.3484 
   00343    0.4168   -8433.0257  0.3520 
   00344    0.4276   -8450.6829  0.3545 
   00345    0.4240   -8430.0903  0.3609 
   00346    0.4204   -8484.2848  0.3573 
   00347    0.3952   -8488.3539  0.3559 
   00348    0.4248   -8499.0318  0.3601 
   00349    0.4136   -8445.6675  0.3566 
   00350    0.4300   -8446.2889  0.3583 
   00351    0.4096   -8388.6425  0.3578 
   00352    0.4060   -8459.3474  0.3590 
   00353    0.4044   -8477.9140  0.3642 
   00354    0.3980   -8480.2401  0.3604 
   00355    0.4080   -8470.9522  0.3655 
   00356    0.4176   -8479.5472  0.3608 
   00357    0.4216   -8431.1223  0.3550 
   00358    0.4312   -8454.0286  0.3585 
   00359    0.4180   -8447.6575  0.3587 
   00360    0.4172   -8397.4678  0.3550 
   00361    0.4076   -8397.2954  0.3548 
   00362    0.3996   -8408.3380  0.3536 
   00363    0.4160   -8442.5215  0.3613 
   00364    0.4072   -8461.2910  0.3554 
   00365    0.4364   -8441.9967  0.3496 
   00366    0.4172   -8462.0522  0.3442 
   00367    0.4132   -8471.6381  0.3472 
   00368    0.4196   -8456.1422  0.3458 
   00369    0.4096   -8430.1901  0.3458 
   00370    0.4264   -8462.0749  0.3471 
   00371    0.4180   -8479.2624  0.3397 
   00372    0.4168   -8461.4801  0.3402 
   00373    0.4328   -8512.1324  0.3378 
   00374    0.4240   -8469.5382  0.3439 
   00375    0.4268   -8478.3642  0.3471 
   00376    0.4120   -8470.4106  0.3508 
   00377    0.3988   -8525.5672  0.3522 
   00378    0.4120   -8508.6065  0.3554 
   00379    0.4272   -8489.2590  0.3606 
   00380    0.4300   -8453.0658  0.3524 
   00381    0.4108   -8469.7164  0.3413 
   00382    0.4136   -8486.5364  0.3435 
   00383    0.4324   -8500.6558  0.3443 
   00384    0.4220   -8443.0938  0.3461 
   00385    0.4084   -8457.7392  0.3526 
   00386    0.4320   -8418.2271  0.3543 
   00387    0.4072   -8411.3653  0.3536 
   00388    0.4192   -8412.8872  0.3527 
   00389    0.4232   -8408.6082  0.3503 
   00390    0.4236   -8442.2491  0.3465 
   00391    0.4216   -8441.1432  0.3456 
   00392    0.4068   -8447.6709  0.3462 
   00393    0.4024   -8450.2707  0.3523 
   00394    0.4028   -8440.4417  0.3501 
   00395    0.4176   -8439.4012  0.3496 
   00396    0.4164   -8463.7764  0.3476 
   00397    0.4096   -8485.7901  0.3450 
   00398    0.4132   -8472.6926  0.3403 
   00399    0.4132   -8479.0867  0.3349 
   00400    0.4200   -8446.6925  0.3423 
   00401    0.4228   -8447.9554  0.3433 
   00402    0.4100   -8424.9767  0.3435 
   00403    0.4244   -8401.2766  0.3484 
   00404    0.4228   -8409.3572  0.3500 
   00405    0.4180   -8388.7254  0.3522 
   00406    0.3956   -8394.2689  0.3521 
   00407    0.4228   -8379.6375  0.3536 
   00408    0.4144   -8384.7649  0.3515 
   00409    0.4492   -8357.8214  0.3490 
   00410    0.4224   -8353.8263  0.3487 
   00411    0.3992   -8322.8459  0.3489 
   00412    0.4160   -8347.4983  0.3526 
   00413    0.4064   -8325.0216  0.3560 
   00414    0.4212   -8352.0629  0.3579 
   00415    0.4276   -8359.3725  0.3620 
   00416    0.4280   -8364.3548  0.3521 
   00417    0.4060   -8416.2583  0.3504 
   00418    0.4080   -8420.5519  0.3489 
   00419    0.4216   -8399.4155  0.3429 
   00420    0.4060   -8442.2630  0.3508 
   00421    0.4160   -8469.5577  0.3595 
   00422    0.4096   -8436.2543  0.3572 
   00423    0.4248   -8400.6512  0.3581 
   00424    0.4232   -8384.4504  0.3615 
   00425    0.3992   -8396.4210  0.3587 
   00426    0.4040   -8369.1279  0.3616 
   00427    0.4144   -8360.2489  0.3603 
   00428    0.4156   -8362.0261  0.3657 
   00429    0.4032   -8388.3363  0.3644 
   00430    0.4072   -8394.8280  0.3693 
   00431    0.4072   -8390.4722  0.3771 
   00432    0.4212   -8375.5745  0.3759 
   00433    0.4224   -8399.5767  0.3760 
   00434    0.4276   -8395.3014  0.3767 
   00435    0.4352   -8365.9107  0.3800 
   00436    0.4284   -8428.4812  0.3747 
   00437    0.4200   -8408.7019  0.3767 
   00438    0.3972   -8420.9506  0.3708 
   00439    0.4124   -8433.8908  0.3706 
   00440    0.4316   -8480.6005  0.3694 
   00441    0.4332   -8481.3116  0.3673 
   00442    0.4220   -8469.1352  0.3723 
   00443    0.4264   -8426.5513  0.3742 
   00444    0.4224   -8415.8670  0.3703 
   00445    0.4224   -8411.9010  0.3629 
   00446    0.4100   -8401.9046  0.3660 
   00447    0.4320   -8404.4584  0.3605 
   00448    0.4184   -8429.9163  0.3531 
   00449    0.4212   -8404.5836  0.3520 
   00450    0.4096   -8409.9955  0.3539 
   00451    0.4080   -8428.8963  0.3530 
   00452    0.3976   -8415.3944  0.3511 
   00453    0.4204   -8402.4297  0.3529 
   00454    0.4076   -8416.9858  0.3566 
   00455    0.4084   -8440.7998  0.3524 
   00456    0.4200   -8438.6479  0.3602 
   00457    0.4088   -8396.4272  0.3597 
   00458    0.4268   -8480.2230  0.3575 
   00459    0.4140   -8417.4155  0.3628 
   00460    0.4052   -8387.8111  0.3580 
   00461    0.4192   -8357.2447  0.3615 
   00462    0.4236   -8357.7642  0.3673 
   00463    0.4160   -8374.3990  0.3699 
   00464    0.4176   -8436.6495  0.3726 
   00465    0.4192   -8435.1650  0.3715 
   00466    0.4168   -8451.1684  0.3710 
   00467    0.4132   -8456.9942  0.3721 
   00468    0.4128   -8440.0572  0.3696 
   00469    0.4356   -8461.4344  0.3683 
   00470    0.4156   -8485.2475  0.3696 
   00471    0.4244   -8446.2200  0.3736 
   00472    0.4104   -8474.4788  0.3682 
   00473    0.3924   -8441.5976  0.3715 
   00474    0.4052   -8460.6874  0.3718 
   00475    0.4072   -8424.8320  0.3749 
   00476    0.4076   -8469.8435  0.3752 
   00477    0.4232   -8469.4793  0.3719 
   00478    0.4000   -8444.4049  0.3725 
   00479    0.4160   -8454.6753  0.3737 
   00480    0.4256   -8403.0477  0.3778 
   00481    0.4296   -8405.9796  0.3745 
   00482    0.4216   -8385.2736  0.3795 
   00483    0.4180   -8412.1615  0.3836 
   00484    0.4200   -8423.5950  0.3919 
   00485    0.4104   -8462.3736  0.3985 
   00486    0.4252   -8434.2174  0.3999 
   00487    0.4292   -8413.4155  0.4044 
   00488    0.4176   -8351.3946  0.4039 
   00489    0.4164   -8384.7944  0.4054 
   00490    0.4064   -8369.6524  0.4033 
   00491    0.4020   -8387.5931  0.4029 
   00492    0.4144   -8411.8544  0.4014 
   00493    0.4156   -8471.8813  0.3992 
   00494    0.3976   -8461.9679  0.3973 
   00495    0.4072   -8434.8228  0.3904 
   00496    0.4232   -8464.6128  0.3876 
   00497    0.4108   -8438.8564  0.3868 
   00498    0.4124   -8449.9190  0.3958 
   00499    0.4016   -8472.4234  0.3907 
   00500    0.3984   -8465.2205  0.3846 
   00501    0.4236   -8462.9809  0.3867 
   00502    0.4192   -8459.0621  0.3748 
   00503    0.4128   -8501.0468  0.3727 
   00504    0.4084   -8531.9807  0.3705 
   00505    0.4120   -8557.5154  0.3733 
   00506    0.3940   -8489.3625  0.3677 
   00507    0.4112   -8542.4574  0.3689 
   00508    0.4156   -8494.9369  0.3708 
   00509    0.4076   -8540.5807  0.3719 
   00510    0.4136   -8496.4288  0.3764 
   00511    0.4180   -8469.7595  0.3793 
   00512    0.4072   -8496.0146  0.3793 
   00513    0.4208   -8460.1840  0.3763 
   00514    0.4136   -8442.2099  0.3761 
   00515    0.4320   -8492.5734  0.3749 
   00516    0.4152   -8509.7288  0.3754 
   00517    0.4020   -8469.2604  0.3672 
   00518    0.4112   -8486.8163  0.3618 
   00519    0.4228   -8501.4462  0.3651 
   00520    0.4312   -8494.3016  0.3656 
   00521    0.4284   -8497.9987  0.3653 
   00522    0.4056   -8489.9978  0.3595 
   00523    0.4208   -8505.5582  0.3618 
   00524    0.4152   -8435.8253  0.3636 
   00525    0.4196   -8453.9219  0.3715 
   00526    0.4120   -8461.0181  0.3693 
   00527    0.4204   -8447.7300  0.3640 
   00528    0.4096   -8453.5145  0.3594 
   00529    0.4280   -8414.1104  0.3611 
   00530    0.4188   -8430.8696  0.3680 
   00531    0.3932   -8422.9811  0.3681 
   00532    0.4248   -8366.0945  0.3775 
   00533    0.4324   -8422.7848  0.3762 
   00534    0.4088   -8431.1639  0.3785 
   00535    0.4196   -8419.4240  0.3803 
   00536    0.4164   -8391.3194  0.3842 
   00537    0.4188   -8385.3513  0.3772 
   00538    0.4052   -8414.3642  0.3780 
   00539    0.4216   -8462.9722  0.3757 
   00540    0.4144   -8515.9201  0.3834 
   00541    0.4036   -8457.7828  0.3813 
   00542    0.4152   -8437.3140  0.3794 
   00543    0.4128   -8446.5502  0.3822 
   00544    0.3916   -8444.7495  0.3795 
   00545    0.3992   -8436.2018  0.3792 
   00546    0.4088   -8453.3850  0.3858 
   00547    0.4044   -8484.5081  0.3932 
   00548    0.4084   -8487.6764  0.3983 
   00549    0.4204   -8476.2369  0.3966 
   00550    0.4048   -8426.3424  0.3955 
   00551    0.4248   -8373.9232  0.3954 
   00552    0.4228   -8368.7862  0.3915 
   00553    0.4120   -8391.9873  0.3859 
   00554    0.4140   -8410.1790  0.3800 
   00555    0.4024   -8407.7601  0.3839 
   00556    0.4064   -8444.8024  0.3857 
   00557    0.4328   -8472.2414  0.3850 
   00558    0.4180   -8469.3631  0.3871 
   00559    0.4240   -8430.0230  0.3850 
   00560    0.4280   -8459.5197  0.3875 
   00561    0.4004   -8418.0438  0.3807 
   00562    0.4316   -8371.6552  0.3831 
   00563    0.4080   -8414.6705  0.3817 
   00564    0.4152   -8482.6927  0.3857 
   00565    0.4072   -8456.5539  0.3886 
   00566    0.4004   -8438.9662  0.3861 
   00567    0.4008   -8461.3754  0.3836 
   00568    0.4196   -8457.3960  0.3783 
   00569    0.4252   -8500.7229  0.3790 
   00570    0.4484   -8496.8488  0.3826 
   00571    0.4072   -8432.1653  0.3851 
   00572    0.4416   -8442.7110  0.3901 
   00573    0.4200   -8432.8865  0.3938 
   00574    0.4180   -8470.0184  0.3975 
   00575    0.4236   -8472.5652  0.3921 
   00576    0.3924   -8442.8542  0.3907 
   00577    0.4068   -8409.2766  0.3884 
   00578    0.4160   -8429.6977  0.3830 
   00579    0.4268   -8432.7903  0.3861 
   00580    0.3956   -8461.4612  0.3835 
   00581    0.4376   -8436.7997  0.3798 
   00582    0.4240   -8411.7100  0.3887 
   00583    0.4104   -8434.3509  0.3855 
   00584    0.4184   -8451.7855  0.3842 
   00585    0.4288   -8448.9134  0.3869 
   00586    0.4108   -8452.1367  0.3835 
   00587    0.4228   -8429.0305  0.3822 
   00588    0.4292   -8437.7331  0.3826 
   00589    0.4164   -8378.6694  0.3785 
   00590    0.4216   -8460.5131  0.3782 
   00591    0.4060   -8449.5161  0.3802 
   00592    0.4128   -8411.4710  0.3790 
   00593    0.4232   -8427.5020  0.3797 
   00594    0.4140   -8441.5578  0.3864 
   00595    0.4232   -8462.6131  0.3919 
   00596    0.4244   -8456.8441  0.3967 
   00597    0.3956   -8462.7721  0.3948 
   00598    0.4316   -8452.1755  0.3952 
   00599    0.3972   -8397.1928  0.3876 
   00600    0.4124   -8463.9591  0.3950 
   00601    0.3936   -8476.0376  0.3875 
   00602    0.4104   -8485.6902  0.3921 
   00603    0.4120   -8430.1135  0.3941 
   00604    0.4168   -8422.6438  0.3922 
   00605    0.4252   -8452.2369  0.3988 
   00606    0.4296   -8465.1782  0.3986 
   00607    0.4236   -8471.9929  0.4035 
   00608    0.4204   -8534.0205  0.4089 
   00609    0.4064   -8580.0183  0.4140 
   00610    0.4060   -8512.3572  0.4138 
   00611    0.4092   -8534.1243  0.4125 
   00612    0.4164   -8538.9059  0.4093 
   00613    0.4048   -8585.1410  0.4014 
   00614    0.4016   -8546.1435  0.3992 
   00615    0.4164   -8563.2300  0.4032 
   00616    0.4060   -8527.9130  0.4088 
   00617    0.4136   -8525.1354  0.4082 
   00618    0.4024   -8518.2886  0.4150 
   00619    0.4232   -8541.8052  0.4137 
   00620    0.4064   -8532.0901  0.4145 
   00621    0.4048   -8553.1903  0.4197 
   00622    0.3988   -8552.2840  0.4287 
   00623    0.4292   -8508.9243  0.4313 
   00624    0.4056   -8536.5136  0.4367 
   00625    0.4208   -8525.1225  0.4376 
   00626    0.4076   -8500.1279  0.4393 
   00627    0.4120   -8470.8708  0.4434 
   00628    0.4064   -8511.9790  0.4434 
   00629    0.4116   -8482.3883  0.4434 
   00630    0.4032   -8475.4904  0.4455 
   00631    0.4096   -8481.9014  0.4463 
   00632    0.4164   -8514.5863  0.4428 
   00633    0.4204   -8485.4174  0.4491 
   00634    0.4156   -8505.7846  0.4468 
   00635    0.4044   -8486.5669  0.4452 
   00636    0.3884   -8515.6495  0.4426 
   00637    0.3996   -8497.9149  0.4446 
   00638    0.4160   -8466.5933  0.4468 
   00639    0.4132   -8513.5691  0.4552 
   00640    0.3992   -8502.8287  0.4571 
   00641    0.4152   -8510.9896  0.4601 
   00642    0.4028   -8501.0368  0.4591 
   00643    0.4188   -8480.6458  0.4515 
   00644    0.4172   -8482.2553  0.4515 
   00645    0.4060   -8455.3075  0.4510 
   00646    0.4128   -8495.8146  0.4540 
   00647    0.4288   -8490.6433  0.4534 
   00648    0.4148   -8528.8853  0.4587 
   00649    0.4080   -8548.5718  0.4604 
   00650    0.4080   -8521.7686  0.4551 
   00651    0.4072   -8473.7455  0.4532 
   00652    0.4148   -8476.2720  0.4529 
   00653    0.4084   -8465.4419  0.4469 
   00654    0.4232   -8469.4926  0.4617 
   00655    0.4092   -8481.8105  0.4598 
   00656    0.4056   -8513.4493  0.4557 
   00657    0.3916   -8477.5541  0.4563 
   00658    0.3960   -8507.0634  0.4549 
   00659    0.4172   -8521.8981  0.4579 
   00660    0.4200   -8535.4324  0.4577 
   00661    0.4224   -8500.7851  0.4571 
   00662    0.3992   -8471.9454  0.4600 
   00663    0.4276   -8494.4288  0.4622 
   00664    0.4044   -8489.6734  0.4576 
   00665    0.4280   -8470.6333  0.4498 
   00666    0.4032   -8470.5211  0.4541 
   00667    0.4120   -8477.0211  0.4491 
   00668    0.4072   -8414.9534  0.4441 
   00669    0.4124   -8446.6537  0.4417 
   00670    0.4160   -8432.0797  0.4478 
   00671    0.3940   -8429.5606  0.4482 
   00672    0.4148   -8452.0686  0.4514 
   00673    0.4256   -8456.4827  0.4403 
   00674    0.4208   -8415.6129  0.4364 
   00675    0.4016   -8441.3138  0.4406 
   00676    0.4124   -8473.1242  0.4400 
   00677    0.4088   -8472.5219  0.4395 
   00678    0.4176   -8482.5927  0.4376 
   00679    0.3984   -8512.6676  0.4410 
   00680    0.4256   -8497.2656  0.4402 
   00681    0.4020   -8487.2804  0.4400 
   00682    0.4132   -8489.2214  0.4442 
   00683    0.4080   -8519.5858  0.4411 
   00684    0.4204   -8514.3240  0.4495 
   00685    0.3988   -8479.1636  0.4476 
   00686    0.4264   -8455.5662  0.4515 
   00687    0.4268   -8468.2522  0.4518 
   00688    0.4124   -8534.6934  0.4536 
   00689    0.4088   -8513.9224  0.4535 
   00690    0.3992   -8527.7509  0.4515 
   00691    0.4152   -8539.6272  0.4548 
   00692    0.4068   -8508.6865  0.4519 
   00693    0.4232   -8475.3435  0.4508 
   00694    0.4204   -8480.6342  0.4507 
   00695    0.3988   -8469.8800  0.4508 
   00696    0.4120   -8430.2284  0.4456 
   00697    0.4060   -8471.1815  0.4468 
   00698    0.4016   -8481.0871  0.4457 
   00699    0.4048   -8475.3833  0.4370 
   00700    0.4196   -8521.5162  0.4421 
   00701    0.4284   -8574.2525  0.4455 
   00702    0.4068   -8536.9773  0.4474 
   00703    0.4136   -8511.1098  0.4474 
   00704    0.4224   -8489.1797  0.4477 
   00705    0.4100   -8459.5487  0.4485 
   00706    0.4144   -8464.0523  0.4515 
   00707    0.4340   -8463.1309  0.4568 
   00708    0.4152   -8453.3813  0.4602 
   00709    0.4260   -8454.4172  0.4593 
   00710    0.4244   -8457.7264  0.4576 
   00711    0.4292   -8467.7978  0.4538 
   00712    0.3988   -8443.8689  0.4580 
   00713    0.4236   -8477.3022  0.4588 
   00714    0.4164   -8497.0284  0.4571 
   00715    0.4096   -8470.5953  0.4540 
   00716    0.4116   -8506.6709  0.4573 
   00717    0.4084   -8523.9361  0.4567 
   00718    0.4012   -8562.1534  0.4650 
   00719    0.4248   -8521.6984  0.4596 
   00720    0.4116   -8553.1816  0.4596 
   00721    0.4044   -8526.9834  0.4549 
   00722    0.4108   -8491.8943  0.4514 
   00723    0.4212   -8494.4333  0.4541 
   00724    0.4164   -8499.2275  0.4546 
   00725    0.4148   -8506.9896  0.4552 
   00726    0.4164   -8508.0518  0.4506 
   00727    0.4012   -8496.1588  0.4479 
   00728    0.4088   -8514.3324  0.4565 
   00729    0.3992   -8534.0824  0.4570 
   00730    0.4152   -8498.2445  0.4620 
   00731    0.4044   -8498.7660  0.4622 
   00732    0.4408   -8499.7994  0.4658 
   00733    0.3996   -8521.5655  0.4631 
   00734    0.4332   -8493.3507  0.4567 
   00735    0.4100   -8489.5848  0.4483 
   00736    0.4156   -8499.8699  0.4539 
   00737    0.3920   -8544.9435  0.4630 
   00738    0.3968   -8508.2130  0.4623 
   00739    0.4140   -8488.7247  0.4578 
   00740    0.4272   -8458.4793  0.4484 
   00741    0.4108   -8440.5841  0.4481 
   00742    0.4140   -8483.0544  0.4603 
   00743    0.4068   -8458.8721  0.4666 
   00744    0.4320   -8440.9092  0.4636 
   00745    0.4088   -8468.1159  0.4682 
   00746    0.4144   -8471.5255  0.4674 
   00747    0.3996   -8504.3254  0.4673 
   00748    0.4056   -8489.4572  0.4656 
   00749    0.3932   -8550.5531  0.4655 
   00750    0.4196   -8532.4670  0.4606 
   00751    0.4148   -8525.7803  0.4576 
   00752    0.4192   -8545.7973  0.4558 
   00753    0.3928   -8557.9468  0.4590 
   00754    0.4184   -8522.5266  0.4632 
   00755    0.4076   -8508.5340  0.4687 
   00756    0.3992   -8484.1722  0.4664 
   00757    0.4188   -8530.5597  0.4659 
   00758    0.4140   -8529.6343  0.4634 
   00759    0.3960   -8516.3266  0.4627 
   00760    0.4196   -8517.0538  0.4687 
   00761    0.4144   -8510.3978  0.4739 
   00762    0.4132   -8517.0541  0.4750 
   00763    0.4240   -8545.2743  0.4699 
   00764    0.4120   -8562.6070  0.4701 
   00765    0.4152   -8567.2053  0.4651 
   00766    0.4212   -8575.9430  0.4694 
   00767    0.4096   -8560.4178  0.4686 
   00768    0.3948   -8499.0470  0.4644 
   00769    0.4036   -8454.8742  0.4568 
   00770    0.4312   -8453.6784  0.4572 
   00771    0.4164   -8445.9406  0.4670 
   00772    0.4168   -8444.9358  0.4727 
   00773    0.4148   -8436.0596  0.4752 
   00774    0.4176   -8430.8392  0.4728 
   00775    0.4092   -8434.8674  0.4724 
   00776    0.4048   -8450.2289  0.4821 
   00777    0.4168   -8482.7137  0.4904 
   00778    0.4028   -8525.1686  0.4923 
   00779    0.4020   -8543.6402  0.4920 
   00780    0.3976   -8500.3004  0.4939 
   00781    0.4036   -8550.5006  0.4912 
   00782    0.3916   -8548.1956  0.4910 
   00783    0.4044   -8532.0439  0.4940 
   00784    0.4056   -8497.5193  0.4974 
   00785    0.4136   -8461.5124  0.4920 
   00786    0.4216   -8462.6705  0.4913 
   00787    0.4132   -8499.4507  0.4920 
   00788    0.4208   -8519.9741  0.4968 
   00789    0.4252   -8528.9698  0.5003 
   00790    0.4168   -8523.1019  0.4964 
   00791    0.4112   -8493.1681  0.5071 
   00792    0.4188   -8474.9732  0.5063 
   00793    0.4160   -8484.2345  0.5049 
   00794    0.3984   -8533.2545  0.4973 
   00795    0.4072   -8497.0880  0.4970 
   00796    0.4040   -8489.1502  0.5005 
   00797    0.4196   -8491.6113  0.5015 
   00798    0.4232   -8466.8004  0.4997 
   00799    0.4324   -8459.4665  0.4996 
   00800    0.4084   -8506.9916  0.4991 
   00801    0.4124   -8514.3313  0.5058 
   00802    0.4288   -8498.5870  0.5102 
   00803    0.4092   -8484.9674  0.5053 
   00804    0.4372   -8477.8411  0.5018 
   00805    0.4188   -8475.3349  0.5106 
   00806    0.4120   -8464.4537  0.5137 
   00807    0.4040   -8430.9825  0.5104 
   00808    0.4124   -8486.5706  0.5165 
   00809    0.4240   -8477.2043  0.5132 
   00810    0.4084   -8567.1046  0.5158 
   00811    0.3932   -8592.6784  0.5065 
   00812    0.4260   -8617.9864  0.5058 
   00813    0.4120   -8577.7869  0.5068 
   00814    0.4236   -8581.0521  0.5128 
   00815    0.4184   -8565.2440  0.5223 
   00816    0.3952   -8609.2848  0.5141 
   00817    0.3992   -8551.3597  0.5092 
   00818    0.4116   -8549.7490  0.5052 
   00819    0.4192   -8510.2041  0.5057 
   00820    0.4024   -8467.8505  0.5088 
   00821    0.3920   -8453.9714  0.5100 
   00822    0.4160   -8429.4329  0.5101 
   00823    0.4052   -8428.0086  0.5105 
   00824    0.4136   -8405.6586  0.5030 
   00825    0.4220   -8411.8502  0.5007 
   00826    0.4304   -8403.2443  0.4938 
   00827    0.4124   -8436.7732  0.4947 
   00828    0.4148   -8437.3876  0.4989 
   00829    0.4144   -8471.7854  0.5026 
   00830    0.3940   -8491.8819  0.5088 
   00831    0.4188   -8500.8203  0.5119 
   00832    0.4144   -8484.8251  0.5053 
   00833    0.4012   -8491.6585  0.5018 
   00834    0.4200   -8493.8174  0.5055 
   00835    0.4084   -8463.0968  0.5046 
   00836    0.4164   -8469.5055  0.5050 
   00837    0.4036   -8495.1651  0.5079 
   00838    0.4060   -8468.7597  0.5021 
   00839    0.3944   -8491.3526  0.5065 
   00840    0.4128   -8484.2559  0.5046 
   00841    0.4388   -8418.4767  0.5146 
   00842    0.4056   -8433.6286  0.5151 
   00843    0.4152   -8412.0031  0.5153 
   00844    0.4168   -8403.4222  0.5205 
   00845    0.4112   -8431.9257  0.5198 
   00846    0.4208   -8473.3240  0.5260 
   00847    0.4032   -8521.8038  0.5285 
   00848    0.3968   -8493.1948  0.5280 
   00849    0.4160   -8514.9287  0.5360 
   00850    0.4188   -8517.1940  0.5370 
   00851    0.3904   -8506.0774  0.5370 
   00852    0.4056   -8479.3994  0.5326 
   00853    0.4064   -8487.7261  0.5340 
   00854    0.4052   -8518.6407  0.5347 
   00855    0.4124   -8504.9966  0.5385 
   00856    0.4112   -8507.7708  0.5375 
   00857    0.3920   -8521.2726  0.5338 
   00858    0.4112   -8593.0985  0.5363 
   00859    0.3920   -8558.3878  0.5397 
   00860    0.4100   -8564.5628  0.5427 
   00861    0.4048   -8532.3234  0.5366 
   00862    0.4140   -8498.5269  0.5430 
   00863    0.4032   -8540.6403  0.5408 
   00864    0.4088   -8509.9330  0.5436 
   00865    0.4132   -8454.1717  0.5434 
   00866    0.4208   -8455.7285  0.5399 
   00867    0.4268   -8463.0436  0.5533 
   00868    0.4040   -8515.1258  0.5548 
   00869    0.4000   -8524.5586  0.5566 
   00870    0.4040   -8513.4223  0.5520 
   00871    0.4036   -8540.3318  0.5568 
   00872    0.4120   -8520.3887  0.5571 
   00873    0.4004   -8512.1300  0.5511 
   00874    0.4044   -8507.2491  0.5522 
   00875    0.4284   -8500.8699  0.5547 
   00876    0.4148   -8497.1172  0.5543 
   00877    0.4096   -8500.7373  0.5520 
   00878    0.3984   -8492.3877  0.5537 
   00879    0.4140   -8495.3011  0.5547 
   00880    0.4080   -8473.6184  0.5572 
   00881    0.4212   -8483.2125  0.5646 
   00882    0.4188   -8494.9764  0.5617 
   00883    0.3964   -8497.0180  0.5659 
   00884    0.3956   -8457.2945  0.5694 
   00885    0.4064   -8461.5952  0.5723 
   00886    0.4024   -8427.3644  0.5733 
   00887    0.4200   -8440.6742  0.5754 
   00888    0.4164   -8473.2713  0.5764 
   00889    0.4156   -8490.6415  0.5750 
   00890    0.4128   -8475.4329  0.5753 
   00891    0.4192   -8439.3532  0.5674 
   00892    0.4244   -8447.3721  0.5643 
   00893    0.4008   -8489.6712  0.5644 
   00894    0.4200   -8468.4905  0.5628 
   00895    0.3848   -8470.7057  0.5620 
   00896    0.4160   -8489.7636  0.5599 
   00897    0.4228   -8498.0032  0.5616 
   00898    0.4144   -8490.8407  0.5581 
   00899    0.4016   -8503.4683  0.5626 
   00900    0.4220   -8521.8337  0.5668 
   00901    0.4244   -8527.0670  0.5679 
   00902    0.4208   -8541.1245  0.5726 
   00903    0.4012   -8519.5626  0.5800 
   00904    0.4208   -8528.6624  0.5743 
   00905    0.4068   -8523.3660  0.5754 
   00906    0.4148   -8537.5163  0.5779 
   00907    0.4028   -8500.0838  0.5783 
   00908    0.4312   -8489.7026  0.5824 
   00909    0.3964   -8523.7946  0.5894 
   00910    0.4136   -8555.4835  0.5963 
   00911    0.3980   -8571.5747  0.5980 
   00912    0.3904   -8550.1368  0.5973 
   00913    0.4036   -8569.3584  0.6047 
   00914    0.3964   -8533.6174  0.6003 
   00915    0.4072   -8546.4582  0.6022 
   00916    0.3964   -8541.0757  0.6016 
   00917    0.3916   -8515.4592  0.6012 
   00918    0.4052   -8524.2225  0.6029 
   00919    0.4208   -8543.2133  0.5974 
   00920    0.4112   -8553.9097  0.5931 
   00921    0.4132   -8571.6141  0.5899 
   00922    0.4260   -8534.1489  0.5948 
   00923    0.4176   -8525.6412  0.5936 
   00924    0.4232   -8514.4493  0.5814 
   00925    0.4040   -8465.4536  0.5822 
   00926    0.4216   -8461.1763  0.5873 
   00927    0.4180   -8413.2676  0.5867 
   00928    0.4180   -8422.9004  0.5928 
   00929    0.4108   -8441.5611  0.5963 
   00930    0.4196   -8412.5666  0.5905 
   00931    0.4228   -8432.2095  0.5887 
   00932    0.4184   -8463.3488  0.5970 
   00933    0.4136   -8486.4296  0.6062 
   00934    0.4032   -8458.6482  0.6046 
   00935    0.4140   -8477.4328  0.6092 
   00936    0.4116   -8489.7056  0.6057 
   00937    0.4120   -8515.7705  0.6059 
   00938    0.4148   -8532.7992  0.6073 
   00939    0.4024   -8540.0579  0.6099 
   00940    0.4056   -8592.0852  0.6132 
   00941    0.4052   -8586.7917  0.6119 
   00942    0.4148   -8576.9884  0.6135 
   00943    0.4264   -8578.3929  0.6142 
   00944    0.4172   -8564.8269  0.6175 
   00945    0.3968   -8580.7879  0.6191 
   00946    0.4192   -8572.5035  0.6143 
   00947    0.4112   -8567.0568  0.6178 
   00948    0.4084   -8526.6119  0.6181 
   00949    0.4048   -8479.4633  0.6145 
   00950    0.4108   -8472.7429  0.6201 
   00951    0.4100   -8516.5661  0.6228 
   00952    0.4172   -8544.2896  0.6272 
   00953    0.4144   -8551.4766  0.6300 
   00954    0.4132   -8580.6932  0.6268 
   00955    0.4128   -8562.6246  0.6288 
   00956    0.4088   -8553.0701  0.6296 
   00957    0.4200   -8528.9701  0.6288 
   00958    0.4096   -8549.2538  0.6299 
   00959    0.4072   -8543.2598  0.6303 
   00960    0.4016   -8539.2111  0.6340 
   00961    0.4124   -8544.4569  0.6396 
   00962    0.4104   -8512.7751  0.6409 
   00963    0.4252   -8524.0004  0.6326 
   00964    0.3972   -8544.4432  0.6292 
   00965    0.4100   -8540.1852  0.6345 
   00966    0.3972   -8609.6322  0.6493 
   00967    0.4072   -8564.7642  0.6433 
   00968    0.4068   -8507.1237  0.6399 
   00969    0.4124   -8484.4778  0.6404 
   00970    0.4160   -8513.7763  0.6461 
   00971    0.4200   -8491.3741  0.6493 
   00972    0.4140   -8462.2213  0.6448 
   00973    0.4228   -8447.0086  0.6442 
   00974    0.4144   -8489.4949  0.6499 
   00975    0.4120   -8504.5746  0.6521 
   00976    0.4056   -8579.2503  0.6589 
   00977    0.4148   -8542.6266  0.6579 
   00978    0.4144   -8564.5146  0.6626 
   00979    0.4056   -8587.6883  0.6656 
   00980    0.4124   -8575.3123  0.6664 
   00981    0.4068   -8564.9737  0.6678 
   00982    0.4092   -8587.1789  0.6724 
   00983    0.4096   -8570.0600  0.6727 
   00984    0.4252   -8601.8439  0.6676 
   00985    0.4208   -8575.9313  0.6627 
   00986    0.4208   -8568.0427  0.6594 
   00987    0.4196   -8506.4670  0.6592 
   00988    0.4060   -8526.4927  0.6621 
   00989    0.4192   -8533.8377  0.6592 
   00990    0.4072   -8538.6844  0.6587 
   00991    0.4364   -8494.2413  0.6644 
   00992    0.4060   -8524.9823  0.6622 
   00993    0.4028   -8551.8190  0.6569 
   00994    0.4036   -8577.3102  0.6586 
   00995    0.4052   -8554.7371  0.6629 
   00996    0.4040   -8574.5038  0.6650 
   00997    0.4224   -8536.2802  0.6622 
   00998    0.4136   -8611.2243  0.6692 
   00999    0.3948   -8585.2420  0.6683 
   01000    0.4084   -8628.0756  0.6623 
