#=====================================================
# File created:        Wed-29-Oct-2025-at-10-14-48PM
# Size of lattice:     50x50
# Number of MC steps:  1000
# Reduced temperature: 0.500
# Run time (s):        33.368898
#=====================================================
# MC step:  Ratio:     Energy:   Order:
#=====================================================
   00000    0.5000   -2516.2719  0.2759 
   00001    0.6972   -3801.4537  0.2873 
   00002    0.6084   -4470.4279  0.2873 
   00003    0.5932   -5040.7717  0.2880 
   00004    0.5496   -5506.9747  0.2833 
   00005    0.5392   -5855.8795  0.2857 
   00006    0.5276   -6165.2576  0.2870 
   00007    0.5000   -6378.5920  0.2847 
   00008    0.4960   -6549.4049  0.2906 
   00009    0.4920   -6694.7454  0.2901 
   00010    0.4912   -6740.1227  0.2874 
   00011    0.4748   -6899.2238  0.2970 
   00012    0.4796   -7004.7707  0.2921 
   00013    0.4736   -7107.3565  0.2928 
   00014    0.4700   -7176.6780  0.2904 
   00015    0.4572   -7230.5071  0.3014 
   00016    0.4608   -7356.4006  0.3086 
   00017    0.4736   -7407.7410  0.3113 
   00018    0.4796   -7415.4040  0.3130 
   00019    0.4380   -7433.7558  0.3253 
   00020    0.4488   -7467.6752  0.3229 
   00021    0.4520   -7559.4180  0.3288 
   00022    0.4516   -7644.0483  0.3321 
   00023    0.4456   -7677.8767  0.3371 
   00024    0.4364   -7679.3658  0.3390 
   00025    0.4332   -7709.1638  0.3411 
   00026    0.4364   -7691.8091  0.3408 
   00027    0.4512   -7721.8952  0.3433 
   00028    0.4264   -7804.2206  0.3467 
   00029    0.4396   -7801.4226  0.3400 
   00030    0.4416   -7831.1302  0.3388 
   00031    0.4368   -7813.3051  0.3388 
   00032    0.4384   -7878.4294  0.3385 
   00033    0.4252   -7903.1562  0.3410 
   00034    0.4448   -7953.4803  0.3444 
   00035    0.4256   -7943.4029  0.3401 
   00036    0.4364   -7944.3729  0.3459 
   00037    0.4228   -7971.8432  0.3460 
   00038    0.4276   -7972.0271  0.3472 
   00039    0.4248   -7968.6374  0.3500 
   00040    0.4384   -7973.3126  0.3478 
   00041    0.4364   -7994.3379  0.3440 
   00042    0.4348   -7988.6675  0.3461 
   00043    0.4204   -7986.7599  0.3484 
   00044    0.4288   -7964.6096  0.3514 
   00045    0.4308   -7973.9821  0.3549 
   00046    0.4452   -7966.2665  0.3540 
   00047    0.4164   -8042.4137  0.3606 
   00048    0.4384   -8030.4217  0.3547 
   00049    0.4340   -8053.9792  0.3577 
   00050    0.4424   -8090.9865  0.3646 
   00051    0.4272   -8108.9076  0.3719 
   00052    0.4196   -8139.8142  0.3783 
   00053    0.4216   -8088.0029  0.3781 
   00054    0.4176   -8092.0152  0.3770 
   00055    0.4124   -8172.1493  0.3840 
   00056    0.4376   -8150.0870  0.3897 
   00057    0.4216   -8164.9803  0.3905 
   00058    0.4340   -8192.4442  0.3893 
   00059    0.4076   -8250.4657  0.3910 
   00060    0.4176   -8217.7865  0.3978 
   00061    0.4212   -8146.5553  0.3955 
   00062    0.4304   -8167.8653  0.3981 
   00063    0.4184   -8138.3648  0.3994 
   00064    0.4248   -8134.3920  0.4027 
   00065    0.4184   -8117.7872  0.3962 
   00066    0.4388   -8201.7185  0.3950 
   00067    0.4176   -8222.7264  0.3941 
   00068    0.4180   -8256.9794  0.3956 
   00069    0.4300   -8232.1298  0.3964 
   00070    0.4168   -8245.6525  0.3925 
   00071    0.4052   -8255.2098  0.3905 
   00072    0.4292   -8271.3642  0.3960 
   00073    0.4144   -8280.2976  0.3920 
   00074    0.4120   -8302.3778  0.3937 
   00075    0.4152   -8309.4561  0.3962 
   00076    0.4192   -8319.6366  0.4023 
   00077    0.4052   -8329.8376  0.4014 
   00078    0.4300   -8325.3854  0.4058 
   00079    0.4008   -8283.1688  0.4093 
   00080    0.4292   -8289.3832  0.4094 
   00081    0.4408   -8297.8590  0.4118 
   00082    0.4332   -8235.7675  0.4142 
   00083    0.4208   -8272.1425  0.4155 
   00084    0.4268   -8267.0476  0.4178 
   00085    0.4304   -8262.9410  0.4200 
   00086    0.4304   -8315.0563  0.4211 
   00087    0.4204   -8309.4820  0.4188 
   00088    0.4352   -8291.5584  0.4187 
   00089    0.4160   -8307.4230  0.4240 
   00090    0.4220   -8245.6380  0.4201 
   00091    0.4176   -8254.5731  0.4189 
   00092    0.4348   -8264.9379  0.4126 
   00093    0.4192   -8256.8147  0.4191 
   00094    0.4196   -8271.7294  0.4203 
   00095    0.4152   -8277.8693  0.4210 
   00096    0.4072   -8281.4395  0.4221 
   00097    0.4392   -8326.2973  0.4239 
   00098    0.4152   -8336.5442  0.4286 
   00099    0.4284   -8327.4107  0.4278 
   00100    0.4432   -8371.0067  0.4270 
   00101    0.4280   -8357.9527  0.4287 
   00102    0.4064   -8351.2483  0.4289 
   00103    0.4240   -8374.8761  0.4285 
   00104    0.4088   -8330.6079  0.4217 
   00105    0.4160   -8332.1115  0.4261 
   00106    0.4192   -8401.1969  0.4221 
   00107    0.4164   -8356.3579  0.4147 
   00108    0.4212   -8346.2499  0.4162 
   00109    0.4288   -8343.4053  0.4129 
   00110    0.4220   -8285.1887  0.4155 
   00111    0.4140   -8296.4580  0.4181 
   00112    0.4044   -8218.1385  0.4202 
   00113    0.4192   -8218.4241  0.4187 
   00114    0.4064   -8226.9765  0.4180 
   00115    0.4232   -8265.4702  0.4115 
   00116    0.4236   -8276.9196  0.4065 
   00117    0.4212   -8246.9636  0.4043 
   00118    0.4240   -8267.5018  0.4093 
   00119    0.4056   -8263.6174  0.4051 
   00120    0.4124   -8226.1719  0.4072 
   00121    0.4228   -8265.9696  0.4131 
   00122    0.4048   -8250.2134  0.4157 
   00123    0.4292   -8254.2911  0.4120 
   00124    0.4192   -8254.6776  0.4165 
   00125    0.4124   -8227.4365  0.4144 
   00126    0.4048   -8216.4956  0.4157 
   00127    0.4204   -8224.2573  0.4174 
   00128    0.4196   -8233.6154  0.4193 
   00129    0.4048   -8280.7362  0.4271 
   00130    0.4116   -8308.4107  0.4268 
   00131    0.4120   -8293.3493  0.4170 
   00132    0.4040   -8258.4651  0.4217 
   00133    0.4212   -8266.6948  0.4254 
   00134    0.4064   -8269.1746  0.4211 
   00135    0.4160   -8257.8188  0.4208 
   00136    0.4196   -8290.3530  0.4189 
   00137    0.4284   -8286.3624  0.4164 
   00138    0.4116   -8238.5629  0.4165 
   00139    0.4224   -8254.4272  0.4140 
   00140    0.4032   -8270.4155  0.4087 
   00141    0.4044   -8251.4028  0.4073 
   00142    0.4192   -8272.7992  0.4071 
   00143    0.4264   -8302.2162  0.4105 
   00144    0.4328   -8307.8921  0.4083 
   00145    0.4164   -8297.0643  0.4073 
   00146    0.4196   -8274.8412  0.4046 
   00147    0.4220   -8314.9359  0.4086 
   00148    0.4224   -8321.7804  0.4043 
   00149    0.4200   -8335.2946  0.4069 
   00150    0.4204   -8336.4239  0.4089 
   00151    0.4244   -8362.7210  0.4074 
   00152    0.4212   -8387.4147  0.4146 
   00153    0.4104   -8353.7638  0.4116 
   00154    0.4228   -8390.9003  0.4083 
   00155    0.4268   -8320.3996  0.4018 
   00156    0.4284   -8353.4450  0.4033 
   00157    0.4284   -8405.3473  0.4022 
   00158    0.4224   -8386.6209  0.4042 
   00159    0.4072   -8348.6315  0.3925 
   00160    0.4180   -8357.4971  0.3913 
   00161    0.4272   -8403.1609  0.3997 
   00162    0.4180   -8373.8578  0.4021 
   00163    0.4264   -8337.7784  0.4039 
   00164    0.4236   -8386.0048  0.4132 
   00165    0.4224   -8401.9240  0.4120 
   00166    0.4136   -8405.2417  0.4123 
   00167    0.4052   -8403.9645  0.4119 
   00168    0.4104   -8440.2078  0.4103 
   00169    0.4000   -8465.9931  0.4186 
   00170    0.4076   -8444.9652  0.4140 
   00171    0.4076   -8399.6184  0.4172 
   00172    0.4104   -8380.9995  0.4103 
   00173    0.4180   -8414.8461  0.4093 
   00174    0.4296   -8415.5496  0.4054 
   00175    0.4072   -8355.3170  0.4096 
   00176    0.4092   -8347.5014  0.4076 
   00177    0.4228   -8393.3422  0.4055 
   00178    0.4092   -8394.9029  0.4046 
   00179    0.4116   -8435.6937  0.3998 
   00180    0.4144   -8389.4499  0.4030 
   00181    0.4108   -8446.3624  0.4062 
   00182    0.4124   -8472.5906  0.4109 
   00183    0.4132   -8440.0697  0.4011 
   00184    0.4192   -8439.7520  0.4043 
   00185    0.4096   -8420.0274  0.4062 
   00186    0.4164   -8381.9940  0.4054 
   00187    0.4148   -8379.7613  0.4101 
   00188    0.4112   -8419.2852  0.4134 
   00189    0.4280   -8426.8843  0.4094 
   00190    0.4172   -8403.9512  0.4132 
   00191    0.4340   -8372.6068  0.4141 
   00192    0.4168   -8385.5922  0.4107 
   00193    0.4068   -8414.2560  0.4114 
   00194    0.4324   -8375.3807  0.4108 
   00195    0.4148   -8369.9676  0.4055 
   00196    0.4068   -8383.1017  0.4101 
   00197    0.4312   -8376.0740  0.4080 
   00198    0.4192   -8411.5999  0.4058 
   00199    0.4172   -8445.7243  0.4070 
   00200    0.4400   -8414.2722  0.4094 
   00201    0.4140   -8397.0414  0.4107 
   00202    0.4264   -8448.7078  0.4092 
   00203    0.4016   -8473.9775  0.4100 
   00204    0.4116   -8475.0724  0.4076 
   00205    0.4160   -8424.3854  0.4081 
   00206    0.4240   -8426.0303  0.4057 
   00207    0.4040   -8393.7062  0.4101 
   00208    0.4244   -8405.1202  0.4073 
   00209    0.4164   -8430.9478  0.4071 
   00210    0.4112   -8457.8034  0.4037 
   00211    0.4156   -8428.9698  0.4109 
   00212    0.3972   -8413.6638  0.4073 
   00213    0.4272   -8434.8906  0.4121 
   00214    0.4096   -8425.2429  0.4123 
   00215    0.4124   -8436.8229  0.4222 
   00216    0.4212   -8433.4373  0.4298 
   00217    0.4024   -8468.6105  0.4324 
   00218    0.4076   -8485.1000  0.4268 
   00219    0.4108   -8477.9789  0.4227 
   00220    0.4324   -8461.7151  0.4218 
   00221    0.4300   -8492.0302  0.4281 
   00222    0.4268   -8464.1280  0.4246 
   00223    0.4092   -8508.9910  0.4230 
   00224    0.4076   -8492.7615  0.4247 
   00225    0.4268   -8485.7078  0.4223 
   00226    0.3964   -8489.2649  0.4260 
   00227    0.4252   -8451.7764  0.4201 
   00228    0.4452   -8425.2226  0.4250 
   00229    0.4248   -8420.2356  0.4291 
   00230    0.4096   -8376.4289  0.4326 
   00231    0.4224   -8444.3782  0.4323 
   00232    0.4124   -8382.0540  0.4315 
   00233    0.4184   -8375.4564  0.4249 
   00234    0.4096   -8342.9036  0.4215 
   00235    0.4184   -8367.4037  0.4195 
   00236    0.4140   -8394.6710  0.4221 
   00237    0.4228   -8433.9925  0.4219 
   00238    0.4204   -8428.6433  0.4259 
   00239    0.4096   -8430.0140  0.4223 
   00240    0.4236   -8390.9015  0.4214 
   00241    0.4096   -8403.7671  0.4210 
   00242    0.4120   -8373.5412  0.4234 
   00243    0.4136   -8411.4612  0.4285 
   00244    0.4084   -8403.1611  0.4289 
   00245    0.4180   -8435.8052  0.4316 
   00246    0.4220   -8427.5587  0.4372 
   00247    0.4144   -8460.8202  0.4346 
   00248    0.4156   -8434.5862  0.4379 
   00249    0.4140   -8416.9346  0.4364 
   00250    0.4084   -8385.8044  0.4367 
   00251    0.4404   -8427.9333  0.4377 
   00252    0.4156   -8434.9592  0.4416 
   00253    0.4220   -8420.3145  0.4322 
   00254    0.4040   -8387.9626  0.4302 
   00255    0.4276   -8415.5052  0.4203 
   00256    0.4040   -8402.1775  0.4198 
   00257    0.4128   -8426.4174  0.4137 
   00258    0.4272   -8448.5023  0.4183 
   00259    0.4060   -8483.2587  0.4241 
   00260    0.4164   -8488.7994  0.4310 
   00261    0.4108   -8511.0582  0.4263 
   00262    0.4084   -8475.9844  0.4228 
   00263    0.4124   -8484.3972  0.4239 
   00264    0.3984   -8467.0965  0.4191 
   00265    0.4100   -8472.6913  0.4237 
   00266    0.4072   -8507.2468  0.4234 
   00267    0.4060   -8481.4901  0.4267 
   00268    0.4240   -8486.8784  0.4317 
   00269    0.4044   -8483.2964  0.4309 
   00270    0.4204   -8452.5935  0.4298 
   00271    0.4292   -8452.2906  0.4315 
   00272    0.3988   -8433.5445  0.4262 
   00273    0.4088   -8434.5682  0.4292 
   00274    0.4184   -8424.9278  0.4271 
   00275    0.4096   -8408.9833  0.4217 
   00276    0.4044   -8394.2336  0.4242 
   00277    0.4212   -8410.7387  0.4204 
   00278    0.4092   -8370.3549  0.4167 
   00279    0.4116   -8367.5645  0.4222 
   00280    0.4112   -8396.8689  0.4238 
   00281    0.4304   -8404.7692  0.4293 
   00282    0.4036   -8407.5505  0.4190 
   00283    0.4184   -8447.9309  0.4237 
   00284    0.4048   -8485.9642  0.4169 
   00285    0.4112   -8515.0907  0.4229 
   00286    0.3964   -8490.4904  0.4228 
   00287    0.4048   -8446.2057  0.4192 
   00288    0.4128   -8434.0096  0.4208 
   00289    0.4180   -8445.4074  0.4100 
   00290    0.4108   -8490.5125  0.4186 
   00291    0.4264   -8457.2191  0.4174 
   00292    0.4008   -8456.1416  0.4148 
   00293    0.4172   -8410.2143  0.4132 
   00294    0.4332   -8423.3726  0.4165 
   00295    0.4092   -8377.9257  0.4190 
   00296    0.4260   -8395.4214  0.4299 
   00297    0.4176   -8411.2047  0.4324 
   00298    0.4160   -8425.0090  0.4362 
   00299    0.4220   -8444.4136  0.4408 
   00300    0.4176   -8417.2048  0.4410 
   00301    0.4104   -8382.4130  0.4461 
   00302    0.4120   -8394.0919  0.4453 
   00303    0.4052   -8436.5373  0.4488 
   00304    0.4184   -8414.8099  0.4405 
   00305    0.4112   -8420.8126  0.4426 
   00306    0.3996   -8461.5811  0.4390 
   00307    0.4084   -8451.9236  0.4398 
   00308    0.4160   -8471.1615  0.4394 
   00309    0.3936   -8479.3546  0.4410 
   00310    0.4216   -8478.3242  0.4451 
   00311    0.4192   -8459.8164  0.4450 
   00312    0.3976   -8471.1442  0.4428 
   00313    0.4172   -8460.5206  0.4438 
   00314    0.4244   -8434.3564  0.4419 
   00315    0.4276   -8393.8767  0.4418 
   00316    0.4352   -8389.4160  0.4430 
   00317    0.4140   -8388.7391  0.4480 
   00318    0.4160   -8425.1096  0.4527 
   00319    0.4228   -8438.2687  0.4588 
   00320    0.4132   -8499.3659  0.4615 
   00321    0.4268   -8509.4577  0.4677 
   00322    0.4052   -8527.7567  0.4634 
   00323    0.4028   -8561.4748  0.4673 
   00324    0.4076   -8545.4185  0.4657 
   00325    0.4088   -8536.6235  0.4666 
   00326    0.4036   -8562.0389  0.4698 
   00327    0.3952   -8566.5759  0.4705 
   00328    0.4048   -8550.3273  0.4704 
   00329    0.3880   -8505.2639  0.4824 
   00330    0.4076   -8494.9676  0.4855 
   00331    0.4024   -8467.1853  0.4830 
   00332    0.4112   -8489.5956  0.4799 
   00333    0.4092   -8479.7982  0.4798 
   00334    0.4080   -8449.4918  0.4744 
   00335    0.4080   -8506.4663  0.4813 
   00336    0.4124   -8503.2349  0.4835 
   00337    0.4088   -8525.5803  0.4826 
   00338    0.4144   -8513.2299  0.4840 
   00339    0.4288   -8481.1621  0.4873 
   00340    0.4220   -8490.6895  0.4787 
   00341    0.4060   -8483.7296  0.4777 
   00342    0.4284   -8438.9869  0.4753 
   00343    0.4068   -8411.8126  0.4742 
   00344    0.4116   -8475.7635  0.4747 
   00345    0.4096   -8472.5664  0.4749 
   00346    0.4092   -8438.9587  0.4689 
   00347    0.4344   -8433.2485  0.4702 
   00348    0.4276   -8497.1876  0.4770 
   00349    0.4144   -8502.3407  0.4818 
   00350    0.4220   -8525.4440  0.4838 
   00351    0.4256   -8478.8239  0.4831 
   00352    0.4100   -8433.0151  0.4803 
   00353    0.4128   -8422.7908  0.4755 
   00354    0.4368   -8463.8593  0.4732 
   00355    0.4156   -8410.9378  0.4726 
   00356    0.4296   -8464.6132  0.4755 
   00357    0.4112   -8483.8762  0.4769 
   00358    0.4080   -8462.9646  0.4812 
   00359    0.3948   -8448.8481  0.4853 
   00360    0.4220   -8429.7301  0.4840 
   00361    0.4040   -8481.0909  0.4716 
   00362    0.4092   -8501.1751  0.4720 
   00363    0.4048   -8504.6254  0.4768 
   00364    0.3996   -8437.3116  0.4715 
   00365    0.4192   -8456.7916  0.4766 
   00366    0.4092   -8463.2244  0.4714 
   00367    0.4052   -8458.5788  0.4766 
   00368    0.4140   -8476.7891  0.4789 
   00369    0.4024   -8449.5203  0.4773 
   00370    0.4136   -8473.7300  0.4727 
   00371    0.4116   -8518.2736  0.4814 
   00372    0.3924   -8523.1053  0.4770 
   00373    0.4136   -8509.2381  0.4664 
   00374    0.3980   -8502.1876  0.4713 
   00375    0.4048   -8504.2335  0.4710 
   00376    0.4036   -8527.9325  0.4743 
   00377    0.3984   -8580.2798  0.4723 
   00378    0.4308   -8568.6815  0.4711 
   00379    0.4076   -8563.4799  0.4663 
   00380    0.4216   -8583.8040  0.4658 
   00381    0.3912   -8590.2900  0.4657 
   00382    0.3936   -8562.2635  0.4687 
   00383    0.4212   -8639.9033  0.4704 
   00384    0.4088   -8573.1109  0.4713 
   00385    0.3908   -8576.7181  0.4721 
   00386    0.4056   -8566.0795  0.4751 
   00387    0.4076   -8606.5865  0.4703 
   00388    0.4056   -8554.5447  0.4680 
   00389    0.4184   -8559.3858  0.4738 
   00390    0.4244   -8519.9156  0.4720 
   00391    0.4228   -8517.2267  0.4739 
   00392    0.3984   -8542.9000  0.4780 
   00393    0.4264   -8553.5893  0.4805 
   00394    0.4112   -8591.5692  0.4789 
   00395    0.4000   -8571.6039  0.4781 
   00396    0.4056   -8572.1284  0.4808 
   00397    0.4304   -8527.2144  0.4805 
   00398    0.4284   -8476.3663  0.4853 
   00399    0.4164   -8516.8301  0.4914 
   00400    0.4080   -8518.8077  0.4932 
   00401    0.4128   -8510.4376  0.4894 
   00402    0.4128   -8478.7335  0.4848 
   00403    0.4028   -8492.2395  0.4930 
   00404    0.4012   -8477.9414  0.4886 
   00405    0.4148   -8535.9668  0.4866 
   00406    0.4136   -8494.1091  0.4779 
   00407    0.4044   -8510.6651  0.4803 
   00408    0.4256   -8491.1513  0.4809 
   00409    0.4028   -8495.4534  0.4827 
   00410    0.4180   -8511.4027  0.4870 
   00411    0.4184   -8523.4035  0.4874 
   00412    0.3976   -8540.9183  0.4844 
   00413    0.4284   -8488.5076  0.4853 
   00414    0.4240   -8483.5439  0.4912 
   00415    0.4040   -8516.6848  0.4940 
   00416    0.4248   -8498.0192  0.4878 
   00417    0.4000   -8482.7702  0.4950 
   00418    0.4164   -8493.5295  0.4927 
   00419    0.4176   -8519.7823  0.4940 
   00420    0.4056   -8523.7623  0.4956 
   00421    0.4116   -8521.2758  0.4977 
   00422    0.4216   -8542.9888  0.5038 
   00423    0.4248   -8565.8214  0.5035 
   00424    0.3956   -8571.1609  0.5047 
   00425    0.4168   -8523.7530  0.5055 
   00426    0.4164   -8550.2164  0.5055 
   00427    0.4020   -8529.0230  0.4982 
   00428    0.4088   -8518.3930  0.4985 
   00429    0.4356   -8536.2142  0.5036 
   00430    0.4028   -8506.7760  0.5043 
   00431    0.4084   -8498.6757  0.5020 
   00432    0.4208   -8542.1161  0.5025 
   00433    0.4028   -8551.3887  0.4993 
   00434    0.3868   -8513.1875  0.5003 
   00435    0.4340   -8547.7031  0.5066 
   00436    0.4396   -8554.3360  0.5148 
   00437    0.4204   -8508.6948  0.5142 
   00438    0.4188   -8530.9782  0.5146 
   00439    0.4080   -8549.3177  0.5096 
   00440    0.4216   -8524.8184  0.5112 
   00441    0.4028   -8555.2382  0.5129 
   00442    0.4056   -8554.4737  0.5127 
   00443    0.4132   -8512.1174  0.5192 
   00444    0.4172   -8441.4440  0.5226 
   00445    0.4260   -8486.1753  0.5301 
   00446    0.4052   -8504.1134  0.5276 
   00447    0.4136   -8559.1398  0.5329 
   00448    0.4184   -8541.8319  0.5336 
   00449    0.4064   -8521.8154  0.5353 
   00450    0.4176   -8500.5818  0.5342 
   00451    0.4160   -8494.2022  0.5448 
   00452    0.4128   -8501.6001  0.5453 
   00453    0.4204   -8495.3077  0.5445 
   00454    0.3948   -8495.1754  0.5468 
   00455    0.4020   -8523.9407  0.5516 
   00456    0.4156   -8511.8059  0.5519 
   00457    0.4204   -8442.0644  0.5502 
   00458    0.4176   -8501.6134  0.5521 
   00459    0.4240   -8513.3078  0.5544 
   00460    0.4144   -8572.6432  0.5606 
   00461    0.3944   -8553.8508  0.5609 
   00462    0.4004   -8530.1257  0.5533 
   00463    0.3900   -8543.6230  0.5516 
   00464    0.4108   -8525.9534  0.5468 
   00465    0.4196   -8516.6202  0.5419 
   00466    0.4276   -8495.5335  0.5398 
   00467    0.4112   -8502.9310  0.5412 
   00468    0.4236   -8484.4323  0.5464 
   00469    0.4156   -8502.4032  0.5482 
   00470    0.4228   -8518.8521  0.5411 
   00471    0.4244   -8509.6587  0.5423 
   00472    0.4108   -8506.4905  0.5465 
   00473    0.4184   -8513.9809  0.5380 
   00474    0.4188   -8561.4430  0.5428 
   00475    0.3932   -8566.8442  0.5430 
   00476    0.4076   -8532.8933  0.5457 
   00477    0.4152   -8512.1087  0.5452 
   00478    0.4184   -8529.5438  0.5471 
   00479    0.4140   -8551.3819  0.5468 
   00480    0.4416   -8543.3407  0.5484 
   00481    0.4140   -8533.4026  0.5477 
   00482    0.4168   -8530.0861  0.5507 
   00483    0.4120   -8513.6760  0.5516 
   00484    0.3876   -8493.7128  0.5453 
   00485    0.4056   -8504.6053  0.5408 
   00486    0.4056   -8524.6671  0.5479 
   00487    0.4192   -8507.2365  0.5449 
   00488    0.4208   -8486.5199  0.5425 
   00489    0.4104   -8495.0270  0.5429 
   00490    0.4252   -8506.5374  0.5483 
   00491    0.4124   -8527.4121  0.5527 
   00492    0.3932   -8501.5438  0.5502 
   00493    0.4228   -8479.3718  0.5481 
   00494    0.3968   -8485.8667  0.5405 
   00495    0.4188   -8491.8256  0.5473 
   00496    0.4092   -8535.7094  0.5519 
   00497    0.4048   -8559.1330  0.5553 
   00498    0.4176   -8540.1272  0.5577 
   00499    0.4056   -8534.7021  0.5634 
   00500    0.4016   -8509.7116  0.5573 
   00501    0.4052   -8460.9288  0.5590 
   00502    0.4168   -8476.5110  0.5654 
   00503    0.4240   -8499.5573  0.5621 
   00504    0.4048   -8493.6035  0.5622 
   00505    0.4260   -8479.2762  0.5699 
   00506    0.4000   -8441.8470  0.5703 
   00507    0.4008   -8486.1352  0.5742 
   00508    0.4160   -8532.3015  0.5755 
   00509    0.4264   -8501.3767  0.5749 
   00510    0.4164   -8506.7162  0.5873 
   00511    0.4148   -8480.5887  0.5871 
   00512    0.4176   -8505.7733  0.5850 
   00513    0.4080   -8554.2476  0.5854 
   00514    0.4236   -8505.6881  0.5851 
   00515    0.4176   -8524.7229  0.5801 
   00516    0.4084   -8506.5953  0.5763 
   00517    0.4056   -8544.0911  0.5804 
   00518    0.4196   -8568.2983  0.5836 
   00519    0.4076   -8584.8635  0.5835 
   00520    0.4120   -8586.6218  0.5839 
   00521    0.3900   -8605.2635  0.5846 
   00522    0.4080   -8576.7859  0.5861 
   00523    0.4124   -8575.8834  0.5817 
   00524    0.4112   -8566.1584  0.5843 
   00525    0.3960   -8598.5263  0.5801 
   00526    0.4036   -8583.0205  0.5782 
   00527    0.4056   -8592.0798  0.5799 
   00528    0.4008   -8589.4959  0.5759 
   00529    0.4096   -8611.7095  0.5852 
   00530    0.4240   -8592.2033  0.5860 
   00531    0.3948   -8607.9319  0.5868 
   00532    0.4156   -8616.1465  0.5862 
   00533    0.3940   -8615.1123  0.5866 
   00534    0.4004   -8577.6508  0.5855 
   00535    0.4052   -8580.0098  0.5820 
   00536    0.4100   -8542.3097  0.5703 
   00537    0.4156   -8560.5713  0.5742 
   00538    0.4188   -8552.6394  0.5791 
   00539    0.4032   -8524.9023  0.5737 
   00540    0.4088   -8534.7271  0.5725 
   00541    0.4172   -8516.2690  0.5733 
   00542    0.4352   -8557.9513  0.5769 
   00543    0.3932   -8537.2503  0.5760 
   00544    0.4136   -8555.9485  0.5735 
   00545    0.3924   -8534.0051  0.5802 
   00546    0.3996   -8474.2188  0.5764 
   00547    0.4084   -8488.4984  0.5718 
   00548    0.4176   -8487.5613  0.5727 
   00549    0.4224   -8504.7525  0.5657 
   00550    0.4160   -8509.2112  0.5697 
   00551    0.4144   -8495.9377  0.5721 
   00552    0.3976   -8532.3166  0.5662 
   00553    0.3876   -8550.2128  0.5674 
   00554    0.3992   -8520.8388  0.5670 
   00555    0.3900   -8585.3588  0.5623 
   00556    0.4088   -8591.7360  0.5578 
   00557    0.4060   -8546.5543  0.5575 
   00558    0.4056   -8551.8133  0.5572 
   00559    0.4228   -8547.4383  0.5522 
   00560    0.3992   -8530.4213  0.5569 
   00561    0.4136   -8524.5843  0.5639 
   00562    0.4180   -8541.3439  0.5666 
   00563    0.4208   -8553.6191  0.5606 
   00564    0.4208   -8548.6520  0.5602 
   00565    0.3884   -8559.2651  0.5605 
   00566    0.4000   -8524.3186  0.5587 
   00567    0.4240   -8554.0508  0.5556 
   00568    0.4132   -8536.5083  0.5556 
   00569    0.4016   -8555.5833  0.5538 
   00570    0.4028   -8510.3994  0.5492 
   00571    0.4124   -8458.9603  0.5431 
   00572    0.3916   -8468.9486  0.5437 
   00573    0.4124   -8388.6322  0.5318 
   00574    0.4000   -8437.9102  0.5252 
   00575    0.3968   -8448.0001  0.5252 
   00576    0.4176   -8490.1854  0.5244 
   00577    0.4124   -8509.6532  0.5222 
   00578    0.4244   -8505.3228  0.5286 
   00579    0.4060   -8495.2582  0.5235 
   00580    0.4220   -8467.5240  0.5258 
   00581    0.4188   -8463.6612  0.5187 
   00582    0.4064   -8487.3533  0.5151 
   00583    0.4200   -8478.4869  0.5129 
   00584    0.4148   -8520.7351  0.5169 
   00585    0.4088   -8538.1986  0.5237 
   00586    0.3948   -8568.3605  0.5362 
   00587    0.4220   -8583.7111  0.5341 
   00588    0.4248   -8580.9463  0.5328 
   00589    0.4260   -8614.6240  0.5415 
   00590    0.4160   -8580.7885  0.5438 
   00591    0.4080   -8577.6583  0.5497 
   00592    0.4084   -8518.0177  0.5443 
   00593    0.4048   -8458.0092  0.5380 
   00594    0.4156   -8523.6477  0.5416 
   00595    0.4144   -8492.7931  0.5378 
   00596    0.4208   -8482.9033  0.5398 
   00597    0.4112   -8485.5459  0.5376 
   00598    0.4408   -8440.7689  0.5315 
   00599    0.4216   -8482.5872  0.5369 
   00600    0.4128   -8458.6988  0.5329 
   00601    0.4032   -8513.4279  0.5274 
   00602    0.4268   -8529.4252  0.5257 
   00603    0.4060   -8505.0003  0.5271 
   00604    0.4164   -8517.9924  0.5236 
   00605    0.4180   -8503.1951  0.5252 
   00606    0.4276   -8482.2050  0.5212 
   00607    0.4228   -8477.8434  0.5176 
   00608    0.4168   -8487.2339  0.5158 
   00609    0.4240   -8490.0026  0.5155 
   00610    0.4124   -8456.5194  0.5058 
   00611    0.4028   -8422.6502  0.5038 
   00612    0.4120   -8456.4747  0.5082 
   00613    0.4128   -8448.4746  0.5048 
   00614    0.4076   -8522.5257  0.5110 
   00615    0.4024   -8524.8035  0.5075 
   00616    0.3968   -8558.4363  0.5090 
   00617    0.4196   -8559.3774  0.5093 
   00618    0.4144   -8535.7091  0.5128 
   00619    0.4272   -8542.6306  0.5039 
   00620    0.4064   -8532.3142  0.5000 
   00621    0.4008   -8503.0421  0.5018 
   00622    0.4056   -8518.0958  0.5022 
   00623    0.3916   -8487.6500  0.5018 
   00624    0.4148   -8500.4523  0.5050 
   00625    0.4120   -8486.2871  0.5004 
   00626    0.3884   -8491.6623  0.4948 
   00627    0.4016   -8519.8323  0.5006 
   00628    0.3952   -8473.9437  0.4954 
   00629    0.4032   -8521.5445  0.4973 
   00630    0.4132   -8509.8524  0.5002 
   00631    0.4036   -8524.0143  0.5031 
   00632    0.4152   -8540.5062  0.5019 
   00633    0.3988   -8485.0217  0.5012 
   00634    0.4164   -8457.4619  0.5019 
   00635    0.3992   -8469.3695  0.5107 
   00636    0.4216   -8449.2909  0.5111 
   00637    0.4208   -8490.6050  0.5119 
   00638    0.4072   -8498.7177  0.5125 
   00639    0.4112   -8476.7571  0.5098 
   00640    0.3936   -8525.2802  0.5099 
   00641    0.4216   -8565.5164  0.5090 
   00642    0.4132   -8554.0601  0.5088 
   00643    0.4032   -8549.2594  0.5079 
   00644    0.3952   -8537.2192  0.5071 
   00645    0.4092   -8527.7072  0.5072 
   00646    0.4024   -8516.2239  0.5069 
   00647    0.4116   -8551.1787  0.5104 
   00648    0.3900   -8566.0091  0.5086 
   00649    0.4380   -8553.8177  0.5089 
   00650    0.4148   -8525.2104  0.5065 
   00651    0.3924   -8483.3541  0.5045 
   00652    0.4216   -8496.2691  0.5041 
   00653    0.4268   -8488.4256  0.4954 
   00654    0.4164   -8509.1041  0.4969 
   00655    0.3964   -8525.7056  0.4942 
   00656    0.4152   -8545.9938  0.4973 
   00657    0.4036   -8546.4552  0.4929 
   00658    0.4036   -8560.1533  0.4913 
   00659    0.4016   -8534.6622  0.4911 
   00660    0.4016   -8550.6803  0.4880 
   00661    0.4100   -8546.0838  0.4854 
   00662    0.4084   -8529.7991  0.4890 
   00663    0.4200   -8524.5460  0.4919 
   00664    0.4112   -8529.3504  0.4919 
   00665    0.4100   -8533.2788  0.4931 
   00666    0.4108   -8569.1267  0.4925 
   00667    0.4120   -8553.4349  0.4977 
   00668    0.3912   -8541.1180  0.4967 
   00669    0.4084   -8529.0440  0.4994 
   00670    0.4156   -8538.9721  0.5052 
   00671    0.4188   -8511.1912  0.5140 
   00672    0.4076   -8526.7280  0.5150 
   00673    0.4180   -8538.9542  0.5128 
   00674    0.4092   -8494.0732  0.5111 
   00675    0.4164   -8534.2659  0.5068 
   00676    0.4224   -8518.9695  0.5112 
   00677    0.4096   -8510.4300  0.5129 
   00678    0.4180   -8507.7310  0.5119 
   00679    0.4108   -8513.4883  0.5131 
   00680    0.4240   -8516.8697  0.5153 
   00681    0.4260   -8568.2498  0.5118 
   00682    0.4160   -8569.2051  0.5083 
   00683    0.4172   -8576.2389  0.5055 
   00684    0.4152   -8568.7286  0.5053 
   00685    0.4152   -8545.0697  0.5043 
   00686    0.3948   -8541.2798  0.5020 
   00687    0.4276   -8542.7826  0.5013 
   00688    0.4280   -8530.9284  0.5028 
   00689    0.4032   -8540.6518  0.5046 
   00690    0.4084   -8523.6366  0.5069 
   00691    0.4132   -8501.0721  0.5020 
   00692    0.4188   -8484.5577  0.4964 
   00693    0.4152   -8445.6601  0.4900 
   00694    0.4148   -8477.5660  0.4912 
   00695    0.4016   -8480.3844  0.4918 
   00696    0.4072   -8489.0076  0.4886 
   00697    0.4052   -8481.0771  0.4963 
   00698    0.4348   -8489.4144  0.4984 
   00699    0.4052   -8510.7778  0.5109 
   00700    0.4140   -8541.9969  0.5096 
   00701    0.4200   -8588.5890  0.5085 
   00702    0.4236   -8648.6002  0.5085 
   00703    0.3912   -8586.3766  0.5091 
   00704    0.4024   -8571.0594  0.5008 
   00705    0.4068   -8552.7663  0.5052 
   00706    0.4008   -8534.0331  0.4997 
   00707    0.4136   -8523.6515  0.5013 
   00708    0.4208   -8559.9434  0.4969 
   00709    0.4040   -8554.2610  0.4976 
   00710    0.4120   -8550.6185  0.4903 
   00711    0.4048   -8554.4537  0.4919 
   00712    0.4224   -8542.3049  0.4910 
   00713    0.4220   -8496.8010  0.4900 
   00714    0.4024   -8541.5115  0.4911 
   00715    0.3856   -8540.0758  0.4972 
   00716    0.4080   -8543.6326  0.5057 
   00717    0.4200   -8515.0480  0.5028 
   00718    0.4148   -8547.3937  0.5068 
   00719    0.4076   -8548.5597  0.5049 
   00720    0.4032   -8535.6817  0.5005 
   00721    0.4236   -8516.4873  0.5002 
   00722    0.4284   -8497.8781  0.5008 
   00723    0.4104   -8513.8176  0.5060 
   00724    0.4172   -8503.2794  0.5122 
   00725    0.4112   -8515.7031  0.5116 
   00726    0.4096   -8516.2877  0.5109 
   00727    0.3936   -8486.7676  0.5062 
   00728    0.4020   -8462.7583  0.5046 
   00729    0.4100   -8515.2266  0.5070 
   00730    0.4204   -8512.3343  0.5020 
   00731    0.4080   -8496.1720  0.4993 
   00732    0.3960   -8522.4145  0.5027 
   00733    0.4128   -8504.7663  0.5025 
   00734    0.4136   -8517.9689  0.5022 
   00735    0.4044   -8501.4060  0.5004 
   00736    0.3960   -8540.9218  0.5019 
   00737    0.4032   -8529.9831  0.4963 
   00738    0.4072   -8554.1038  0.4925 
   00739    0.4004   -8561.2254  0.4917 
   00740    0.3924   -8555.7589  0.4905 
   00741    0.4060   -8522.2577  0.4986 
   00742    0.4036   -8513.7081  0.4927 
   00743    0.4144   -8498.1398  0.4849 
   00744    0.4096   -8482.2113  0.4887 
   00745    0.4116   -8486.1763  0.4865 
   00746    0.4048   -8489.5754  0.4865 
   00747    0.4076   -8519.1165  0.4888 
   00748    0.4200   -8463.0578  0.4921 
   00749    0.4284   -8440.0944  0.4938 
   00750    0.4292   -8492.3208  0.4967 
   00751    0.4024   -8474.7553  0.4992 
   00752    0.3976   -8506.5095  0.4973 
   00753    0.4012   -8546.0812  0.5008 
   00754    0.4020   -8520.2700  0.4938 
   00755    0.4004   -8507.9735  0.4913 
   00756    0.3968   -8555.2732  0.4848 
   00757    0.3944   -8596.4327  0.4801 
   00758    0.4216   -8533.9594  0.4791 
   00759    0.3988   -8528.0393  0.4830 
   00760    0.4056   -8546.2705  0.4826 
   00761    0.4132   -8552.7826  0.4886 
   00762    0.4116   -8587.0465  0.4886 
   00763    0.4100   -8601.9532  0.4915 
   00764    0.4064   -8559.3403  0.4984 
   00765    0.4008   -8534.4014  0.4959 
   00766    0.3932   -8544.8675  0.5023 
   00767    0.4312   -8529.2539  0.5043 
   00768    0.3904   -8476.4437  0.5065 
   00769    0.4116   -8502.3521  0.5136 
   00770    0.4336   -8488.2377  0.5113 
   00771    0.4192   -8490.2296  0.5129 
   00772    0.4188   -8493.9773  0.5090 
   00773    0.4052   -8486.1106  0.5119 
   00774    0.4256   -8478.5071  0.5153 
   00775    0.3976   -8470.3208  0.5229 
   00776    0.4100   -8506.5722  0.5236 
   00777    0.4260   -8518.6300  0.5241 
   00778    0.3956   -8520.6963  0.5211 
   00779    0.4312   -8514.9015  0.5214 
   00780    0.4192   -8478.0173  0.5196 
   00781    0.4172   -8519.2201  0.5236 
   00782    0.4208   -8554.0416  0.5244 
   00783    0.4144   -8549.8605  0.5200 
   00784    0.3936   -8572.9640  0.5144 
   00785    0.4204   -8574.2395  0.5131 
   00786    0.3980   -8574.7756  0.5145 
   00787    0.4020   -8519.7421  0.5161 
   00788    0.4088   -8487.8914  0.5144 
   00789    0.4012   -8484.5334  0.5149 
   00790    0.4164   -8521.0240  0.5179 
   00791    0.4036   -8529.5950  0.5223 
   00792    0.4140   -8510.7456  0.5134 
   00793    0.4308   -8508.2026  0.5093 
   00794    0.4384   -8503.1742  0.5104 
   00795    0.4080   -8481.9021  0.5113 
   00796    0.3988   -8445.8937  0.5170 
   00797    0.4152   -8427.0534  0.5128 
   00798    0.3884   -8428.3977  0.5116 
   00799    0.4008   -8445.1942  0.5140 
   00800    0.4316   -8434.4408  0.5126 
   00801    0.4212   -8429.3341  0.5051 
   00802    0.4172   -8388.0662  0.5013 
   00803    0.4228   -8423.9917  0.5021 
   00804    0.4236   -8493.4088  0.5120 
   00805    0.4156   -8508.7866  0.5102 
   00806    0.4272   -8513.1724  0.5153 
   00807    0.4148   -8564.7611  0.5156 
   00808    0.4176   -8522.6660  0.5128 
   00809    0.4092   -8541.0699  0.5096 
   00810    0.4028   -8530.2871  0.5089 
   00811    0.4192   -8480.2513  0.5076 
   00812    0.4084   -8507.1636  0.5061 
   00813    0.4040   -8493.0219  0.5091 
   00814    0.3968   -8505.8192  0.5159 
   00815    0.4044   -8508.9120  0.5155 
   00816    0.4188   -8592.4344  0.5148 
   00817    0.4036   -8612.8567  0.5185 
   00818    0.4144   -8598.5636  0.5212 
   00819    0.4044   -8590.5611  0.5180 
   00820    0.4172   -8554.7327  0.5078 
   00821    0.4236   -8554.6482  0.5058 
   00822    0.4204   -8522.6576  0.5077 
   00823    0.4068   -8475.3385  0.5032 
   00824    0.4108   -8498.5911  0.5027 
   00825    0.4296   -8497.7978  0.5005 
   00826    0.3952   -8490.0696  0.5023 
   00827    0.4112   -8465.1842  0.5038 
   00828    0.4148   -8494.1331  0.5045 
   00829    0.4216   -8500.3952  0.4988 
   00830    0.4164   -8474.6780  0.4944 
   00831    0.4108   -8409.7573  0.4960 
   00832    0.4148   -8490.3531  0.4973 
   00833    0.4068   -8482.9056  0.4951 
   00834    0.4056   -8440.7524  0.4924 
   00835    0.4216   -8444.6513  0.4894 
   00836    0.4224   -8483.5608  0.4833 
   00837    0.4188   -8454.1309  0.4858 
   00838    0.4052   -8454.3736  0.4872 
   00839    0.4160   -8478.4866  0.4876 
   00840    0.4148   -8454.4985  0.4884 
   00841    0.4204   -8480.6626  0.4882 
   00842    0.4020   -8473.5794  0.4861 
   00843    0.4216   -8492.5809  0.4856 
   00844    0.3968   -8499.7281  0.4879 
   00845    0.4120   -8518.5004  0.4910 
   00846    0.4076   -8505.5670  0.4933 
   00847    0.4148   -8478.8987  0.4845 
   00848    0.4012   -8487.8544  0.4839 
   00849    0.4248   -8529.9246  0.4844 
   00850    0.4112   -8546.8260  0.4831 
   00851    0.4104   -8510.9756  0.4744 
   00852    0.4060   -8522.8714  0.4729 
   00853    0.4112   -8505.1333  0.4767 
   00854    0.4140   -8495.8282  0.4723 
   00855    0.4072   -8522.1436  0.4688 
   00856    0.4080   -8530.4898  0.4690 
   00857    0.4156   -8516.8866  0.4713 
   00858    0.4084   -8506.5208  0.4711 
   00859    0.4136   -8498.4405  0.4691 
   00860    0.4116   -8541.0161  0.4722 
   00861    0.4180   -8517.8981  0.4756 
   00862    0.4128   -8524.6816  0.4720 
   00863    0.4168   -8492.9105  0.4701 
   00864    0.4332   -8450.0918  0.4673 
   00865    0.4068   -8456.1232  0.4612 
   00866    0.3892   -8482.5869  0.4601 
   00867    0.4172   -8471.7966  0.4636 
   00868    0.4148   -8494.3288  0.4712 
   00869    0.4264   -8465.0494  0.4664 
   00870    0.4120   -8468.9407  0.4656 
   00871    0.4160   -8526.4120  0.4699 
   00872    0.4168   -8533.1575  0.4710 
   00873    0.4052   -8558.1752  0.4695 
   00874    0.4000   -8550.5688  0.4641 
   00875    0.4032   -8534.2937  0.4682 
   00876    0.4172   -8542.3872  0.4746 
   00877    0.4308   -8513.8591  0.4743 
   00878    0.3952   -8511.9501  0.4838 
   00879    0.4136   -8538.7801  0.4854 
   00880    0.4280   -8579.3276  0.4869 
   00881    0.4164   -8527.4155  0.4861 
   00882    0.3932   -8594.6080  0.4874 
   00883    0.4060   -8593.4129  0.4872 
   00884    0.3872   -8594.8305  0.4867 
   00885    0.4052   -8595.6483  0.4781 
   00886    0.3928   -8633.8744  0.4722 
   00887    0.4228   -8621.0148  0.4667 
   00888    0.4108   -8600.7767  0.4675 
   00889    0.4180   -8567.0396  0.4616 
   00890    0.3912   -8589.6299  0.4569 
   00891    0.4096   -8591.2160  0.4522 
   00892    0.4048   -8542.5138  0.4551 
   00893    0.4208   -8551.4548  0.4543 
   00894    0.4168   -8496.9495  0.4485 
   00895    0.4156   -8525.1555  0.4483 
   00896    0.4124   -8528.9237  0.4538 
   00897    0.4176   -8566.9739  0.4613 
   00898    0.3980   -8559.4001  0.4656 
   00899    0.4268   -8586.7848  0.4673 
   00900    0.3860   -8521.3551  0.4718 
   00901    0.4248   -8501.9480  0.4739 
   00902    0.4084   -8540.2470  0.4742 
   00903    0.4188   -8549.8877  0.4720 
   00904    0.4320   -8550.4653  0.4682 
   00905    0.3932   -8570.2049  0.4703 
   00906    0.4152   -8573.2679  0.4714 
   00907    0.4032   -8581.0190  0.4675 
   00908    0.4016   -8588.7340  0.4697 
   00909    0.4060   -8573.2476  0.4688 
   00910    0.4044   -8523.3736  0.4615 
   00911    0.4076   -8488.1101  0.4617 
   00912    0.4240   -8509.3059  0.4595 
   00913    0.4080   -8484.5700  0.4639 
   00914    0.4024   -8528.6701  0.4673 
   00915    0.3916   -8520.4155  0.4678 
   00916    0.4112   -8519.1958  0.4648 
   00917    0.4036   -8541.8319  0.4667 
   00918    0.4320   -8554.4260  0.4679 
   00919    0.3992   -8575.0872  0.4656 
   00920    0.4128   -8559.5327  0.4631 
   00921    0.4216   -8499.9796  0.4627 
   00922    0.4356   -8479.4377  0.4627 
   00923    0.3956   -8459.8429  0.4627 
   00924    0.4184   -8516.6118  0.4700 
   00925    0.4112   -8531.3257  0.4714 
   00926    0.3980   -8537.7726  0.4689 
   00927    0.4112   -8500.2564  0.4664 
   00928    0.4244   -8510.8417  0.4672 
   00929    0.4216   -8488.8052  0.4703 
   00930    0.4136   -8494.9724  0.4726 
   00931    0.4036   -8505.7049  0.4702 
   00932    0.3956   -8518.8828  0.4708 
   00933    0.4120   -8499.5834  0.4605 
   00934    0.4064   -8516.4314  0.4608 
   00935    0.4176   -8501.0263  0.4609 
   00936    0.4048   -8559.4603  0.4654 
   00937    0.3972   -8577.3609  0.4693 
   00938    0.4164   -8547.1765  0.4739 
   00939    0.4068   -8540.4539  0.4716 
   00940    0.4144   -8504.3984  0.4680 
   00941    0.4248   -8514.4992  0.4683 
   00942    0.4340   -8562.4757  0.4666 
   00943    0.4228   -8559.2878  0.4677 
   00944    0.4108   -8596.1577  0.4632 
   00945    0.4016   -8564.5208  0.4597 
   00946    0.4092   -8589.0827  0.4520 
   00947    0.4092   -8571.0383  0.4484 
   00948    0.4156   -8523.2835  0.4484 
   00949    0.4084   -8543.9276  0.4519 
   00950    0.4016   -8572.8685  0.4522 
   00951    0.4204   -8548.4926  0.4570 
   00952    0.4192   -8558.1229  0.4565 
   00953    0.4060   -8571.7256  0.4519 
   00954    0.4004   -8562.7401  0.4511 
   00955    0.4048   -8529.6945  0.4416 
   00956    0.4064   -8488.8462  0.4421 
   00957    0.4044   -8475.1034  0.4465 
   00958    0.4004   -8506.2463  0.4379 
   00959    0.4064   -8478.5093  0.4321 
   00960    0.4140   -8536.5899  0.4330 
   00961    0.4080   -8545.1369  0.4362 
   00962    0.4148   -8581.7774  0.4359 
   00963    0.4148   -8582.9326  0.4406 
   00964    0.4180   -8594.2020  0.4408 
   00965    0.4088   -8569.8000  0.4369 
   00966    0.4148   -8554.8435  0.4408 
   00967    0.4224   -8524.5899  0.4385 
   00968    0.4072   -8493.0505  0.4403 
   00969    0.4136   -8482.7481  0.4365 
   00970    0.4084   -8507.5224  0.4421 
   00971    0.4196   -8482.5421  0.4383 
   00972    0.4156   -8464.7504  0.4379 
   00973    0.4108   -8504.5494  0.4428 
   00974    0.4184   -8516.6061  0.4418 
   00975    0.4112   -8522.3433  0.4413 
   00976    0.4032   -8547.8016  0.4382 
   00977    0.3952   -8556.9371  0.4403 
   00978    0.4052   -8548.6159  0.4343 
   00979    0.4084   -8523.7960  0.4316 
   00980    0.4068   -8501.5980  0.4316 
   00981    0.4180   -8491.7577  0.4280 
   00982    0.4112   -8497.2463  0.4250 
   00983    0.4204   -8505.6066  0.4262 
   00984    0.4176   -8558.8045  0.4322 
   00985    0.3900   -8555.1736  0.4354 
   00986    0.3980   -8552.8491  0.4326 
   00987    0.4164   -8545.3204  0.4324 
   00988    0.4104   -8525.9823  0.4350 
   00989    0.3928   -8558.4972  0.4351 
   00990    0.4076   -8576.1087  0.4373 
   00991    0.4084   -8595.5853  0.4402 
   00992    0.4080   -8562.3524  0.4367 
   00993    0.4088   -8561.8331  0.4308 
   00994    0.3888   -8552.7902  0.4305 
   00995    0.4032   -8523.2068  0.4290 
   00996    0.4288   -8534.6968  0.4187 
   00997    0.4144   -8517.1872  0.4172 
   00998    0.4148   -8506.6458  0.4170 
   00999    0.4228   -8547.2888  0.4171 
   01000    0.3944   -8547.2625  0.4251 
