#=====================================================
# File created:        Wed-29-Oct-2025-at-10-17-02PM
# Size of lattice:     50x50
# Number of MC steps:  1000
# Reduced temperature: 0.500
# Run time (s):        32.922801
#=====================================================
# MC step:  Ratio:     Energy:   Order:
#=====================================================
   00000    0.5000   -2506.4865  0.2785 
   00001    0.6888   -3686.6702  0.2821 
   00002    0.6204   -4571.8464  0.2912 
   00003    0.5944   -5116.7967  0.3001 
   00004    0.5512   -5534.9268  0.3119 
   00005    0.5536   -5918.5610  0.3252 
   00006    0.5208   -6209.8637  0.3446 
   00007    0.5256   -6484.7437  0.3459 
   00008    0.4868   -6635.2720  0.3567 
   00009    0.4948   -6812.0151  0.3619 
   00010    0.4872   -6890.1565  0.3682 
   00011    0.4848   -6966.3179  0.3722 
   00012    0.4824   -7055.2045  0.3729 
   00013    0.4696   -7205.6095  0.3798 
   00014    0.4632   -7281.2263  0.3751 
   00015    0.4440   -7393.9215  0.3855 
   00016    0.4496   -7483.5964  0.3908 
   00017    0.4500   -7534.0662  0.3985 
   00018    0.4476   -7546.3533  0.4057 
   00019    0.4328   -7607.3566  0.4066 
   00020    0.4464   -7718.6222  0.4175 
   00021    0.4328   -7766.4357  0.4184 
   00022    0.4432   -7805.7377  0.4235 
   00023    0.4536   -7841.0476  0.4250 
   00024    0.4508   -7915.8695  0.4319 
   00025    0.4272   -7967.5415  0.4352 
   00026    0.4284   -7976.2028  0.4398 
   00027    0.4192   -7987.3067  0.4447 
   00028    0.4456   -8002.5679  0.4426 
   00029    0.4400   -8013.0170  0.4541 
   00030    0.4424   -8019.1187  0.4575 
   00031    0.4276   -8036.3814  0.4608 
   00032    0.4352   -8039.4871  0.4623 
   00033    0.4272   -8053.7650  0.4583 
   00034    0.4236   -8057.8123  0.4615 
   00035    0.4372   -8048.0029  0.4680 
   00036    0.4308   -8139.2352  0.4729 
   00037    0.4256   -8157.2130  0.4735 
   00038    0.4252   -8202.4074  0.4787 
   00039    0.4164   -8171.5926  0.4837 
   00040    0.4248   -8173.1301  0.4787 
   00041    0.4160   -8215.0004  0.4852 
   00042    0.4252   -8168.8048  0.4864 
   00043    0.4200   -8167.1177  0.4853 
   00044    0.4292   -8198.6558  0.4879 
   00045    0.4064   -8232.8213  0.4929 
   00046    0.4316   -8240.0021  0.4917 
   00047    0.4240   -8230.0069  0.4908 
   00048    0.4172   -8210.8691  0.4889 
   00049    0.4108   -8203.0836  0.4864 
   00050    0.4320   -8253.8591  0.4820 
   00051    0.4244   -8249.7392  0.4870 
   00052    0.4112   -8233.1142  0.4944 
   00053    0.4240   -8242.4127  0.5007 
   00054    0.4224   -8242.7826  0.5028 
   00055    0.4136   -8267.3626  0.5076 
   00056    0.4040   -8240.2763  0.5081 
   00057    0.4168   -8256.4810  0.5077 
   00058    0.4144   -8246.2827  0.5113 
   00059    0.4320   -8257.7106  0.5151 
   00060    0.4236   -8257.8766  0.5173 
   00061    0.4232   -8275.8392  0.5125 
   00062    0.4052   -8251.4982  0.5138 
   00063    0.4084   -8307.4317  0.5117 
   00064    0.4280   -8353.8050  0.5163 
   00065    0.4132   -8347.8104  0.5204 
   00066    0.4252   -8325.3460  0.5172 
   00067    0.4288   -8364.2079  0.5173 
   00068    0.4136   -8288.4390  0.5189 
   00069    0.4076   -8287.8544  0.5208 
   00070    0.4304   -8232.5421  0.5186 
   00071    0.3996   -8319.9511  0.5211 
   00072    0.4048   -8334.3945  0.5257 
   00073    0.4104   -8358.2914  0.5272 
   00074    0.4176   -8355.4140  0.5250 
   00075    0.4228   -8336.0396  0.5227 
   00076    0.4204   -8312.4558  0.5220 
   00077    0.4108   -8318.4209  0.5191 
   00078    0.4040   -8335.3298  0.5187 
   00079    0.4200   -8357.7345  0.5174 
   00080    0.4212   -8370.6718  0.5050 
   00081    0.4212   -8310.8882  0.5037 
   00082    0.4236   -8312.6755  0.5088 
   00083    0.4256   -8313.4563  0.5010 
   00084    0.4216   -8334.1885  0.5053 
   00085    0.4112   -8319.1355  0.5068 
   00086    0.4156   -8279.7344  0.5085 
   00087    0.4196   -8278.1961  0.5105 
   00088    0.4204   -8279.7892  0.5136 
   00089    0.4140   -8306.9297  0.5072 
   00090    0.4244   -8358.5430  0.5097 
   00091    0.4212   -8330.9206  0.5185 
   00092    0.4280   -8286.1572  0.5169 
   00093    0.4176   -8280.6964  0.5178 
   00094    0.4292   -8325.6005  0.5207 
   00095    0.4100   -8349.9935  0.5226 
   00096    0.3964   -8385.7304  0.5210 
   00097    0.4168   -8348.6862  0.5229 
   00098    0.4364   -8329.2369  0.5308 
   00099    0.4116   -8351.0900  0.5354 
   00100    0.4268   -8329.4008  0.5281 
   00101    0.4044   -8316.1359  0.5378 
   00102    0.4228   -8357.2751  0.5445 
   00103    0.4176   -8368.5237  0.5390 
   00104    0.4052   -8423.5603  0.5432 
   00105    0.4180   -8385.7080  0.5416 
   00106    0.4172   -8365.9705  0.5436 
   00107    0.4316   -8390.9495  0.5441 
   00108    0.4244   -8411.1359  0.5465 
   00109    0.4156   -8400.2068  0.5433 
   00110    0.3992   -8407.9834  0.5462 
   00111    0.4032   -8363.0449  0.5399 
   00112    0.4160   -8362.8867  0.5409 
   00113    0.4212   -8367.9580  0.5454 
   00114    0.4212   -8377.6326  0.5552 
   00115    0.4088   -8444.2539  0.5537 
   00116    0.4136   -8463.5721  0.5604 
   00117    0.4104   -8457.4622  0.5567 
   00118    0.3988   -8443.5816  0.5631 
   00119    0.4276   -8429.3261  0.5700 
   00120    0.4160   -8410.6749  0.5667 
   00121    0.4012   -8384.8664  0.5789 
   00122    0.4188   -8400.0354  0.5815 
   00123    0.4124   -8410.3468  0.5810 
   00124    0.4172   -8399.7738  0.5839 
   00125    0.4356   -8377.0990  0.5801 
   00126    0.4024   -8415.2784  0.5815 
   00127    0.4224   -8450.9546  0.5786 
   00128    0.4288   -8464.3188  0.5828 
   00129    0.4184   -8451.3559  0.5795 
   00130    0.3920   -8431.7578  0.5817 
   00131    0.4304   -8467.9200  0.5846 
   00132    0.4044   -8477.0804  0.5861 
   00133    0.4100   -8466.0125  0.5814 
   00134    0.4044   -8468.8224  0.5905 
   00135    0.4196   -8442.8605  0.5934 
   00136    0.4220   -8455.6852  0.5959 
   00137    0.4252   -8465.3960  0.5942 
   00138    0.4120   -8427.7256  0.5904 
   00139    0.4220   -8461.5688  0.5926 
   00140    0.4228   -8448.4852  0.5888 
   00141    0.4056   -8456.6730  0.5901 
   00142    0.4004   -8454.0737  0.5934 
   00143    0.4144   -8416.6050  0.5905 
   00144    0.4076   -8441.5259  0.5954 
   00145    0.4056   -8477.3493  0.5988 
   00146    0.4172   -8472.9960  0.6025 
   00147    0.3956   -8495.0720  0.6079 
   00148    0.4240   -8490.0083  0.6096 
   00149    0.4180   -8477.1566  0.6110 
   00150    0.4088   -8471.6610  0.6110 
   00151    0.4184   -8450.7055  0.6135 
   00152    0.4108   -8439.9817  0.6103 
   00153    0.4116   -8456.4385  0.6104 
   00154    0.4188   -8460.3062  0.6208 
   00155    0.4096   -8455.3158  0.6170 
   00156    0.4052   -8465.4213  0.6152 
   00157    0.4212   -8515.6512  0.6171 
   00158    0.4000   -8510.6265  0.6161 
   00159    0.4172   -8508.6068  0.6268 
   00160    0.4192   -8497.8671  0.6301 
   00161    0.4000   -8478.8953  0.6299 
   00162    0.4236   -8460.8647  0.6235 
   00163    0.4016   -8465.5903  0.6254 
   00164    0.4176   -8470.8497  0.6290 
   00165    0.4224   -8471.1894  0.6325 
   00166    0.4176   -8486.2032  0.6358 
   00167    0.3928   -8454.7549  0.6347 
   00168    0.4176   -8439.4748  0.6366 
   00169    0.4244   -8463.4819  0.6387 
   00170    0.4136   -8461.8104  0.6403 
   00171    0.4176   -8486.5333  0.6427 
   00172    0.4164   -8479.3698  0.6429 
   00173    0.4060   -8513.0588  0.6429 
   00174    0.4092   -8508.7734  0.6366 
   00175    0.4328   -8482.2931  0.6407 
   00176    0.4004   -8507.2287  0.6459 
   00177    0.4088   -8531.9531  0.6429 
   00178    0.3876   -8509.3687  0.6432 
   00179    0.4140   -8519.0875  0.6440 
   00180    0.3860   -8448.5112  0.6377 
   00181    0.4128   -8464.3299  0.6484 
   00182    0.3988   -8468.7963  0.6478 
   00183    0.4092   -8513.1284  0.6442 
   00184    0.4272   -8482.7995  0.6497 
   00185    0.4192   -8486.1113  0.6550 
   00186    0.3980   -8477.6333  0.6572 
   00187    0.4060   -8439.8409  0.6485 
   00188    0.4044   -8471.6284  0.6530 
   00189    0.4072   -8495.7669  0.6518 
   00190    0.4036   -8449.7171  0.6473 
   00191    0.4224   -8472.4818  0.6485 
   00192    0.4020   -8445.7439  0.6440 
   00193    0.4168   -8451.1617  0.6441 
   00194    0.4240   -8467.8571  0.6540 
   00195    0.4244   -8435.5395  0.6539 
   00196    0.4176   -8440.1440  0.6533 
   00197    0.4076   -8430.5239  0.6586 
   00198    0.4020   -8432.2777  0.6581 
   00199    0.4040   -8436.2134  0.6628 
   00200    0.4192   -8479.3525  0.6703 
   00201    0.4208   -8527.4427  0.6685 
   00202    0.4140   -8528.6277  0.6604 
   00203    0.4104   -8528.0405  0.6592 
   00204    0.4060   -8520.7912  0.6585 
   00205    0.4152   -8523.2034  0.6622 
   00206    0.4148   -8500.2378  0.6593 
   00207    0.4004   -8485.7993  0.6593 
   00208    0.4048   -8474.1813  0.6589 
   00209    0.4140   -8467.9956  0.6626 
   00210    0.4180   -8482.2683  0.6578 
   00211    0.4164   -8467.0174  0.6646 
   00212    0.4132   -8444.5107  0.6679 
   00213    0.4084   -8464.4171  0.6690 
   00214    0.4224   -8454.6407  0.6686 
   00215    0.4132   -8478.1727  0.6678 
   00216    0.4172   -8529.3857  0.6632 
   00217    0.3896   -8504.8091  0.6575 
   00218    0.4252   -8532.3619  0.6572 
   00219    0.4080   -8482.9752  0.6582 
   00220    0.4180   -8506.3241  0.6568 
   00221    0.3988   -8471.0950  0.6497 
   00222    0.4080   -8513.9855  0.6560 
   00223    0.3992   -8562.9377  0.6582 
   00224    0.4328   -8528.6484  0.6680 
   00225    0.4260   -8556.1779  0.6707 
   00226    0.3996   -8526.8585  0.6701 
   00227    0.4248   -8540.6706  0.6698 
   00228    0.4040   -8549.5650  0.6734 
   00229    0.3992   -8509.5164  0.6722 
   00230    0.4100   -8515.3528  0.6745 
   00231    0.4276   -8460.1778  0.6688 
   00232    0.4144   -8508.0004  0.6703 
   00233    0.4048   -8448.3453  0.6761 
   00234    0.4292   -8492.9415  0.6772 
   00235    0.4096   -8488.7070  0.6794 
   00236    0.4200   -8493.2568  0.6713 
   00237    0.4184   -8476.4702  0.6726 
   00238    0.4088   -8506.1508  0.6718 
   00239    0.4152   -8477.7074  0.6742 
   00240    0.4072   -8448.4889  0.6704 
   00241    0.3932   -8475.4861  0.6776 
   00242    0.4032   -8485.9964  0.6774 
   00243    0.3980   -8478.2840  0.6764 
   00244    0.4056   -8484.9366  0.6806 
   00245    0.4224   -8511.2020  0.6853 
   00246    0.4308   -8518.1263  0.6836 
   00247    0.4196   -8483.8455  0.6853 
   00248    0.4052   -8478.0420  0.6929 
   00249    0.4288   -8504.5500  0.6889 
   00250    0.3940   -8516.2797  0.6830 
   00251    0.4204   -8536.9543  0.6915 
   00252    0.3932   -8485.5222  0.6891 
   00253    0.4044   -8494.8223  0.6920 
   00254    0.4036   -8517.2105  0.6960 
   00255    0.4084   -8518.8486  0.6997 
   00256    0.4048   -8535.3126  0.7000 
   00257    0.4252   -8555.2117  0.6992 
   00258    0.4112   -8537.4265  0.6983 
   00259    0.3948   -8531.6245  0.6927 
   00260    0.4144   -8525.8723  0.6936 
   00261    0.4196   -8501.9280  0.6990 
   00262    0.4212   -8466.7553  0.6928 
   00263    0.4272   -8465.7559  0.6983 
   00264    0.4172   -8468.7650  0.7000 
   00265    0.4280   -8483.1345  0.7024 
   00266    0.4288   -8478.8855  0.6971 
   00267    0.4124   -8479.2249  0.6897 
   00268    0.4328   -8438.9391  0.6890 
   00269    0.4072   -8413.2722  0.6870 
   00270    0.4204   -8412.4377  0.6835 
   00271    0.4092   -8471.3739  0.6872 
   00272    0.4024   -8486.7362  0.6957 
   00273    0.4104   -8526.0209  0.6995 
   00274    0.4212   -8569.3698  0.6982 
   00275    0.4100   -8559.3627  0.6908 
   00276    0.4132   -8527.1735  0.6876 
   00277    0.4372   -8516.8402  0.6889 
   00278    0.4124   -8494.0319  0.6826 
   00279    0.4096   -8481.4070  0.6793 
   00280    0.4052   -8505.1880  0.6763 
   00281    0.4064   -8515.9529  0.6797 
   00282    0.4068   -8537.9477  0.6823 
   00283    0.4244   -8479.0828  0.6775 
   00284    0.4120   -8465.0066  0.6717 
   00285    0.4080   -8507.3138  0.6759 
   00286    0.3976   -8513.3146  0.6788 
   00287    0.4220   -8481.4705  0.6748 
   00288    0.4088   -8465.6842  0.6806 
   00289    0.4208   -8505.1051  0.6863 
   00290    0.4056   -8497.1113  0.6811 
   00291    0.4076   -8498.6145  0.6854 
   00292    0.4296   -8570.2479  0.6967 
   00293    0.4052   -8573.8909  0.6942 
   00294    0.4296   -8561.4586  0.6982 
   00295    0.3976   -8550.4197  0.6997 
   00296    0.4100   -8549.9954  0.6997 
   00297    0.4096   -8536.4080  0.6985 
   00298    0.3964   -8561.5128  0.6995 
   00299    0.4124   -8564.9374  0.7009 
   00300    0.4080   -8512.9161  0.7012 
   00301    0.4012   -8562.5371  0.7046 
   00302    0.4084   -8581.5849  0.7032 
   00303    0.4136   -8498.4188  0.6940 
   00304    0.4052   -8517.7162  0.6950 
   00305    0.3892   -8567.3033  0.6987 
   00306    0.3972   -8548.5833  0.6990 
   00307    0.4268   -8559.7554  0.6959 
   00308    0.4048   -8587.1756  0.6955 
   00309    0.4136   -8547.6593  0.6969 
   00310    0.4100   -8530.7946  0.6936 
   00311    0.3964   -8543.5252  0.6910 
   00312    0.4004   -8556.0020  0.6931 
   00313    0.4168   -8552.6141  0.6909 
   00314    0.4096   -8553.1128  0.6910 
   00315    0.4008   -8601.6808  0.6908 
   00316    0.4108   -8549.3290  0.6866 
   00317    0.4144   -8554.9589  0.6869 
   00318    0.4124   -8563.2988  0.6841 
   00319    0.4020   -8557.8710  0.6821 
   00320    0.4064   -8552.5653  0.6794 
   00321    0.4208   -8551.0244  0.6800 
   00322    0.3988   -8533.5238  0.6796 
   00323    0.4008   -8515.7857  0.6768 
   00324    0.4156   -8537.9246  0.6785 
   00325    0.4292   -8559.8763  0.6817 
   00326    0.4012   -8566.3541  0.6771 
   00327    0.4164   -8605.9253  0.6794 
   00328    0.4248   -8663.7898  0.6825 
   00329    0.3976   -8606.4220  0.6774 
   00330    0.4012   -8597.6859  0.6759 
   00331    0.4152   -8605.9534  0.6782 
   00332    0.4108   -8575.2727  0.6738 
   00333    0.3972   -8591.9764  0.6755 
   00334    0.4036   -8586.3666  0.6715 
   00335    0.3996   -8553.3178  0.6698 
   00336    0.4000   -8594.6075  0.6691 
   00337    0.4232   -8558.2780  0.6674 
   00338    0.4312   -8580.6925  0.6677 
   00339    0.4184   -8569.6528  0.6661 
   00340    0.3976   -8620.9475  0.6677 
   00341    0.4148   -8598.4256  0.6699 
   00342    0.4056   -8614.6190  0.6746 
   00343    0.4060   -8627.2184  0.6744 
   00344    0.4064   -8616.5014  0.6710 
   00345    0.4096   -8614.9652  0.6704 
   00346    0.4020   -8615.5544  0.6687 
   00347    0.4080   -8548.3909  0.6629 
   00348    0.3980   -8575.0620  0.6620 
   00349    0.3976   -8537.3959  0.6616 
   00350    0.4256   -8480.4993  0.6599 
   00351    0.4140   -8536.5677  0.6622 
   00352    0.4172   -8518.4750  0.6639 
   00353    0.4136   -8537.2248  0.6684 
   00354    0.3944   -8538.0998  0.6710 
   00355    0.3972   -8500.8439  0.6734 
   00356    0.4264   -8509.8915  0.6788 
   00357    0.4164   -8510.1234  0.6775 
   00358    0.3996   -8535.4851  0.6789 
   00359    0.4044   -8522.6045  0.6754 
   00360    0.3976   -8512.6692  0.6721 
   00361    0.4116   -8504.8770  0.6746 
   00362    0.4072   -8517.7080  0.6809 
   00363    0.4056   -8520.4580  0.6865 
   00364    0.4160   -8510.7916  0.6885 
   00365    0.4148   -8537.8945  0.6912 
   00366    0.4228   -8555.1174  0.6905 
   00367    0.3944   -8582.9259  0.6967 
   00368    0.3968   -8542.9394  0.6902 
   00369    0.4308   -8558.4555  0.6891 
   00370    0.4192   -8542.3099  0.6813 
   00371    0.4052   -8541.5563  0.6815 
   00372    0.4124   -8563.3355  0.6796 
   00373    0.4156   -8564.0977  0.6789 
   00374    0.4160   -8552.9237  0.6843 
   00375    0.4004   -8519.6880  0.6866 
   00376    0.4080   -8504.9741  0.6844 
   00377    0.4044   -8523.2563  0.6866 
   00378    0.4140   -8575.9193  0.6900 
   00379    0.4008   -8576.2810  0.6867 
   00380    0.4004   -8527.8661  0.6844 
   00381    0.4004   -8521.7145  0.6859 
   00382    0.4016   -8543.3343  0.6821 
   00383    0.4084   -8550.9596  0.6814 
   00384    0.4276   -8523.4176  0.6809 
   00385    0.4076   -8568.2955  0.6848 
   00386    0.4224   -8547.3585  0.6816 
   00387    0.4212   -8506.8483  0.6820 
   00388    0.4144   -8536.6659  0.6828 
   00389    0.4136   -8550.9976  0.6816 
   00390    0.4228   -8538.3818  0.6825 
   00391    0.3984   -8540.4982  0.6828 
   00392    0.4020   -8536.1495  0.6808 
   00393    0.3940   -8555.2442  0.6839 
   00394    0.4008   -8597.8244  0.6874 
   00395    0.4068   -8581.5176  0.6913 
   00396    0.4168   -8542.9063  0.6861 
   00397    0.3968   -8567.3912  0.6847 
   00398    0.4324   -8547.6508  0.6838 
   00399    0.4304   -8527.1979  0.6841 
   00400    0.4040   -8527.7946  0.6891 
   00401    0.4208   -8476.7245  0.6923 
   00402    0.4080   -8478.1360  0.6912 
   00403    0.3988   -8487.3982  0.6881 
   00404    0.4144   -8475.0056  0.6807 
   00405    0.4024   -8479.7574  0.6846 
   00406    0.4120   -8520.0302  0.6843 
   00407    0.4152   -8530.4980  0.6849 
   00408    0.3996   -8542.6114  0.6849 
   00409    0.4104   -8524.5751  0.6808 
   00410    0.4116   -8543.5018  0.6840 
   00411    0.4004   -8536.7123  0.6887 
   00412    0.4288   -8523.2257  0.6869 
   00413    0.4112   -8543.1745  0.6901 
   00414    0.4076   -8596.5069  0.6895 
   00415    0.3880   -8608.7869  0.6904 
   00416    0.4196   -8614.9069  0.6926 
   00417    0.4160   -8580.7450  0.6945 
   00418    0.3964   -8591.3450  0.6947 
   00419    0.3856   -8554.1111  0.6959 
   00420    0.4152   -8535.6106  0.6934 
   00421    0.4184   -8515.3701  0.6888 
   00422    0.4128   -8528.2994  0.6900 
   00423    0.4028   -8522.5097  0.6878 
   00424    0.4132   -8551.5734  0.6863 
   00425    0.4012   -8560.9965  0.6833 
   00426    0.4092   -8561.6852  0.6827 
   00427    0.4148   -8532.2668  0.6833 
   00428    0.4236   -8547.4482  0.6830 
   00429    0.4128   -8543.8315  0.6826 
   00430    0.4044   -8518.1833  0.6777 
   00431    0.4336   -8534.6805  0.6794 
   00432    0.4152   -8577.2452  0.6792 
   00433    0.3968   -8539.3650  0.6768 
   00434    0.4016   -8590.0603  0.6741 
   00435    0.4044   -8542.8734  0.6705 
   00436    0.4072   -8537.7832  0.6685 
   00437    0.3996   -8521.2658  0.6729 
   00438    0.4084   -8548.5360  0.6749 
   00439    0.4128   -8558.6876  0.6796 
   00440    0.4184   -8524.8671  0.6800 
   00441    0.4072   -8540.4572  0.6837 
   00442    0.4084   -8541.6405  0.6787 
   00443    0.4056   -8504.0103  0.6780 
   00444    0.4292   -8537.1706  0.6824 
   00445    0.4248   -8492.3524  0.6807 
   00446    0.4308   -8503.2361  0.6763 
   00447    0.4096   -8505.4337  0.6687 
   00448    0.3952   -8537.3656  0.6724 
   00449    0.4180   -8556.4773  0.6736 
   00450    0.4228   -8573.5518  0.6758 
   00451    0.3996   -8629.8540  0.6769 
   00452    0.4024   -8650.9852  0.6778 
   00453    0.4136   -8673.2157  0.6808 
   00454    0.4224   -8636.4866  0.6799 
   00455    0.4044   -8634.3556  0.6768 
   00456    0.4132   -8626.9062  0.6809 
   00457    0.4224   -8600.9016  0.6760 
   00458    0.3980   -8582.8265  0.6708 
   00459    0.4096   -8581.8663  0.6768 
   00460    0.4208   -8553.8422  0.6734 
   00461    0.4132   -8580.2071  0.6797 
   00462    0.4096   -8571.6754  0.6855 
   00463    0.4168   -8573.3034  0.6826 
   00464    0.4092   -8507.5942  0.6828 
   00465    0.4168   -8497.6198  0.6841 
   00466    0.4060   -8446.2228  0.6884 
   00467    0.4132   -8507.0103  0.6936 
   00468    0.4028   -8518.5299  0.6997 
   00469    0.4152   -8564.1419  0.7000 
   00470    0.3836   -8572.1502  0.7009 
   00471    0.4092   -8559.9327  0.7018 
   00472    0.4204   -8572.2152  0.7039 
   00473    0.4204   -8572.4952  0.7038 
   00474    0.4092   -8536.5459  0.7046 
   00475    0.4272   -8520.5325  0.7044 
   00476    0.4240   -8568.4295  0.7045 
   00477    0.4012   -8577.8052  0.7016 
   00478    0.4164   -8574.1996  0.7001 
   00479    0.4180   -8588.0297  0.6945 
   00480    0.4128   -8559.6016  0.6917 
   00481    0.4056   -8567.4312  0.6948 
   00482    0.4112   -8534.0674  0.6909 
   00483    0.4128   -8511.9898  0.6950 
   00484    0.4256   -8527.2868  0.7013 
   00485    0.4032   -8491.5746  0.6987 
   00486    0.4116   -8562.9187  0.7014 
   00487    0.4060   -8570.5842  0.7025 
   00488    0.4180   -8536.1864  0.7010 
   00489    0.4224   -8525.0367  0.6968 
   00490    0.4072   -8555.0619  0.6988 
   00491    0.4244   -8556.5040  0.6941 
   00492    0.4308   -8546.7953  0.6959 
   00493    0.4092   -8589.7699  0.6955 
   00494    0.4232   -8548.8201  0.6921 
   00495    0.4172   -8501.3752  0.6902 
   00496    0.4148   -8513.7466  0.6905 
   00497    0.4140   -8527.9469  0.6891 
   00498    0.4012   -8570.4355  0.6880 
   00499    0.3960   -8532.2423  0.6874 
   00500    0.4012   -8525.9650  0.6863 
   00501    0.4192   -8508.2892  0.6889 
   00502    0.4084   -8497.5691  0.6862 
   00503    0.4164   -8523.4113  0.6837 
   00504    0.4076   -8495.3473  0.6844 
   00505    0.4196   -8475.3200  0.6800 
   00506    0.4236   -8508.2967  0.6902 
   00507    0.4100   -8500.2601  0.6934 
   00508    0.4240   -8542.2249  0.6939 
   00509    0.4056   -8524.2333  0.6928 
   00510    0.3996   -8564.0959  0.6901 
   00511    0.4012   -8537.5477  0.6879 
   00512    0.4132   -8562.1532  0.6883 
   00513    0.4284   -8584.2519  0.6915 
   00514    0.4156   -8568.0907  0.6939 
   00515    0.4116   -8523.5571  0.6892 
   00516    0.4096   -8512.7797  0.6943 
   00517    0.4228   -8529.9890  0.6906 
   00518    0.4096   -8530.2849  0.6929 
   00519    0.4160   -8498.5760  0.6896 
   00520    0.4096   -8504.3067  0.6838 
   00521    0.4100   -8550.4633  0.6884 
   00522    0.4080   -8525.2856  0.6907 
   00523    0.4264   -8540.7891  0.6914 
   00524    0.4292   -8534.1880  0.6901 
   00525    0.4084   -8553.0966  0.6957 
   00526    0.4216   -8563.7108  0.6956 
   00527    0.3952   -8553.8270  0.6938 
   00528    0.3996   -8529.2358  0.6898 
   00529    0.4096   -8536.6466  0.6909 
   00530    0.4220   -8540.5195  0.6973 
   00531    0.4092   -8528.6592  0.6987 
   00532    0.4140   -8519.3052  0.6962 
   00533    0.4160   -8551.1687  0.7038 
   00534    0.4020   -8547.3604  0.7052 
   00535    0.4224   -8547.0477  0.7028 
   00536    0.4084   -8554.6507  0.7010 
   00537    0.4076   -8535.9459  0.7027 
   00538    0.4164   -8522.7429  0.7069 
   00539    0.4108   -8549.6646  0.7093 
   00540    0.4280   -8570.6013  0.7044 
   00541    0.4180   -8541.3182  0.7034 
   00542    0.4232   -8484.1073  0.7010 
   00543    0.4060   -8499.8608  0.6994 
   00544    0.4064   -8542.7215  0.7018 
   00545    0.3948   -8581.5480  0.7035 
   00546    0.4196   -8532.9847  0.6996 
   00547    0.4200   -8553.1668  0.6982 
   00548    0.4228   -8546.5832  0.6954 
   00549    0.4104   -8526.8471  0.6905 
   00550    0.4124   -8564.1739  0.6877 
   00551    0.4152   -8521.0799  0.6803 
   00552    0.4132   -8475.9823  0.6742 
   00553    0.4320   -8533.8697  0.6773 
   00554    0.4232   -8536.9676  0.6824 
   00555    0.3964   -8565.9512  0.6833 
   00556    0.4008   -8542.9566  0.6841 
   00557    0.4128   -8503.1187  0.6799 
   00558    0.4016   -8495.1858  0.6811 
   00559    0.4084   -8553.2564  0.6866 
   00560    0.3868   -8533.7641  0.6845 
   00561    0.4192   -8488.1049  0.6866 
   00562    0.4160   -8513.9494  0.6921 
   00563    0.4156   -8489.5111  0.6954 
   00564    0.4216   -8491.9835  0.6961 
   00565    0.4048   -8519.0194  0.7001 
   00566    0.4012   -8521.8275  0.6991 
   00567    0.4036   -8499.5940  0.7003 
   00568    0.4020   -8520.3913  0.6958 
   00569    0.3932   -8556.1375  0.6954 
   00570    0.3992   -8523.6385  0.6926 
   00571    0.4140   -8482.8528  0.6890 
   00572    0.3988   -8513.3772  0.6956 
   00573    0.4088   -8514.6756  0.7035 
   00574    0.4104   -8505.1253  0.7010 
   00575    0.4020   -8511.5248  0.7022 
   00576    0.4036   -8517.0778  0.7034 
   00577    0.4128   -8571.4256  0.7040 
   00578    0.4108   -8575.9927  0.7003 
   00579    0.4104   -8572.0998  0.7024 
   00580    0.4048   -8599.3208  0.7060 
   00581    0.4268   -8562.6692  0.7045 
   00582    0.4048   -8554.5151  0.7044 
   00583    0.4080   -8614.1694  0.7100 
   00584    0.4048   -8598.1276  0.7104 
   00585    0.3868   -8582.5783  0.7092 
   00586    0.4104   -8545.6632  0.7114 
   00587    0.4368   -8505.0117  0.7152 
   00588    0.4092   -8503.6090  0.7185 
   00589    0.4100   -8505.2848  0.7193 
   00590    0.4180   -8511.7965  0.7216 
   00591    0.3892   -8526.8453  0.7243 
   00592    0.4248   -8554.0781  0.7303 
   00593    0.4096   -8569.9557  0.7352 
   00594    0.4088   -8578.1731  0.7360 
   00595    0.4076   -8558.9339  0.7296 
   00596    0.4152   -8572.2595  0.7356 
   00597    0.4196   -8557.4618  0.7383 
   00598    0.4256   -8575.9408  0.7377 
   00599    0.4068   -8574.4276  0.7365 
   00600    0.4172   -8618.5802  0.7394 
   00601    0.3872   -8573.8042  0.7350 
   00602    0.4144   -8537.1277  0.7357 
   00603    0.4024   -8564.8895  0.7386 
   00604    0.3948   -8489.9362  0.7347 
   00605    0.4196   -8479.2691  0.7355 
   00606    0.4160   -8530.7059  0.7349 
   00607    0.4136   -8527.3334  0.7347 
   00608    0.4192   -8548.0311  0.7370 
   00609    0.4236   -8512.7117  0.7311 
   00610    0.4092   -8541.5294  0.7345 
   00611    0.4160   -8569.8015  0.7308 
   00612    0.4208   -8546.5076  0.7260 
   00613    0.4176   -8568.8531  0.7279 
   00614    0.4108   -8583.6162  0.7258 
   00615    0.4264   -8567.7461  0.7296 
   00616    0.4264   -8539.6531  0.7303 
   00617    0.4140   -8523.8246  0.7272 
   00618    0.3984   -8563.2872  0.7226 
   00619    0.4164   -8536.8042  0.7232 
   00620    0.4036   -8558.9975  0.7221 
   00621    0.4160   -8531.6161  0.7231 
   00622    0.4236   -8525.2851  0.7257 
   00623    0.4236   -8490.8118  0.7176 
   00624    0.4120   -8469.9858  0.7145 
   00625    0.4272   -8474.7984  0.7181 
   00626    0.4112   -8476.9804  0.7169 
   00627    0.4160   -8520.8948  0.7184 
   00628    0.4032   -8558.7835  0.7225 
   00629    0.4096   -8579.3461  0.7195 
   00630    0.3992   -8566.8301  0.7150 
   00631    0.4004   -8579.5533  0.7125 
   00632    0.4136   -8539.8368  0.7145 
   00633    0.4256   -8570.8788  0.7168 
   00634    0.4056   -8555.0153  0.7202 
   00635    0.4116   -8552.4185  0.7178 
   00636    0.4072   -8573.3166  0.7216 
   00637    0.4248   -8547.3227  0.7306 
   00638    0.4156   -8551.5417  0.7280 
   00639    0.4092   -8562.1742  0.7204 
   00640    0.4192   -8562.3405  0.7183 
   00641    0.4184   -8551.0042  0.7163 
   00642    0.4272   -8477.7618  0.7118 
   00643    0.4064   -8512.8086  0.7088 
   00644    0.4136   -8490.0837  0.7127 
   00645    0.3844   -8534.7504  0.7123 
   00646    0.4120   -8538.3501  0.7177 
   00647    0.4272   -8567.9355  0.7165 
   00648    0.4108   -8567.6945  0.7220 
   00649    0.4112   -8558.4206  0.7245 
   00650    0.4156   -8607.7641  0.7268 
   00651    0.4132   -8570.3522  0.7284 
   00652    0.3964   -8598.2487  0.7320 
   00653    0.4056   -8580.5750  0.7299 
   00654    0.4172   -8552.0780  0.7298 
   00655    0.4084   -8548.5404  0.7278 
   00656    0.4140   -8496.5510  0.7212 
   00657    0.4016   -8497.2091  0.7198 
   00658    0.4124   -8509.7296  0.7229 
   00659    0.4076   -8504.4827  0.7246 
   00660    0.4040   -8500.5568  0.7246 
   00661    0.4224   -8462.9572  0.7201 
   00662    0.4204   -8532.9887  0.7215 
   00663    0.4152   -8509.6583  0.7208 
   00664    0.4316   -8494.6081  0.7245 
   00665    0.4216   -8483.5940  0.7234 
   00666    0.4100   -8499.1127  0.7255 
   00667    0.4084   -8508.9788  0.7260 
   00668    0.3956   -8465.0298  0.7271 
   00669    0.4020   -8425.4663  0.7273 
   00670    0.4112   -8460.3130  0.7317 
   00671    0.4376   -8514.1416  0.7310 
   00672    0.4092   -8524.8630  0.7325 
   00673    0.4164   -8577.1726  0.7404 
   00674    0.4084   -8594.4345  0.7437 
   00675    0.4040   -8621.9600  0.7521 
   00676    0.4248   -8564.8502  0.7431 
   00677    0.4080   -8574.5782  0.7437 
   00678    0.4148   -8611.6667  0.7465 
   00679    0.4104   -8586.3654  0.7476 
   00680    0.3960   -8628.0971  0.7508 
   00681    0.4140   -8639.2126  0.7524 
   00682    0.3884   -8604.5780  0.7512 
   00683    0.4108   -8627.8382  0.7527 
   00684    0.4080   -8597.7655  0.7554 
   00685    0.4144   -8543.0302  0.7528 
   00686    0.4072   -8562.2965  0.7565 
   00687    0.4000   -8572.5586  0.7533 
   00688    0.4156   -8571.5460  0.7571 
   00689    0.4120   -8584.8028  0.7561 
   00690    0.4176   -8585.0116  0.7564 
   00691    0.3952   -8564.4004  0.7528 
   00692    0.4008   -8580.8400  0.7484 
   00693    0.3976   -8601.4518  0.7451 
   00694    0.4168   -8585.2381  0.7444 
   00695    0.3852   -8587.1508  0.7429 
   00696    0.3920   -8603.3756  0.7425 
   00697    0.4208   -8564.6082  0.7410 
   00698    0.4004   -8510.7053  0.7396 
   00699    0.4244   -8525.9874  0.7400 
   00700    0.4172   -8580.0386  0.7411 
   00701    0.4056   -8601.5455  0.7426 
   00702    0.3968   -8592.7062  0.7433 
   00703    0.4048   -8568.3302  0.7366 
   00704    0.4152   -8588.4152  0.7360 
   00705    0.4196   -8569.8732  0.7316 
   00706    0.3920   -8585.6431  0.7321 
   00707    0.3988   -8548.2500  0.7320 
   00708    0.4220   -8531.7181  0.7276 
   00709    0.4092   -8543.4582  0.7316 
   00710    0.4192   -8551.1428  0.7348 
   00711    0.4168   -8559.2833  0.7392 
   00712    0.4000   -8570.3821  0.7377 
   00713    0.4012   -8507.9066  0.7334 
   00714    0.3968   -8532.7504  0.7353 
   00715    0.4192   -8551.9733  0.7395 
   00716    0.4288   -8572.0103  0.7398 
   00717    0.4280   -8518.6022  0.7398 
   00718    0.4276   -8561.7562  0.7440 
   00719    0.4024   -8568.1553  0.7424 
   00720    0.4224   -8567.8569  0.7461 
   00721    0.4104   -8535.3318  0.7432 
   00722    0.4016   -8546.6715  0.7422 
   00723    0.4084   -8560.6710  0.7400 
   00724    0.4004   -8534.0439  0.7407 
   00725    0.4108   -8538.1134  0.7418 
   00726    0.4088   -8565.1493  0.7428 
   00727    0.4164   -8551.2788  0.7431 
   00728    0.4048   -8535.8653  0.7363 
   00729    0.4188   -8487.3277  0.7366 
   00730    0.4232   -8463.3527  0.7384 
   00731    0.4040   -8510.3177  0.7387 
   00732    0.4124   -8554.0482  0.7441 
   00733    0.4136   -8570.3689  0.7489 
   00734    0.4036   -8580.8917  0.7509 
   00735    0.3988   -8572.8352  0.7555 
   00736    0.4104   -8581.3297  0.7567 
   00737    0.4008   -8581.0358  0.7521 
   00738    0.4052   -8570.2313  0.7510 
   00739    0.4032   -8582.9991  0.7594 
   00740    0.4036   -8558.3819  0.7570 
   00741    0.4108   -8563.9134  0.7624 
   00742    0.4140   -8640.4659  0.7612 
   00743    0.4120   -8572.7100  0.7581 
   00744    0.4064   -8578.3931  0.7556 
   00745    0.4000   -8569.2011  0.7563 
   00746    0.3980   -8529.1229  0.7549 
   00747    0.4080   -8513.5128  0.7506 
   00748    0.4012   -8543.4721  0.7560 
   00749    0.4092   -8536.7629  0.7546 
   00750    0.4076   -8535.3414  0.7527 
   00751    0.4128   -8542.1822  0.7524 
   00752    0.4248   -8530.4021  0.7501 
   00753    0.4160   -8538.2391  0.7547 
   00754    0.4088   -8529.4287  0.7529 
   00755    0.4056   -8569.2705  0.7563 
   00756    0.4032   -8587.0201  0.7553 
   00757    0.4116   -8588.8118  0.7544 
   00758    0.3968   -8555.6942  0.7482 
   00759    0.4136   -8535.1413  0.7449 
   00760    0.3932   -8539.1551  0.7477 
   00761    0.3924   -8572.0486  0.7537 
   00762    0.3996   -8531.5486  0.7466 
   00763    0.4052   -8519.4445  0.7478 
   00764    0.4180   -8595.3232  0.7489 
   00765    0.4240   -8569.1706  0.7467 
   00766    0.4212   -8591.3242  0.7484 
   00767    0.4060   -8566.8875  0.7450 
   00768    0.4000   -8584.3928  0.7455 
   00769    0.4012   -8600.0351  0.7464 
   00770    0.4212   -8593.8296  0.7526 
   00771    0.4024   -8604.6254  0.7520 
   00772    0.4080   -8600.6289  0.7567 
   00773    0.4020   -8590.8471  0.7590 
   00774    0.4116   -8578.9348  0.7603 
   00775    0.4140   -8529.8484  0.7549 
   00776    0.4200   -8519.9178  0.7507 
   00777    0.4036   -8494.8763  0.7454 
   00778    0.4188   -8493.2529  0.7452 
   00779    0.4052   -8512.5449  0.7424 
   00780    0.4220   -8542.1652  0.7448 
   00781    0.4140   -8557.9106  0.7552 
   00782    0.4072   -8592.5091  0.7571 
   00783    0.4064   -8590.2384  0.7527 
   00784    0.3952   -8550.3882  0.7524 
   00785    0.4112   -8581.2567  0.7520 
   00786    0.3936   -8600.8281  0.7533 
   00787    0.4172   -8588.7131  0.7582 
   00788    0.3996   -8619.8457  0.7594 
   00789    0.4124   -8600.7956  0.7570 
   00790    0.4232   -8623.8136  0.7603 
   00791    0.4292   -8613.8011  0.7600 
   00792    0.3952   -8592.4506  0.7592 
   00793    0.4240   -8566.7973  0.7562 
   00794    0.4056   -8590.3750  0.7613 
   00795    0.3976   -8569.4470  0.7585 
   00796    0.4256   -8579.9733  0.7610 
   00797    0.4252   -8624.2377  0.7591 
   00798    0.4148   -8585.1758  0.7599 
   00799    0.4016   -8558.2877  0.7554 
   00800    0.4152   -8562.4183  0.7551 
   00801    0.4252   -8595.9646  0.7591 
   00802    0.3980   -8592.1185  0.7592 
   00803    0.4124   -8544.7642  0.7593 
   00804    0.4268   -8489.7397  0.7553 
   00805    0.4196   -8507.4505  0.7569 
   00806    0.4060   -8548.9260  0.7616 
   00807    0.4000   -8522.6628  0.7595 
   00808    0.4040   -8558.9653  0.7607 
   00809    0.3996   -8575.0154  0.7591 
   00810    0.4004   -8612.3155  0.7632 
   00811    0.4128   -8585.1241  0.7629 
   00812    0.4076   -8547.7903  0.7680 
   00813    0.4012   -8558.9526  0.7655 
   00814    0.4076   -8550.8307  0.7629 
   00815    0.3924   -8559.9792  0.7618 
   00816    0.4144   -8561.3478  0.7652 
   00817    0.4020   -8535.5718  0.7616 
   00818    0.4148   -8528.2763  0.7609 
   00819    0.3992   -8531.5318  0.7616 
   00820    0.4344   -8550.9398  0.7623 
   00821    0.4292   -8520.8099  0.7623 
   00822    0.4256   -8523.8656  0.7661 
   00823    0.4136   -8519.0932  0.7624 
   00824    0.4188   -8568.9449  0.7723 
   00825    0.4024   -8571.0392  0.7718 
   00826    0.3912   -8574.9624  0.7707 
   00827    0.4168   -8598.7586  0.7735 
   00828    0.4060   -8631.8607  0.7761 
   00829    0.4084   -8619.9143  0.7772 
   00830    0.4316   -8654.1907  0.7778 
   00831    0.4140   -8630.5579  0.7761 
   00832    0.4016   -8605.3573  0.7776 
   00833    0.4160   -8611.5428  0.7755 
   00834    0.4164   -8597.4871  0.7696 
   00835    0.3928   -8590.7328  0.7678 
   00836    0.4244   -8557.0126  0.7666 
   00837    0.3952   -8607.2395  0.7694 
   00838    0.4268   -8646.1354  0.7709 
   00839    0.4188   -8596.9146  0.7624 
   00840    0.4096   -8629.1357  0.7623 
   00841    0.4168   -8646.1938  0.7641 
   00842    0.4092   -8612.5452  0.7592 
   00843    0.4228   -8605.7413  0.7550 
   00844    0.4028   -8570.5887  0.7557 
   00845    0.4004   -8602.8908  0.7590 
   00846    0.4072   -8568.5777  0.7606 
   00847    0.3996   -8596.6291  0.7594 
   00848    0.3988   -8571.0527  0.7557 
   00849    0.4176   -8584.4595  0.7592 
   00850    0.4148   -8629.7512  0.7554 
   00851    0.3996   -8592.9620  0.7550 
   00852    0.4112   -8585.3645  0.7573 
   00853    0.4104   -8537.9992  0.7590 
   00854    0.4192   -8536.5899  0.7591 
   00855    0.4036   -8559.5174  0.7640 
   00856    0.4024   -8523.6850  0.7605 
   00857    0.4236   -8561.7627  0.7642 
   00858    0.4044   -8559.0258  0.7670 
   00859    0.4088   -8552.5783  0.7696 
   00860    0.4160   -8562.8823  0.7740 
   00861    0.4232   -8568.8974  0.7739 
   00862    0.3996   -8583.7950  0.7746 
   00863    0.4096   -8575.6356  0.7774 
   00864    0.4080   -8541.3059  0.7716 
   00865    0.4048   -8547.3605  0.7750 
   00866    0.4152   -8562.0654  0.7760 
   00867    0.4108   -8547.0643  0.7722 
   00868    0.3992   -8590.8929  0.7686 
   00869    0.4272   -8545.3589  0.7629 
   00870    0.4204   -8519.4864  0.7605 
   00871    0.4224   -8531.7461  0.7584 
   00872    0.4140   -8495.2160  0.7589 
   00873    0.4156   -8528.3947  0.7573 
   00874    0.4192   -8507.9998  0.7567 
   00875    0.4196   -8524.1926  0.7553 
   00876    0.4152   -8553.6787  0.7544 
   00877    0.4016   -8568.4080  0.7617 
   00878    0.4176   -8546.8200  0.7609 
   00879    0.4152   -8515.3347  0.7629 
   00880    0.4040   -8532.8198  0.7660 
   00881    0.4180   -8565.6271  0.7666 
   00882    0.4148   -8533.0231  0.7600 
   00883    0.4100   -8553.6106  0.7627 
   00884    0.4140   -8550.2326  0.7627 
   00885    0.4328   -8575.8336  0.7650 
   00886    0.4080   -8551.4537  0.7645 
   00887    0.3920   -8513.0755  0.7669 
   00888    0.4100   -8549.0939  0.7721 
   00889    0.4004   -8566.5845  0.7742 
   00890    0.4096   -8546.2308  0.7767 
   00891    0.4164   -8572.6534  0.7771 
   00892    0.4184   -8599.8330  0.7779 
   00893    0.4144   -8565.6372  0.7799 
   00894    0.4016   -8577.6441  0.7768 
   00895    0.4112   -8602.8586  0.7803 
   00896    0.4128   -8590.9366  0.7836 
   00897    0.4268   -8575.7781  0.7827 
   00898    0.4192   -8570.7134  0.7798 
   00899    0.4228   -8533.5967  0.7807 
   00900    0.4188   -8560.2032  0.7828 
   00901    0.4124   -8548.5807  0.7804 
   00902    0.4164   -8594.7248  0.7862 
   00903    0.4004   -8640.9205  0.7875 
   00904    0.4092   -8615.1664  0.7822 
   00905    0.4136   -8638.0867  0.7867 
   00906    0.3932   -8660.7269  0.7888 
   00907    0.4108   -8651.7305  0.7879 
   00908    0.4060   -8687.8711  0.7947 
   00909    0.3912   -8656.0443  0.7924 
   00910    0.4172   -8634.8853  0.7930 
   00911    0.4160   -8612.0374  0.7950 
   00912    0.4052   -8569.8465  0.7961 
   00913    0.4172   -8586.2138  0.7977 
   00914    0.3996   -8532.7382  0.7955 
   00915    0.4068   -8556.8135  0.7948 
   00916    0.4016   -8621.3263  0.7949 
   00917    0.4056   -8555.5699  0.7876 
   00918    0.4336   -8594.4841  0.7876 
   00919    0.4136   -8562.8758  0.7892 
   00920    0.4056   -8578.3355  0.7869 
   00921    0.4104   -8577.4364  0.7845 
   00922    0.4088   -8536.3339  0.7846 
   00923    0.4088   -8555.9951  0.7839 
   00924    0.4204   -8590.8170  0.7857 
   00925    0.4048   -8601.3806  0.7862 
   00926    0.4036   -8603.8964  0.7860 
   00927    0.3972   -8555.9011  0.7870 
   00928    0.4268   -8561.2561  0.7827 
   00929    0.4364   -8555.2611  0.7887 
   00930    0.4192   -8580.5992  0.7901 
   00931    0.4104   -8591.1176  0.7909 
   00932    0.4248   -8567.4495  0.7860 
   00933    0.4252   -8596.5767  0.7938 
   00934    0.4116   -8573.2642  0.7950 
   00935    0.3860   -8587.0890  0.7945 
   00936    0.4068   -8563.5190  0.7922 
   00937    0.4068   -8588.2557  0.7933 
   00938    0.4264   -8557.1038  0.7896 
   00939    0.4008   -8574.2817  0.7962 
   00940    0.3968   -8572.5513  0.7992 
   00941    0.4280   -8617.7807  0.8052 
   00942    0.4068   -8620.5407  0.8015 
   00943    0.4108   -8630.4727  0.8076 
   00944    0.4160   -8597.3553  0.8080 
   00945    0.3896   -8584.7219  0.8088 
   00946    0.3932   -8629.9586  0.8126 
   00947    0.4072   -8692.2747  0.8156 
   00948    0.4268   -8634.0146  0.8140 
   00949    0.4024   -8595.5712  0.8136 
   00950    0.4272   -8601.0147  0.8146 
   00951    0.3956   -8570.9121  0.8114 
   00952    0.4220   -8542.9883  0.8053 
   00953    0.4056   -8551.7477  0.8095 
   00954    0.4092   -8552.9045  0.8106 
   00955    0.4152   -8558.2908  0.8017 
   00956    0.4224   -8506.5492  0.8020 
   00957    0.3976   -8501.9284  0.7998 
   00958    0.4092   -8504.6461  0.8042 
   00959    0.4340   -8528.9885  0.8032 
   00960    0.4296   -8565.3910  0.8078 
   00961    0.3976   -8611.2565  0.8144 
   00962    0.4028   -8567.7843  0.8119 
   00963    0.4072   -8587.8496  0.8150 
   00964    0.4116   -8540.7910  0.8139 
   00965    0.4204   -8513.5453  0.8069 
   00966    0.4036   -8504.1926  0.8040 
   00967    0.4232   -8503.4429  0.8026 
   00968    0.4336   -8481.7761  0.8038 
   00969    0.4172   -8503.9634  0.8071 
   00970    0.4196   -8504.7410  0.8055 
   00971    0.4160   -8523.8843  0.8037 
   00972    0.3928   -8561.8741  0.8059 
   00973    0.4036   -8569.3693  0.8070 
   00974    0.4112   -8585.4994  0.8097 
   00975    0.4160   -8635.4908  0.8167 
   00976    0.3812   -8619.5841  0.8160 
   00977    0.4260   -8610.3870  0.8175 
   00978    0.4184   -8655.6014  0.8218 
   00979    0.3976   -8637.8186  0.8184 
   00980    0.4016   -8637.1937  0.8223 
   00981    0.4056   -8634.6716  0.8201 
   00982    0.4128   -8603.6487  0.8185 
   00983    0.4052   -8623.2991  0.8159 
   00984    0.4136   -8605.4329  0.8124 
   00985    0.4156   -8585.5628  0.8141 
   00986    0.4124   -8600.4374  0.8142 
   00987    0.4064   -8573.4107  0.8123 
   00988    0.4012   -8587.2912  0.8140 
   00989    0.4072   -8540.6844  0.8133 
   00990    0.4124   -8574.1544  0.8121 
   00991    0.4340   -8540.1534  0.8128 
   00992    0.3988   -8523.0965  0.8157 
   00993    0.4012   -8534.0578  0.8195 
   00994    0.4268   -8569.8734  0.8287 
   00995    0.3940   -8581.9514  0.8304 
   00996    0.4112   -8539.5970  0.8297 
   00997    0.4088   -8524.5226  0.8272 
   00998    0.4188   -8495.7885  0.8219 
   00999    0.4088   -8597.4409  0.8246 
   01000    0.3872   -8637.5570  0.8263 
