#=====================================================
# File created:        Wed-29-Oct-2025-at-10-14-15PM
# Size of lattice:     50x50
# Number of MC steps:  1000
# Reduced temperature: 0.500
# Run time (s):        33.258040
#=====================================================
# MC step:  Ratio:     Energy:   Order:
#=====================================================
   00000    0.5000   -2493.2261  0.2652 
   00001    0.6836   -3567.0800  0.2762 
   00002    0.6360   -4442.3240  0.2866 
   00003    0.5904   -4935.2392  0.2813 
   00004    0.5576   -5478.8038  0.2941 
   00005    0.5400   -5866.6944  0.2890 
   00006    0.5196   -6172.1714  0.2857 
   00007    0.5192   -6368.8146  0.2944 
   00008    0.5028   -6600.6174  0.2902 
   00009    0.4788   -6770.1140  0.2882 
   00010    0.4916   -6895.9301  0.2944 
   00011    0.4468   -7004.2861  0.3065 
   00012    0.4748   -7123.6388  0.3024 
   00013    0.4564   -7164.7069  0.3111 
   00014    0.4648   -7308.3908  0.3157 
   00015    0.4648   -7386.7434  0.3179 
   00016    0.4708   -7452.5400  0.3227 
   00017    0.4648   -7505.8411  0.3271 
   00018    0.4612   -7563.4072  0.3314 
   00019    0.4572   -7616.9140  0.3291 
   00020    0.4416   -7625.0516  0.3333 
   00021    0.4524   -7693.6276  0.3367 
   00022    0.4308   -7782.0285  0.3399 
   00023    0.4404   -7778.1280  0.3484 
   00024    0.4440   -7811.5153  0.3515 
   00025    0.4272   -7841.9381  0.3478 
   00026    0.4368   -7925.3537  0.3522 
   00027    0.4408   -7951.3864  0.3538 
   00028    0.4260   -8024.4758  0.3542 
   00029    0.4304   -8031.5794  0.3550 
   00030    0.4148   -8069.1154  0.3598 
   00031    0.4004   -8024.3065  0.3659 
   00032    0.4328   -8020.8998  0.3668 
   00033    0.4124   -8062.7638  0.3637 
   00034    0.4420   -8079.2394  0.3616 
   00035    0.4328   -8077.3061  0.3551 
   00036    0.4280   -8101.0314  0.3586 
   00037    0.4164   -8130.5050  0.3622 
   00038    0.4408   -8178.2256  0.3607 
   00039    0.4140   -8178.9280  0.3659 
   00040    0.4392   -8116.4142  0.3637 
   00041    0.4112   -8102.6492  0.3597 
   00042    0.4300   -8127.0888  0.3607 
   00043    0.4300   -8141.6338  0.3630 
   00044    0.4240   -8163.8427  0.3603 
   00045    0.4268   -8167.2975  0.3582 
   00046    0.4344   -8139.7753  0.3559 
   00047    0.4068   -8151.5953  0.3537 
   00048    0.4252   -8149.3474  0.3556 
   00049    0.4208   -8159.8803  0.3624 
   00050    0.4256   -8202.1777  0.3605 
   00051    0.4180   -8188.9859  0.3580 
   00052    0.4248   -8202.2248  0.3660 
   00053    0.4176   -8177.3722  0.3676 
   00054    0.4060   -8179.7216  0.3685 
   00055    0.4024   -8172.0939  0.3779 
   00056    0.4192   -8206.6540  0.3770 
   00057    0.4188   -8268.1310  0.3769 
   00058    0.4256   -8294.8928  0.3708 
   00059    0.4264   -8221.8149  0.3730 
   00060    0.4060   -8224.9776  0.3746 
   00061    0.4228   -8233.0385  0.3766 
   00062    0.4160   -8218.2559  0.3775 
   00063    0.4360   -8205.6460  0.3797 
   00064    0.4300   -8219.2436  0.3808 
   00065    0.4308   -8225.2161  0.3827 
   00066    0.4168   -8243.6485  0.3796 
   00067    0.4392   -8247.2691  0.3765 
   00068    0.4268   -8277.8586  0.3748 
   00069    0.4284   -8267.8283  0.3751 
   00070    0.4184   -8298.9173  0.3764 
   00071    0.4044   -8297.2080  0.3763 
   00072    0.4272   -8253.9244  0.3825 
   00073    0.4140   -8228.6235  0.3815 
   00074    0.4208   -8249.1305  0.3767 
   00075    0.4228   -8237.9158  0.3765 
   00076    0.4244   -8268.5993  0.3730 
   00077    0.4092   -8292.5721  0.3767 
   00078    0.4064   -8280.4553  0.3705 
   00079    0.4244   -8266.4658  0.3808 
   00080    0.4348   -8280.8609  0.3757 
   00081    0.4300   -8302.7378  0.3750 
   00082    0.4244   -8318.4711  0.3700 
   00083    0.4128   -8334.7663  0.3689 
   00084    0.4252   -8316.1159  0.3666 
   00085    0.4020   -8316.9853  0.3651 
   00086    0.4172   -8364.1234  0.3642 
   00087    0.4372   -8366.6587  0.3638 
   00088    0.4068   -8355.2169  0.3649 
   00089    0.4224   -8338.0350  0.3616 
   00090    0.4164   -8384.7418  0.3665 
   00091    0.4272   -8434.7664  0.3660 
   00092    0.3996   -8429.5274  0.3702 
   00093    0.4112   -8417.7232  0.3714 
   00094    0.4184   -8384.9776  0.3655 
   00095    0.4256   -8348.2858  0.3696 
   00096    0.4268   -8382.6894  0.3674 
   00097    0.3924   -8404.2768  0.3665 
   00098    0.4204   -8432.3046  0.3678 
   00099    0.4248   -8377.7274  0.3600 
   00100    0.4176   -8379.4634  0.3566 
   00101    0.4188   -8434.9163  0.3602 
   00102    0.4052   -8436.0132  0.3552 
   00103    0.4080   -8445.0452  0.3599 
   00104    0.4160   -8406.7967  0.3614 
   00105    0.4108   -8421.0441  0.3575 
   00106    0.4124   -8403.9661  0.3610 
   00107    0.4092   -8374.1503  0.3599 
   00108    0.4256   -8375.3946  0.3628 
   00109    0.3916   -8360.4381  0.3645 
   00110    0.4016   -8370.0893  0.3627 
   00111    0.4104   -8369.3054  0.3679 
   00112    0.4140   -8342.2303  0.3717 
   00113    0.4184   -8317.0752  0.3728 
   00114    0.4092   -8337.8773  0.3723 
   00115    0.4172   -8349.4762  0.3750 
   00116    0.4104   -8358.4212  0.3723 
   00117    0.4116   -8377.6652  0.3772 
   00118    0.4180   -8419.9253  0.3748 
   00119    0.4236   -8418.3042  0.3741 
   00120    0.4116   -8392.3188  0.3800 
   00121    0.4088   -8365.0887  0.3875 
   00122    0.4228   -8374.6365  0.3906 
   00123    0.4192   -8418.4500  0.3890 
   00124    0.4152   -8419.5623  0.3876 
   00125    0.4060   -8422.3326  0.3917 
   00126    0.4060   -8451.4208  0.3971 
   00127    0.4232   -8427.7036  0.4014 
   00128    0.4144   -8479.9702  0.3977 
   00129    0.3996   -8470.4722  0.3998 
   00130    0.4012   -8456.7287  0.4013 
   00131    0.4080   -8450.7336  0.4025 
   00132    0.4112   -8434.6080  0.4008 
   00133    0.4124   -8426.8869  0.4037 
   00134    0.4104   -8413.7903  0.4098 
   00135    0.4264   -8424.1859  0.4155 
   00136    0.4108   -8427.6021  0.4117 
   00137    0.4092   -8436.8459  0.4067 
   00138    0.4156   -8485.2214  0.4136 
   00139    0.4132   -8509.1207  0.4219 
   00140    0.3996   -8479.2080  0.4250 
   00141    0.4324   -8495.8418  0.4319 
   00142    0.4168   -8467.0403  0.4303 
   00143    0.4232   -8415.4690  0.4232 
   00144    0.4224   -8437.3918  0.4246 
   00145    0.4104   -8430.1960  0.4251 
   00146    0.4156   -8419.6323  0.4267 
   00147    0.4240   -8407.6314  0.4227 
   00148    0.4188   -8417.6830  0.4301 
   00149    0.4120   -8455.7714  0.4325 
   00150    0.4020   -8468.5893  0.4312 
   00151    0.4032   -8458.7054  0.4306 
   00152    0.4180   -8416.3324  0.4253 
   00153    0.4040   -8400.7719  0.4211 
   00154    0.4092   -8388.3939  0.4189 
   00155    0.4276   -8389.5507  0.4212 
   00156    0.4056   -8457.0359  0.4274 
   00157    0.4224   -8440.3201  0.4263 
   00158    0.4204   -8458.7227  0.4247 
   00159    0.4172   -8462.3846  0.4268 
   00160    0.4164   -8448.8571  0.4273 
   00161    0.4160   -8459.9252  0.4224 
   00162    0.4224   -8469.3757  0.4278 
   00163    0.4320   -8455.6639  0.4304 
   00164    0.4208   -8467.3504  0.4292 
   00165    0.4092   -8457.5985  0.4268 
   00166    0.3976   -8464.2410  0.4230 
   00167    0.4144   -8419.7662  0.4231 
   00168    0.4008   -8445.2513  0.4321 
   00169    0.4172   -8467.3474  0.4350 
   00170    0.4144   -8487.0703  0.4348 
   00171    0.4144   -8480.2836  0.4330 
   00172    0.4144   -8451.5170  0.4251 
   00173    0.3976   -8459.6109  0.4314 
   00174    0.4212   -8414.6981  0.4340 
   00175    0.4272   -8419.3882  0.4270 
   00176    0.4164   -8417.7407  0.4227 
   00177    0.4008   -8490.7850  0.4292 
   00178    0.4168   -8419.0032  0.4327 
   00179    0.4124   -8417.1031  0.4310 
   00180    0.4000   -8430.0104  0.4334 
   00181    0.4056   -8463.6797  0.4359 
   00182    0.3916   -8460.7326  0.4334 
   00183    0.4148   -8453.0954  0.4296 
   00184    0.3924   -8453.8735  0.4331 
   00185    0.4340   -8485.7774  0.4285 
   00186    0.3984   -8501.1515  0.4289 
   00187    0.3996   -8495.6340  0.4266 
   00188    0.4232   -8486.6497  0.4246 
   00189    0.4140   -8481.5152  0.4320 
   00190    0.4088   -8504.2203  0.4334 
   00191    0.4236   -8524.9627  0.4378 
   00192    0.4184   -8520.9055  0.4320 
   00193    0.3960   -8522.4519  0.4306 
   00194    0.3940   -8487.5352  0.4250 
   00195    0.4072   -8448.4044  0.4199 
   00196    0.4124   -8484.1319  0.4225 
   00197    0.4240   -8483.2319  0.4227 
   00198    0.4248   -8485.6482  0.4178 
   00199    0.3908   -8495.6222  0.4190 
   00200    0.3928   -8457.7913  0.4198 
   00201    0.4136   -8461.7311  0.4142 
   00202    0.4104   -8478.1253  0.4134 
   00203    0.3976   -8484.5699  0.4033 
   00204    0.3928   -8476.4822  0.4036 
   00205    0.3996   -8500.2382  0.4046 
   00206    0.4208   -8500.7293  0.4027 
   00207    0.4012   -8479.9715  0.4049 
   00208    0.4108   -8506.6235  0.4082 
   00209    0.4152   -8504.1880  0.3989 
   00210    0.4040   -8429.2005  0.4001 
   00211    0.4148   -8418.9183  0.3976 
   00212    0.4152   -8452.4363  0.3916 
   00213    0.4076   -8487.2999  0.3929 
   00214    0.4288   -8456.6140  0.3909 
   00215    0.4180   -8424.8353  0.3800 
   00216    0.4064   -8441.2774  0.3824 
   00217    0.4228   -8475.3253  0.3835 
   00218    0.4080   -8483.9345  0.3764 
   00219    0.4140   -8535.9891  0.3827 
   00220    0.4140   -8540.9742  0.3878 
   00221    0.4060   -8523.1422  0.3864 
   00222    0.4088   -8490.1678  0.3913 
   00223    0.4132   -8487.6637  0.3941 
   00224    0.4068   -8519.3250  0.4017 
   00225    0.4180   -8463.4264  0.4003 
   00226    0.4232   -8442.5917  0.4044 
   00227    0.3984   -8452.9187  0.4060 
   00228    0.4080   -8497.0489  0.4031 
   00229    0.3952   -8458.1504  0.3994 
   00230    0.4228   -8460.8092  0.3993 
   00231    0.4076   -8415.8570  0.4032 
   00232    0.3988   -8464.2639  0.4052 
   00233    0.4072   -8479.5733  0.4044 
   00234    0.4008   -8472.6080  0.4090 
   00235    0.4284   -8466.8233  0.4077 
   00236    0.4100   -8460.9643  0.4061 
   00237    0.4156   -8466.7849  0.4076 
   00238    0.4264   -8464.2892  0.4069 
   00239    0.3992   -8455.4470  0.4039 
   00240    0.4068   -8440.4015  0.4012 
   00241    0.4252   -8468.6618  0.4012 
   00242    0.4176   -8442.1882  0.4041 
   00243    0.4220   -8482.4061  0.4040 
   00244    0.4184   -8462.3094  0.4010 
   00245    0.4232   -8402.9831  0.4031 
   00246    0.3984   -8399.5708  0.4099 
   00247    0.4060   -8427.6896  0.4088 
   00248    0.4116   -8463.7475  0.4072 
   00249    0.4092   -8433.0892  0.4175 
   00250    0.4172   -8459.1042  0.4195 
   00251    0.4280   -8494.3518  0.4292 
   00252    0.3988   -8471.0358  0.4310 
   00253    0.4160   -8465.6574  0.4315 
   00254    0.4004   -8507.7020  0.4282 
   00255    0.3892   -8495.2291  0.4280 
   00256    0.4140   -8501.2629  0.4232 
   00257    0.4116   -8465.6498  0.4279 
   00258    0.4116   -8446.0976  0.4286 
   00259    0.4104   -8449.6173  0.4413 
   00260    0.4044   -8439.5218  0.4491 
   00261    0.4020   -8451.5343  0.4411 
   00262    0.3996   -8476.9625  0.4369 
   00263    0.4176   -8472.8055  0.4384 
   00264    0.4212   -8481.2395  0.4385 
   00265    0.4092   -8501.3573  0.4386 
   00266    0.4188   -8514.7277  0.4370 
   00267    0.4244   -8553.8513  0.4376 
   00268    0.4128   -8562.2353  0.4389 
   00269    0.4004   -8512.9374  0.4349 
   00270    0.4136   -8525.7240  0.4372 
   00271    0.4012   -8491.7331  0.4382 
   00272    0.4196   -8480.7692  0.4399 
   00273    0.4080   -8447.5761  0.4352 
   00274    0.4168   -8426.7086  0.4334 
   00275    0.4184   -8435.5858  0.4379 
   00276    0.4124   -8496.2339  0.4334 
   00277    0.4228   -8480.5834  0.4296 
   00278    0.4192   -8474.0777  0.4315 
   00279    0.4200   -8535.4225  0.4290 
   00280    0.4200   -8548.6229  0.4379 
   00281    0.4128   -8583.0771  0.4364 
   00282    0.4148   -8581.2424  0.4379 
   00283    0.4252   -8622.7879  0.4386 
   00284    0.4016   -8542.9420  0.4377 
   00285    0.4068   -8515.0095  0.4418 
   00286    0.4132   -8540.5694  0.4403 
   00287    0.4124   -8533.4248  0.4399 
   00288    0.4156   -8514.5868  0.4493 
   00289    0.4012   -8558.3944  0.4537 
   00290    0.4068   -8513.6033  0.4537 
   00291    0.4056   -8572.9042  0.4582 
   00292    0.4176   -8570.2002  0.4574 
   00293    0.4016   -8536.3231  0.4556 
   00294    0.4092   -8550.5961  0.4568 
   00295    0.4188   -8478.9526  0.4592 
   00296    0.4040   -8443.7935  0.4648 
   00297    0.4168   -8456.8790  0.4625 
   00298    0.4172   -8467.0970  0.4604 
   00299    0.4080   -8493.8062  0.4615 
   00300    0.4188   -8476.0681  0.4613 
   00301    0.4068   -8479.1140  0.4609 
   00302    0.4052   -8495.7672  0.4586 
   00303    0.4120   -8506.8718  0.4586 
   00304    0.4044   -8500.0138  0.4578 
   00305    0.4156   -8500.9169  0.4595 
   00306    0.4140   -8499.1516  0.4589 
   00307    0.3952   -8507.7704  0.4552 
   00308    0.4116   -8506.4556  0.4592 
   00309    0.4140   -8507.3346  0.4557 
   00310    0.4164   -8515.5632  0.4581 
   00311    0.4100   -8551.5885  0.4553 
   00312    0.4140   -8532.1002  0.4558 
   00313    0.4064   -8547.1977  0.4561 
   00314    0.4140   -8497.8584  0.4542 
   00315    0.3916   -8555.7878  0.4616 
   00316    0.4208   -8605.7228  0.4613 
   00317    0.4200   -8594.2612  0.4560 
   00318    0.4036   -8554.1937  0.4514 
   00319    0.4276   -8535.9555  0.4495 
   00320    0.4120   -8478.7928  0.4548 
   00321    0.4164   -8418.5724  0.4493 
   00322    0.4100   -8420.9867  0.4475 
   00323    0.4320   -8441.5200  0.4476 
   00324    0.3944   -8474.8760  0.4482 
   00325    0.4084   -8516.3601  0.4527 
   00326    0.4100   -8538.7133  0.4520 
   00327    0.4108   -8484.1195  0.4529 
   00328    0.3988   -8500.8474  0.4486 
   00329    0.4260   -8526.8546  0.4508 
   00330    0.4140   -8478.9610  0.4544 
   00331    0.4244   -8546.7869  0.4502 
   00332    0.4284   -8556.8401  0.4500 
   00333    0.4036   -8526.0575  0.4491 
   00334    0.4280   -8541.3467  0.4506 
   00335    0.4220   -8568.0543  0.4436 
   00336    0.4224   -8539.4531  0.4332 
   00337    0.4092   -8529.9235  0.4259 
   00338    0.4184   -8550.4210  0.4382 
   00339    0.4232   -8528.3959  0.4332 
   00340    0.4112   -8549.4217  0.4362 
   00341    0.4060   -8510.0875  0.4395 
   00342    0.4092   -8502.8663  0.4468 
   00343    0.4212   -8477.5723  0.4463 
   00344    0.4092   -8513.3675  0.4509 
   00345    0.4172   -8534.8047  0.4522 
   00346    0.4316   -8477.9569  0.4504 
   00347    0.4044   -8471.2126  0.4507 
   00348    0.4080   -8469.4289  0.4556 
   00349    0.4324   -8480.0559  0.4625 
   00350    0.4268   -8455.2501  0.4634 
   00351    0.4072   -8503.3419  0.4680 
   00352    0.3988   -8545.1952  0.4741 
   00353    0.4036   -8528.3818  0.4714 
   00354    0.4164   -8540.6178  0.4840 
   00355    0.4016   -8522.3037  0.4877 
   00356    0.4236   -8533.8296  0.4899 
   00357    0.3976   -8505.3697  0.4834 
   00358    0.3948   -8500.2409  0.4851 
   00359    0.4180   -8512.5746  0.4857 
   00360    0.4196   -8493.6102  0.4849 
   00361    0.4072   -8483.9064  0.4871 
   00362    0.4160   -8456.4803  0.4878 
   00363    0.4076   -8483.0894  0.4915 
   00364    0.4300   -8482.1592  0.4922 
   00365    0.4124   -8504.0709  0.4926 
   00366    0.4060   -8421.1491  0.4992 
   00367    0.4108   -8421.8141  0.4945 
   00368    0.4092   -8428.6375  0.4932 
   00369    0.4232   -8439.1051  0.4929 
   00370    0.4064   -8471.6351  0.4944 
   00371    0.3960   -8468.8045  0.4906 
   00372    0.4264   -8472.1823  0.4870 
   00373    0.4048   -8483.3687  0.4882 
   00374    0.3920   -8511.3818  0.4886 
   00375    0.3968   -8492.8550  0.4916 
   00376    0.4088   -8526.3680  0.4949 
   00377    0.4108   -8546.7240  0.4998 
   00378    0.4232   -8597.5818  0.5038 
   00379    0.4028   -8595.7824  0.4993 
   00380    0.4012   -8586.2288  0.4981 
   00381    0.4044   -8552.6399  0.4993 
   00382    0.4136   -8544.8767  0.4973 
   00383    0.4040   -8490.5455  0.4965 
   00384    0.4168   -8491.2540  0.5015 
   00385    0.4148   -8471.4180  0.5042 
   00386    0.4084   -8501.2599  0.5078 
   00387    0.4144   -8552.3622  0.5040 
   00388    0.4128   -8539.0546  0.5063 
   00389    0.4148   -8512.3897  0.5119 
   00390    0.4016   -8524.3784  0.5171 
   00391    0.4124   -8529.2903  0.5168 
   00392    0.4080   -8514.9215  0.5125 
   00393    0.4240   -8514.8498  0.5102 
   00394    0.3952   -8555.1062  0.5089 
   00395    0.4080   -8506.4978  0.5073 
   00396    0.4064   -8483.2222  0.5073 
   00397    0.4080   -8542.6679  0.5065 
   00398    0.4140   -8523.5487  0.5088 
   00399    0.4004   -8555.6241  0.5075 
   00400    0.4096   -8552.9971  0.4992 
   00401    0.4336   -8571.8125  0.4929 
   00402    0.3968   -8546.2402  0.4914 
   00403    0.4124   -8523.7223  0.4920 
   00404    0.4132   -8576.1635  0.4990 
   00405    0.4132   -8563.2692  0.4973 
   00406    0.4256   -8582.0660  0.4924 
   00407    0.4020   -8593.4237  0.4924 
   00408    0.4048   -8598.5828  0.4937 
   00409    0.4200   -8589.0181  0.4954 
   00410    0.4224   -8561.3220  0.4983 
   00411    0.4136   -8557.3140  0.5040 
   00412    0.4228   -8527.2480  0.5103 
   00413    0.4048   -8524.9194  0.5128 
   00414    0.3988   -8519.0325  0.5100 
   00415    0.3908   -8532.5198  0.5105 
   00416    0.3904   -8521.5882  0.5077 
   00417    0.4128   -8530.1770  0.5084 
   00418    0.4004   -8512.2961  0.5080 
   00419    0.4036   -8518.4982  0.5051 
   00420    0.4124   -8502.2161  0.5113 
   00421    0.4372   -8516.8821  0.5101 
   00422    0.4364   -8543.0319  0.5113 
   00423    0.4096   -8515.7323  0.5091 
   00424    0.4144   -8515.0268  0.5127 
   00425    0.4132   -8512.6473  0.5150 
   00426    0.4044   -8533.2931  0.5201 
   00427    0.4212   -8549.1129  0.5184 
   00428    0.4320   -8576.3016  0.5181 
   00429    0.4160   -8548.4880  0.5166 
   00430    0.3860   -8550.4106  0.5120 
   00431    0.4136   -8555.9607  0.5133 
   00432    0.4200   -8519.7967  0.5042 
   00433    0.4236   -8488.6768  0.5078 
   00434    0.4204   -8515.1049  0.5045 
   00435    0.4084   -8539.5341  0.5030 
   00436    0.3968   -8539.8264  0.5110 
   00437    0.4136   -8536.8544  0.5154 
   00438    0.4216   -8507.1050  0.5123 
   00439    0.4132   -8490.1133  0.5095 
   00440    0.4256   -8481.6589  0.5058 
   00441    0.4032   -8487.9007  0.5090 
   00442    0.4108   -8475.9077  0.5069 
   00443    0.4056   -8493.5870  0.5116 
   00444    0.4044   -8473.1260  0.5113 
   00445    0.4140   -8477.5216  0.5068 
   00446    0.4076   -8539.4189  0.5087 
   00447    0.3992   -8533.8869  0.5060 
   00448    0.4296   -8535.7856  0.5027 
   00449    0.4440   -8552.9545  0.5059 
   00450    0.4104   -8488.2606  0.5095 
   00451    0.3904   -8527.0025  0.5060 
   00452    0.4036   -8508.5596  0.5076 
   00453    0.4064   -8505.7889  0.5065 
   00454    0.4232   -8530.4263  0.5045 
   00455    0.4232   -8527.9571  0.5004 
   00456    0.3876   -8549.8237  0.5029 
   00457    0.4080   -8546.1889  0.5015 
   00458    0.4216   -8571.7477  0.5010 
   00459    0.4232   -8568.7491  0.4992 
   00460    0.4032   -8556.8862  0.5008 
   00461    0.4272   -8530.7893  0.4912 
   00462    0.4052   -8497.5273  0.4900 
   00463    0.4072   -8517.5759  0.4923 
   00464    0.3988   -8530.2392  0.4958 
   00465    0.4152   -8552.5677  0.4989 
   00466    0.4068   -8569.2871  0.5008 
   00467    0.4228   -8559.6479  0.4990 
   00468    0.4176   -8500.4430  0.4972 
   00469    0.4124   -8550.0606  0.4967 
   00470    0.3968   -8552.9060  0.5029 
   00471    0.3936   -8559.6918  0.5014 
   00472    0.4160   -8507.1673  0.5005 
   00473    0.4024   -8467.3120  0.5044 
   00474    0.4172   -8447.0849  0.5117 
   00475    0.4120   -8443.8111  0.5096 
   00476    0.4200   -8449.2651  0.5135 
   00477    0.4192   -8460.9461  0.5142 
   00478    0.4080   -8494.1173  0.5133 
   00479    0.4188   -8499.9755  0.5064 
   00480    0.3840   -8521.4359  0.5058 
   00481    0.4192   -8515.0654  0.5057 
   00482    0.3932   -8598.3537  0.5108 
   00483    0.4000   -8580.9614  0.5096 
   00484    0.4120   -8554.8003  0.5072 
   00485    0.4108   -8556.7076  0.5100 
   00486    0.4084   -8549.2340  0.5051 
   00487    0.4252   -8542.4290  0.5072 
   00488    0.4228   -8555.8333  0.5063 
   00489    0.4032   -8521.0954  0.5092 
   00490    0.4180   -8512.4881  0.5086 
   00491    0.4120   -8520.8733  0.5054 
   00492    0.4124   -8547.7094  0.5055 
   00493    0.4172   -8530.1905  0.5027 
   00494    0.4132   -8553.3163  0.4993 
   00495    0.4148   -8553.4027  0.4973 
   00496    0.4024   -8504.7894  0.4994 
   00497    0.4088   -8514.4513  0.4987 
   00498    0.4172   -8519.5399  0.4946 
   00499    0.4140   -8518.8980  0.4908 
   00500    0.4144   -8484.6320  0.4829 
   00501    0.4108   -8490.3827  0.4831 
   00502    0.4100   -8433.7379  0.4785 
   00503    0.4016   -8490.1995  0.4796 
   00504    0.4092   -8544.6350  0.4878 
   00505    0.4136   -8586.6569  0.4903 
   00506    0.4060   -8572.2553  0.4953 
   00507    0.4196   -8592.9107  0.4990 
   00508    0.3936   -8555.2689  0.4958 
   00509    0.3980   -8582.3656  0.4994 
   00510    0.4088   -8569.5967  0.4991 
   00511    0.4212   -8546.9939  0.5045 
   00512    0.4008   -8530.9133  0.5083 
   00513    0.4220   -8557.7616  0.5040 
   00514    0.4004   -8558.9546  0.5125 
   00515    0.4156   -8541.1421  0.5109 
   00516    0.4108   -8508.0442  0.5131 
   00517    0.4100   -8502.3691  0.5146 
   00518    0.4200   -8509.9099  0.5189 
   00519    0.3888   -8508.3955  0.5211 
   00520    0.4196   -8492.1747  0.5174 
   00521    0.4064   -8523.0195  0.5204 
   00522    0.4228   -8481.7714  0.5205 
   00523    0.4212   -8465.1402  0.5232 
   00524    0.4244   -8482.7589  0.5190 
   00525    0.4208   -8435.6900  0.5177 
   00526    0.4248   -8420.4025  0.5172 
   00527    0.4356   -8450.7328  0.5134 
   00528    0.3936   -8505.0890  0.5133 
   00529    0.3860   -8486.6084  0.5214 
   00530    0.4124   -8503.6440  0.5237 
   00531    0.3956   -8502.5693  0.5224 
   00532    0.4172   -8492.9237  0.5213 
   00533    0.4180   -8478.5534  0.5217 
   00534    0.4048   -8483.4924  0.5151 
   00535    0.4184   -8469.5174  0.5128 
   00536    0.4068   -8489.9588  0.5104 
   00537    0.4060   -8466.3803  0.5149 
   00538    0.4116   -8472.9807  0.5177 
   00539    0.4192   -8499.7415  0.5178 
   00540    0.4272   -8505.3077  0.5163 
   00541    0.4128   -8490.0039  0.5194 
   00542    0.4172   -8484.7549  0.5165 
   00543    0.4120   -8481.7767  0.5155 
   00544    0.4116   -8486.1738  0.5157 
   00545    0.4184   -8515.7011  0.5201 
   00546    0.4064   -8521.9787  0.5180 
   00547    0.4104   -8511.6175  0.5169 
   00548    0.4224   -8494.9946  0.5197 
   00549    0.4228   -8470.3688  0.5146 
   00550    0.3948   -8505.1323  0.5219 
   00551    0.4104   -8528.1572  0.5265 
   00552    0.4160   -8561.7167  0.5241 
   00553    0.4188   -8588.9382  0.5217 
   00554    0.4048   -8584.3165  0.5180 
   00555    0.4060   -8587.4640  0.5176 
   00556    0.4204   -8584.2990  0.5149 
   00557    0.4100   -8586.8011  0.5162 
   00558    0.4076   -8562.3985  0.5086 
   00559    0.4040   -8568.8982  0.5166 
   00560    0.4088   -8561.8440  0.5184 
   00561    0.4188   -8542.6707  0.5155 
   00562    0.4260   -8513.5711  0.5152 
   00563    0.4040   -8547.4851  0.5106 
   00564    0.4156   -8549.3860  0.5120 
   00565    0.4384   -8536.7672  0.5112 
   00566    0.4168   -8530.2669  0.5150 
   00567    0.4096   -8543.6530  0.5141 
   00568    0.4016   -8548.8163  0.5116 
   00569    0.4228   -8554.1526  0.5115 
   00570    0.4132   -8563.4697  0.5139 
   00571    0.4148   -8582.8585  0.5195 
   00572    0.4100   -8623.6718  0.5223 
   00573    0.4036   -8620.0334  0.5217 
   00574    0.4316   -8564.2753  0.5196 
   00575    0.4176   -8567.3987  0.5223 
   00576    0.4052   -8567.1451  0.5227 
   00577    0.4060   -8571.7138  0.5267 
   00578    0.4136   -8587.1666  0.5316 
   00579    0.3960   -8574.2948  0.5274 
   00580    0.4160   -8615.5133  0.5245 
   00581    0.4148   -8597.1013  0.5226 
   00582    0.3968   -8557.9253  0.5212 
   00583    0.3900   -8568.8079  0.5224 
   00584    0.4036   -8551.7819  0.5235 
   00585    0.4168   -8488.9790  0.5165 
   00586    0.4120   -8487.6481  0.5094 
   00587    0.4180   -8526.2347  0.5048 
   00588    0.4140   -8585.2445  0.5104 
   00589    0.4048   -8596.2635  0.5149 
   00590    0.4040   -8563.7970  0.5196 
   00591    0.4184   -8599.5889  0.5223 
   00592    0.4100   -8592.0093  0.5198 
   00593    0.4064   -8598.3427  0.5236 
   00594    0.4184   -8550.7368  0.5204 
   00595    0.3968   -8505.6692  0.5181 
   00596    0.4124   -8481.1758  0.5188 
   00597    0.4008   -8521.8836  0.5146 
   00598    0.4052   -8504.2915  0.5163 
   00599    0.4036   -8499.4246  0.5164 
   00600    0.4180   -8485.4640  0.5111 
   00601    0.4328   -8514.3938  0.5136 
   00602    0.4048   -8516.8209  0.5203 
   00603    0.3940   -8544.5127  0.5237 
   00604    0.4000   -8503.1101  0.5187 
   00605    0.4064   -8492.0013  0.5160 
   00606    0.4120   -8482.4046  0.5154 
   00607    0.4152   -8509.3813  0.5174 
   00608    0.4080   -8507.4966  0.5193 
   00609    0.4148   -8513.1337  0.5180 
   00610    0.4316   -8499.0235  0.5164 
   00611    0.4176   -8531.5589  0.5150 
   00612    0.4076   -8565.4295  0.5097 
   00613    0.4144   -8567.1372  0.5145 
   00614    0.4240   -8517.8554  0.5170 
   00615    0.3980   -8547.0127  0.5159 
   00616    0.4228   -8511.9611  0.5217 
   00617    0.4164   -8521.1256  0.5229 
   00618    0.4052   -8511.8403  0.5284 
   00619    0.4000   -8483.6658  0.5248 
   00620    0.4000   -8476.4649  0.5315 
   00621    0.4220   -8511.9074  0.5336 
   00622    0.4196   -8527.2384  0.5441 
   00623    0.4148   -8562.4675  0.5449 
   00624    0.4212   -8531.9498  0.5449 
   00625    0.4252   -8511.8056  0.5501 
   00626    0.4232   -8523.4352  0.5510 
   00627    0.4064   -8499.8339  0.5480 
   00628    0.3928   -8483.0421  0.5442 
   00629    0.4180   -8530.6935  0.5461 
   00630    0.4140   -8508.4038  0.5477 
   00631    0.4000   -8510.9395  0.5442 
   00632    0.4136   -8479.3897  0.5472 
   00633    0.4284   -8471.9535  0.5453 
   00634    0.3896   -8502.6729  0.5495 
   00635    0.4064   -8479.8867  0.5438 
   00636    0.4076   -8475.4294  0.5462 
   00637    0.4040   -8466.3372  0.5491 
   00638    0.4048   -8490.5139  0.5462 
   00639    0.4032   -8498.2342  0.5461 
   00640    0.4068   -8499.7732  0.5475 
   00641    0.4000   -8506.8761  0.5504 
   00642    0.4084   -8535.5948  0.5567 
   00643    0.4292   -8573.6088  0.5585 
   00644    0.3968   -8525.5988  0.5513 
   00645    0.4128   -8490.6008  0.5547 
   00646    0.4140   -8522.2219  0.5572 
   00647    0.4064   -8535.5110  0.5542 
   00648    0.4156   -8559.6221  0.5581 
   00649    0.4072   -8540.7945  0.5623 
   00650    0.3976   -8555.6141  0.5636 
   00651    0.4028   -8542.2107  0.5628 
   00652    0.4060   -8537.5445  0.5680 
   00653    0.4152   -8552.3445  0.5625 
   00654    0.4052   -8538.3790  0.5685 
   00655    0.4320   -8551.8276  0.5732 
   00656    0.4092   -8542.3196  0.5790 
   00657    0.4076   -8550.2515  0.5814 
   00658    0.4156   -8547.6238  0.5779 
   00659    0.4176   -8530.8622  0.5771 
   00660    0.4028   -8513.4196  0.5789 
   00661    0.4308   -8522.3783  0.5763 
   00662    0.4116   -8521.5025  0.5788 
   00663    0.4208   -8517.7373  0.5717 
   00664    0.4116   -8520.4261  0.5760 
   00665    0.4084   -8630.1688  0.5808 
   00666    0.4260   -8586.7747  0.5824 
   00667    0.4152   -8563.8624  0.5787 
   00668    0.4232   -8559.8911  0.5791 
   00669    0.4152   -8580.1764  0.5794 
   00670    0.4048   -8572.4568  0.5789 
   00671    0.4272   -8520.5432  0.5773 
   00672    0.4028   -8505.6678  0.5795 
   00673    0.4060   -8519.6338  0.5850 
   00674    0.3844   -8531.4440  0.5861 
   00675    0.4080   -8551.0502  0.5856 
   00676    0.4148   -8532.3050  0.5900 
   00677    0.4028   -8513.5895  0.5891 
   00678    0.3992   -8533.0962  0.5900 
   00679    0.4096   -8553.3902  0.5907 
   00680    0.4060   -8524.0495  0.5929 
   00681    0.4132   -8487.8924  0.5861 
   00682    0.3928   -8558.8762  0.5925 
   00683    0.3968   -8580.9472  0.5953 
   00684    0.4068   -8572.4940  0.5966 
   00685    0.4216   -8546.1733  0.5975 
   00686    0.4224   -8548.2952  0.5929 
   00687    0.3908   -8576.6348  0.5919 
   00688    0.4112   -8603.1393  0.5910 
   00689    0.4160   -8567.3254  0.5900 
   00690    0.4180   -8596.3710  0.5982 
   00691    0.4248   -8601.6860  0.5996 
   00692    0.4264   -8583.6533  0.6018 
   00693    0.4108   -8593.2541  0.6000 
   00694    0.4012   -8597.4470  0.6002 
   00695    0.4132   -8586.8434  0.5997 
   00696    0.4060   -8606.4423  0.6076 
   00697    0.4032   -8579.4938  0.6109 
   00698    0.4108   -8623.5393  0.6154 
   00699    0.4216   -8598.9575  0.6146 
   00700    0.4028   -8609.2681  0.6084 
   00701    0.4108   -8621.6678  0.6101 
   00702    0.4104   -8591.2815  0.6120 
   00703    0.4108   -8561.5021  0.6134 
   00704    0.4060   -8526.4209  0.6138 
   00705    0.4076   -8527.0876  0.6124 
   00706    0.4092   -8515.2293  0.6106 
   00707    0.4160   -8504.4821  0.6054 
   00708    0.4068   -8502.8134  0.6046 
   00709    0.4040   -8551.0797  0.6042 
   00710    0.4096   -8555.5522  0.6115 
   00711    0.4152   -8579.4933  0.6119 
   00712    0.4104   -8567.9705  0.6112 
   00713    0.4048   -8485.9323  0.6076 
   00714    0.4272   -8497.4954  0.6041 
   00715    0.4004   -8486.8960  0.6078 
   00716    0.4104   -8540.6489  0.6166 
   00717    0.4148   -8594.6482  0.6162 
   00718    0.4120   -8578.6826  0.6128 
   00719    0.4092   -8539.6908  0.6139 
   00720    0.4144   -8499.9949  0.6099 
   00721    0.4040   -8504.9903  0.6136 
   00722    0.4116   -8544.3145  0.6145 
   00723    0.4068   -8551.8855  0.6118 
   00724    0.4032   -8540.4002  0.6107 
   00725    0.4028   -8519.0316  0.6156 
   00726    0.4048   -8530.2624  0.6156 
   00727    0.3880   -8506.8747  0.6118 
   00728    0.4144   -8517.4522  0.6155 
   00729    0.4084   -8535.8698  0.6193 
   00730    0.4108   -8531.9393  0.6206 
   00731    0.4096   -8549.7393  0.6241 
   00732    0.4052   -8550.4677  0.6183 
   00733    0.3908   -8559.0900  0.6175 
   00734    0.4132   -8579.8717  0.6161 
   00735    0.3964   -8586.6371  0.6190 
   00736    0.4284   -8585.7033  0.6198 
   00737    0.4208   -8578.6633  0.6170 
   00738    0.4116   -8574.7051  0.6138 
   00739    0.3984   -8559.5811  0.6118 
   00740    0.3968   -8536.7445  0.6175 
   00741    0.4144   -8588.6581  0.6129 
   00742    0.4188   -8545.0285  0.6141 
   00743    0.3924   -8557.4765  0.6120 
   00744    0.4148   -8533.8510  0.6131 
   00745    0.3956   -8508.5603  0.6122 
   00746    0.4156   -8556.5885  0.6106 
   00747    0.4168   -8552.5927  0.6128 
   00748    0.3960   -8585.2452  0.6194 
   00749    0.4128   -8583.5118  0.6120 
   00750    0.4148   -8570.9778  0.6091 
   00751    0.4088   -8553.4076  0.6108 
   00752    0.4032   -8552.4721  0.6049 
   00753    0.4116   -8553.1600  0.6075 
   00754    0.4064   -8574.4893  0.6042 
   00755    0.4080   -8581.2075  0.6051 
   00756    0.4076   -8591.5178  0.6049 
   00757    0.4196   -8550.4385  0.6029 
   00758    0.4232   -8557.9526  0.6028 
   00759    0.4076   -8550.5963  0.5992 
   00760    0.3984   -8517.3097  0.5980 
   00761    0.4032   -8523.6236  0.5992 
   00762    0.4224   -8522.8878  0.5993 
   00763    0.4232   -8566.1692  0.6029 
   00764    0.4092   -8527.7457  0.5942 
   00765    0.4212   -8550.5003  0.5978 
   00766    0.4044   -8524.2355  0.5973 
   00767    0.4008   -8512.1634  0.5967 
   00768    0.4236   -8508.5489  0.6097 
   00769    0.4028   -8530.6523  0.6073 
   00770    0.4048   -8511.3579  0.6029 
   00771    0.4132   -8519.3523  0.6035 
   00772    0.4060   -8510.9211  0.6112 
   00773    0.4040   -8507.3135  0.6043 
   00774    0.4060   -8510.5349  0.6049 
   00775    0.4064   -8491.7307  0.6011 
   00776    0.4112   -8553.0045  0.6020 
   00777    0.4168   -8512.1146  0.5994 
   00778    0.4148   -8491.9130  0.6008 
   00779    0.4156   -8463.4796  0.6017 
   00780    0.4168   -8515.5201  0.6033 
   00781    0.4156   -8525.4717  0.6035 
   00782    0.4004   -8589.6664  0.6035 
   00783    0.4180   -8556.2043  0.6096 
   00784    0.4236   -8604.4715  0.6126 
   00785    0.4156   -8619.5483  0.6150 
   00786    0.4096   -8580.5794  0.6162 
   00787    0.4204   -8578.3342  0.6101 
   00788    0.4048   -8562.0579  0.6098 
   00789    0.4136   -8565.3382  0.6188 
   00790    0.3976   -8613.8559  0.6210 
   00791    0.4084   -8605.6050  0.6166 
   00792    0.3972   -8624.4326  0.6231 
   00793    0.4092   -8600.7136  0.6241 
   00794    0.4104   -8620.0653  0.6273 
   00795    0.4088   -8625.8104  0.6314 
   00796    0.3984   -8615.1822  0.6222 
   00797    0.4224   -8597.5873  0.6252 
   00798    0.4008   -8572.0008  0.6193 
   00799    0.4116   -8569.6565  0.6133 
   00800    0.4144   -8548.5479  0.6175 
   00801    0.4116   -8566.6265  0.6156 
   00802    0.4188   -8586.5047  0.6173 
   00803    0.4012   -8586.8090  0.6183 
   00804    0.4012   -8579.7811  0.6172 
   00805    0.4128   -8562.4563  0.6185 
   00806    0.3980   -8595.7579  0.6195 
   00807    0.4200   -8611.4721  0.6228 
   00808    0.4092   -8633.0963  0.6214 
   00809    0.4056   -8592.1047  0.6154 
   00810    0.3940   -8598.5827  0.6112 
   00811    0.4016   -8587.2059  0.6180 
   00812    0.4168   -8575.6765  0.6154 
   00813    0.4216   -8581.7268  0.6060 
   00814    0.4112   -8614.6217  0.6120 
   00815    0.3936   -8572.9008  0.6113 
   00816    0.4112   -8582.1047  0.6160 
   00817    0.4064   -8573.3083  0.6094 
   00818    0.3984   -8570.4802  0.6127 
   00819    0.4048   -8648.6358  0.6206 
   00820    0.3928   -8610.3781  0.6204 
   00821    0.4084   -8577.1861  0.6116 
   00822    0.4208   -8563.0629  0.6061 
   00823    0.4076   -8568.9452  0.6111 
   00824    0.4124   -8580.8090  0.6150 
   00825    0.3988   -8567.8709  0.6099 
   00826    0.4044   -8589.1473  0.6085 
   00827    0.3968   -8580.5979  0.6090 
   00828    0.4008   -8553.6075  0.6071 
   00829    0.4116   -8578.5691  0.6075 
   00830    0.4092   -8590.2005  0.6108 
   00831    0.4100   -8582.7063  0.6084 
   00832    0.4240   -8586.5519  0.6115 
   00833    0.4040   -8593.3652  0.6141 
   00834    0.4060   -8613.2934  0.6119 
   00835    0.3968   -8566.3294  0.6116 
   00836    0.4116   -8517.5791  0.6078 
   00837    0.4024   -8548.3584  0.6123 
   00838    0.4124   -8513.9731  0.6098 
   00839    0.4188   -8564.7631  0.6096 
   00840    0.4028   -8526.9362  0.6111 
   00841    0.4124   -8544.8639  0.6153 
   00842    0.4084   -8530.4636  0.6179 
   00843    0.4152   -8513.9603  0.6174 
   00844    0.4104   -8538.4797  0.6162 
   00845    0.4244   -8548.7548  0.6190 
   00846    0.3984   -8565.4365  0.6224 
   00847    0.4004   -8558.3770  0.6179 
   00848    0.4376   -8561.8203  0.6197 
   00849    0.4200   -8561.6568  0.6220 
   00850    0.4172   -8573.9356  0.6219 
   00851    0.4204   -8565.2066  0.6218 
   00852    0.4024   -8560.6938  0.6169 
   00853    0.3860   -8567.6795  0.6181 
   00854    0.4116   -8608.6727  0.6233 
   00855    0.4140   -8577.9535  0.6263 
   00856    0.3944   -8588.6245  0.6245 
   00857    0.4136   -8583.0333  0.6239 
   00858    0.4140   -8528.3409  0.6196 
   00859    0.4236   -8520.6550  0.6231 
   00860    0.4036   -8537.1805  0.6239 
   00861    0.4036   -8559.4492  0.6328 
   00862    0.3992   -8576.9388  0.6321 
   00863    0.4132   -8582.2986  0.6348 
   00864    0.4152   -8567.5293  0.6367 
   00865    0.4128   -8572.8762  0.6364 
   00866    0.4160   -8573.3130  0.6410 
   00867    0.4060   -8544.7017  0.6429 
   00868    0.4112   -8514.0719  0.6444 
   00869    0.4076   -8490.7263  0.6477 
   00870    0.4088   -8497.9837  0.6421 
   00871    0.4052   -8509.6374  0.6461 
   00872    0.4232   -8492.8806  0.6449 
   00873    0.4108   -8492.5983  0.6408 
   00874    0.4036   -8467.2750  0.6408 
   00875    0.4048   -8511.0546  0.6376 
   00876    0.4244   -8456.5062  0.6327 
   00877    0.4092   -8473.6471  0.6323 
   00878    0.4248   -8513.2807  0.6298 
   00879    0.4028   -8572.8020  0.6308 
   00880    0.4112   -8571.0412  0.6284 
   00881    0.4048   -8551.9873  0.6242 
   00882    0.4016   -8566.2006  0.6254 
   00883    0.4008   -8531.4611  0.6244 
   00884    0.4100   -8543.4804  0.6216 
   00885    0.4136   -8582.6382  0.6213 
   00886    0.4132   -8606.2298  0.6218 
   00887    0.4028   -8567.0250  0.6142 
   00888    0.4172   -8507.2014  0.6136 
   00889    0.3968   -8507.3907  0.6204 
   00890    0.4228   -8534.9811  0.6199 
   00891    0.4104   -8561.7976  0.6284 
   00892    0.4020   -8537.1979  0.6327 
   00893    0.4092   -8553.4151  0.6385 
   00894    0.4124   -8512.1045  0.6477 
   00895    0.4036   -8560.1140  0.6490 
   00896    0.4056   -8566.3052  0.6525 
   00897    0.4120   -8581.4047  0.6589 
   00898    0.3928   -8590.5838  0.6602 
   00899    0.4056   -8592.3332  0.6621 
   00900    0.4056   -8572.3526  0.6589 
   00901    0.4320   -8582.5093  0.6570 
   00902    0.4060   -8550.5866  0.6534 
   00903    0.4184   -8558.7680  0.6530 
   00904    0.4208   -8539.4495  0.6480 
   00905    0.4036   -8553.5554  0.6477 
   00906    0.3980   -8596.2701  0.6522 
   00907    0.4128   -8599.7731  0.6504 
   00908    0.4148   -8626.9366  0.6511 
   00909    0.3908   -8624.6833  0.6531 
   00910    0.3976   -8605.5847  0.6521 
   00911    0.4056   -8634.9084  0.6551 
   00912    0.4060   -8646.7429  0.6620 
   00913    0.4080   -8617.3587  0.6634 
   00914    0.4016   -8621.9998  0.6651 
   00915    0.3968   -8617.2973  0.6627 
   00916    0.4332   -8597.6439  0.6607 
   00917    0.4180   -8580.7298  0.6601 
   00918    0.3992   -8621.7918  0.6593 
   00919    0.4184   -8612.1994  0.6611 
   00920    0.4076   -8620.8430  0.6612 
   00921    0.4068   -8589.5550  0.6661 
   00922    0.3968   -8585.0723  0.6619 
   00923    0.4048   -8626.8932  0.6634 
   00924    0.3952   -8621.7343  0.6607 
   00925    0.4308   -8562.5225  0.6535 
   00926    0.4024   -8581.8448  0.6509 
   00927    0.4140   -8534.8509  0.6499 
   00928    0.4020   -8567.5072  0.6538 
   00929    0.4152   -8539.9884  0.6531 
   00930    0.4204   -8610.8450  0.6565 
   00931    0.3924   -8601.5646  0.6626 
   00932    0.4084   -8552.8882  0.6663 
   00933    0.4028   -8515.4788  0.6639 
   00934    0.3920   -8502.5962  0.6631 
   00935    0.4056   -8519.2423  0.6607 
   00936    0.4216   -8547.1829  0.6640 
   00937    0.4116   -8530.3280  0.6598 
   00938    0.4128   -8597.7318  0.6607 
   00939    0.4260   -8586.2933  0.6664 
   00940    0.4060   -8575.9015  0.6665 
   00941    0.4044   -8577.4232  0.6662 
   00942    0.4172   -8589.9577  0.6717 
   00943    0.4092   -8598.5046  0.6755 
   00944    0.4312   -8574.9990  0.6712 
   00945    0.4164   -8565.0895  0.6717 
   00946    0.4112   -8560.5624  0.6785 
   00947    0.4148   -8502.3957  0.6816 
   00948    0.4076   -8550.0936  0.6846 
   00949    0.4204   -8540.0818  0.6853 
   00950    0.4284   -8553.9289  0.6863 
   00951    0.4044   -8576.6029  0.6822 
   00952    0.4288   -8542.5405  0.6837 
   00953    0.4084   -8563.8213  0.6848 
   00954    0.4020   -8566.8189  0.6815 
   00955    0.4044   -8576.8689  0.6860 
   00956    0.4196   -8588.2125  0.6872 
   00957    0.4188   -8623.0109  0.6903 
   00958    0.4048   -8628.5253  0.6907 
   00959    0.4260   -8587.0228  0.6952 
   00960    0.3880   -8596.0989  0.6923 
   00961    0.3964   -8581.7834  0.6964 
   00962    0.4096   -8644.0475  0.6969 
   00963    0.3976   -8676.5945  0.6971 
   00964    0.4060   -8613.8358  0.6933 
   00965    0.4124   -8610.0572  0.6936 
   00966    0.4168   -8560.1172  0.6971 
   00967    0.4104   -8581.0280  0.7014 
   00968    0.4088   -8562.3528  0.7002 
   00969    0.4192   -8601.6247  0.6986 
   00970    0.4068   -8617.7206  0.6993 
   00971    0.4080   -8603.8298  0.6978 
   00972    0.4196   -8594.7033  0.6934 
   00973    0.3896   -8580.7905  0.6946 
   00974    0.4164   -8608.6617  0.6954 
   00975    0.4108   -8547.3880  0.6931 
   00976    0.4152   -8524.1739  0.6866 
   00977    0.4148   -8532.4091  0.6832 
   00978    0.4176   -8497.2554  0.6832 
   00979    0.4140   -8526.3887  0.6816 
   00980    0.4328   -8537.8820  0.6871 
   00981    0.4140   -8552.7719  0.6862 
   00982    0.3988   -8592.5029  0.6918 
   00983    0.4080   -8579.9832  0.6836 
   00984    0.4156   -8570.6542  0.6790 
   00985    0.4228   -8576.6134  0.6814 
   00986    0.4116   -8546.6909  0.6843 
   00987    0.4080   -8569.8797  0.6778 
   00988    0.4208   -8572.3566  0.6824 
   00989    0.4192   -8597.4430  0.6861 
   00990    0.4196   -8577.9000  0.6844 
   00991    0.4228   -8585.9622  0.6869 
   00992    0.4220   -8585.4002  0.6848 
   00993    0.4096   -8548.7595  0.6758 
   00994    0.4008   -8502.0275  0.6784 
   00995    0.4148   -8506.5734  0.6844 
   00996    0.4276   -8533.2797  0.6831 
   00997    0.4016   -8585.3159  0.6860 
   00998    0.4052   -8583.1942  0.6813 
   00999    0.4172   -8580.7294  0.6792 
   01000    0.4248   -8581.1880  0.6850 
