#=====================================================
# File created:        Wed-29-Oct-2025-at-10-16-28PM
# Size of lattice:     50x50
# Number of MC steps:  1000
# Reduced temperature: 0.500
# Run time (s):        33.123935
#=====================================================
# MC step:  Ratio:     Energy:   Order:
#=====================================================
   00000    0.5000   -2530.5688  0.2693 
   00001    0.6804   -3768.2012  0.2784 
   00002    0.6120   -4556.1179  0.2911 
   00003    0.5764   -5138.0740  0.3036 
   00004    0.5700   -5543.9612  0.3091 
   00005    0.5152   -5882.1926  0.3208 
   00006    0.5200   -6149.2749  0.3279 
   00007    0.5196   -6450.3488  0.3389 
   00008    0.5024   -6644.1494  0.3433 
   00009    0.4776   -6772.0450  0.3497 
   00010    0.4840   -6911.9058  0.3543 
   00011    0.4704   -7029.1143  0.3592 
   00012    0.4760   -7114.8834  0.3576 
   00013    0.4420   -7195.1453  0.3571 
   00014    0.4628   -7257.7179  0.3634 
   00015    0.4548   -7436.1741  0.3655 
   00016    0.4368   -7472.9196  0.3714 
   00017    0.4644   -7505.5160  0.3815 
   00018    0.4540   -7537.9854  0.3837 
   00019    0.4436   -7575.7777  0.3920 
   00020    0.4516   -7636.3553  0.3909 
   00021    0.4456   -7732.1599  0.3914 
   00022    0.4416   -7724.2965  0.3981 
   00023    0.4288   -7785.5910  0.3984 
   00024    0.4412   -7828.8370  0.3941 
   00025    0.4304   -7877.5380  0.3927 
   00026    0.4272   -7849.1105  0.3939 
   00027    0.4424   -7891.7588  0.3952 
   00028    0.4272   -7926.9529  0.4047 
   00029    0.4408   -7982.0787  0.4020 
   00030    0.4172   -8015.0553  0.4016 
   00031    0.4368   -8028.4574  0.4078 
   00032    0.4352   -8021.3652  0.4136 
   00033    0.4280   -8014.8739  0.4133 
   00034    0.4484   -8028.4913  0.4138 
   00035    0.4288   -8073.2219  0.4174 
   00036    0.4308   -8090.9858  0.4111 
   00037    0.4152   -8103.3293  0.4102 
   00038    0.4396   -8125.4779  0.4113 
   00039    0.4284   -8120.1756  0.4055 
   00040    0.4312   -8114.8875  0.4065 
   00041    0.4140   -8125.3303  0.4096 
   00042    0.4336   -8139.6832  0.4061 
   00043    0.4308   -8130.9703  0.4080 
   00044    0.4152   -8151.5957  0.4038 
   00045    0.4100   -8172.6117  0.4080 
   00046    0.4296   -8210.9819  0.4080 
   00047    0.4144   -8199.6562  0.4013 
   00048    0.4236   -8224.4231  0.3958 
   00049    0.4036   -8202.7257  0.3953 
   00050    0.4188   -8188.6360  0.3908 
   00051    0.4336   -8186.9641  0.3912 
   00052    0.4136   -8171.8845  0.3913 
   00053    0.4412   -8211.5606  0.3986 
   00054    0.4284   -8190.8620  0.3998 
   00055    0.4040   -8232.4962  0.4050 
   00056    0.4120   -8225.6782  0.4063 
   00057    0.4244   -8205.1785  0.4063 
   00058    0.4072   -8258.5890  0.4054 
   00059    0.4208   -8252.4623  0.4018 
   00060    0.4396   -8231.5599  0.4095 
   00061    0.4252   -8215.9335  0.4168 
   00062    0.4240   -8219.3651  0.4180 
   00063    0.4412   -8280.3962  0.4217 
   00064    0.4364   -8267.9967  0.4191 
   00065    0.4512   -8251.4938  0.4136 
   00066    0.4156   -8269.3647  0.4108 
   00067    0.4064   -8249.1430  0.4160 
   00068    0.4324   -8283.2694  0.4092 
   00069    0.4172   -8271.7393  0.4132 
   00070    0.4184   -8318.1236  0.4183 
   00071    0.4088   -8334.7649  0.4194 
   00072    0.4108   -8324.4022  0.4179 
   00073    0.4044   -8254.7153  0.4083 
   00074    0.4288   -8271.3421  0.4116 
   00075    0.4068   -8233.7585  0.4146 
   00076    0.4100   -8242.9734  0.4194 
   00077    0.4260   -8220.2398  0.4223 
   00078    0.4208   -8269.1263  0.4237 
   00079    0.4228   -8265.8616  0.4281 
   00080    0.4196   -8247.8897  0.4274 
   00081    0.4112   -8249.6816  0.4232 
   00082    0.4216   -8235.6304  0.4263 
   00083    0.4376   -8281.4169  0.4267 
   00084    0.4324   -8304.5884  0.4296 
   00085    0.4268   -8294.2274  0.4352 
   00086    0.4368   -8277.2541  0.4401 
   00087    0.4200   -8291.5428  0.4433 
   00088    0.4276   -8362.4099  0.4442 
   00089    0.4128   -8366.0866  0.4364 
   00090    0.4164   -8388.9203  0.4306 
   00091    0.4260   -8375.8323  0.4349 
   00092    0.4292   -8362.4064  0.4391 
   00093    0.4100   -8367.3794  0.4455 
   00094    0.4204   -8402.3130  0.4473 
   00095    0.4112   -8354.1178  0.4511 
   00096    0.4152   -8357.9530  0.4534 
   00097    0.4112   -8341.1663  0.4580 
   00098    0.4188   -8351.0379  0.4527 
   00099    0.4296   -8331.2849  0.4551 
   00100    0.4316   -8359.8210  0.4566 
   00101    0.4044   -8343.9818  0.4590 
   00102    0.3964   -8324.9384  0.4627 
   00103    0.4132   -8367.3177  0.4736 
   00104    0.4056   -8360.8234  0.4650 
   00105    0.4076   -8399.1088  0.4695 
   00106    0.4248   -8420.5356  0.4707 
   00107    0.4208   -8396.7245  0.4708 
   00108    0.4024   -8374.4069  0.4697 
   00109    0.3920   -8381.9966  0.4683 
   00110    0.4144   -8356.7304  0.4738 
   00111    0.4096   -8380.9880  0.4782 
   00112    0.4216   -8366.5385  0.4832 
   00113    0.4220   -8407.9900  0.4872 
   00114    0.4268   -8425.8709  0.4876 
   00115    0.4256   -8395.5141  0.4914 
   00116    0.4192   -8381.3342  0.4870 
   00117    0.4272   -8372.7956  0.4847 
   00118    0.4080   -8370.7016  0.4845 
   00119    0.4068   -8386.3486  0.4922 
   00120    0.4200   -8365.4242  0.4968 
   00121    0.4176   -8372.4148  0.5028 
   00122    0.4312   -8392.8034  0.5027 
   00123    0.4164   -8417.6272  0.5099 
   00124    0.4256   -8421.6546  0.5078 
   00125    0.4052   -8406.2366  0.5073 
   00126    0.4196   -8365.9248  0.5074 
   00127    0.4188   -8352.8134  0.5104 
   00128    0.4240   -8374.8644  0.5049 
   00129    0.4212   -8410.8320  0.5112 
   00130    0.4176   -8384.9027  0.5123 
   00131    0.4200   -8405.9411  0.5082 
   00132    0.4136   -8406.3779  0.5093 
   00133    0.4136   -8403.5885  0.5056 
   00134    0.4284   -8415.1898  0.5131 
   00135    0.4204   -8450.5611  0.5117 
   00136    0.4128   -8479.7451  0.5182 
   00137    0.4064   -8481.9528  0.5113 
   00138    0.4196   -8448.1154  0.5210 
   00139    0.4216   -8424.0381  0.5185 
   00140    0.4048   -8401.0366  0.5137 
   00141    0.4108   -8410.8366  0.5126 
   00142    0.4364   -8445.6796  0.5154 
   00143    0.4196   -8466.5753  0.5169 
   00144    0.4200   -8434.3938  0.5185 
   00145    0.4096   -8454.4355  0.5188 
   00146    0.4020   -8467.8834  0.5223 
   00147    0.4072   -8480.1514  0.5276 
   00148    0.4108   -8418.4317  0.5234 
   00149    0.4044   -8411.1597  0.5220 
   00150    0.4040   -8374.5118  0.5216 
   00151    0.4104   -8381.7534  0.5276 
   00152    0.4180   -8430.4522  0.5324 
   00153    0.4228   -8399.8272  0.5371 
   00154    0.4220   -8430.1995  0.5347 
   00155    0.4220   -8408.9541  0.5348 
   00156    0.4060   -8444.0940  0.5367 
   00157    0.4008   -8387.0472  0.5441 
   00158    0.4300   -8390.0936  0.5401 
   00159    0.4240   -8413.2429  0.5382 
   00160    0.4224   -8395.9480  0.5357 
   00161    0.4088   -8447.7048  0.5424 
   00162    0.4344   -8445.0164  0.5423 
   00163    0.4056   -8443.1456  0.5453 
   00164    0.4196   -8440.8142  0.5524 
   00165    0.4048   -8416.8451  0.5457 
   00166    0.3980   -8369.6593  0.5477 
   00167    0.4168   -8373.6567  0.5481 
   00168    0.4192   -8410.2157  0.5482 
   00169    0.4004   -8420.1371  0.5436 
   00170    0.4168   -8442.1496  0.5423 
   00171    0.4080   -8443.4311  0.5481 
   00172    0.4008   -8502.9108  0.5505 
   00173    0.4256   -8485.4168  0.5497 
   00174    0.4048   -8538.5764  0.5515 
   00175    0.4120   -8521.1271  0.5528 
   00176    0.3956   -8498.3159  0.5535 
   00177    0.4100   -8500.6075  0.5557 
   00178    0.4180   -8441.8264  0.5553 
   00179    0.4268   -8479.2301  0.5599 
   00180    0.4108   -8464.1784  0.5625 
   00181    0.4144   -8459.8454  0.5682 
   00182    0.4152   -8469.0290  0.5698 
   00183    0.4124   -8440.7731  0.5777 
   00184    0.4100   -8418.6142  0.5814 
   00185    0.4184   -8477.8463  0.5837 
   00186    0.4044   -8465.3895  0.5820 
   00187    0.4000   -8454.1794  0.5846 
   00188    0.4108   -8498.5344  0.5878 
   00189    0.4124   -8502.9472  0.5846 
   00190    0.4160   -8484.6170  0.5825 
   00191    0.4152   -8488.5869  0.5787 
   00192    0.4148   -8501.7168  0.5796 
   00193    0.4172   -8527.1555  0.5814 
   00194    0.4220   -8555.4204  0.5868 
   00195    0.4208   -8547.2062  0.5878 
   00196    0.3976   -8521.5015  0.5913 
   00197    0.4144   -8496.6842  0.5904 
   00198    0.4068   -8496.7652  0.5913 
   00199    0.4196   -8544.7136  0.6006 
   00200    0.4016   -8544.4656  0.6025 
   00201    0.4072   -8542.9301  0.6013 
   00202    0.4136   -8497.3788  0.6031 
   00203    0.4204   -8537.3555  0.6080 
   00204    0.4168   -8550.5972  0.6116 
   00205    0.4096   -8580.9421  0.6127 
   00206    0.4112   -8576.0636  0.6105 
   00207    0.3968   -8594.3459  0.6139 
   00208    0.4168   -8542.3058  0.6138 
   00209    0.4032   -8516.3456  0.6143 
   00210    0.4172   -8530.8782  0.6179 
   00211    0.4140   -8497.4479  0.6146 
   00212    0.3984   -8550.3312  0.6129 
   00213    0.4120   -8537.9334  0.6070 
   00214    0.4220   -8535.7793  0.6062 
   00215    0.4024   -8549.5248  0.6055 
   00216    0.4160   -8537.7077  0.6061 
   00217    0.4020   -8536.6926  0.6049 
   00218    0.4104   -8532.5461  0.6084 
   00219    0.4068   -8557.6191  0.6093 
   00220    0.4108   -8536.5465  0.6190 
   00221    0.4184   -8534.6302  0.6207 
   00222    0.4140   -8526.2433  0.6269 
   00223    0.4212   -8517.1241  0.6301 
   00224    0.3988   -8513.3215  0.6318 
   00225    0.4120   -8527.6186  0.6269 
   00226    0.3980   -8542.9525  0.6280 
   00227    0.4304   -8528.9121  0.6313 
   00228    0.4040   -8566.8092  0.6354 
   00229    0.4008   -8604.3028  0.6321 
   00230    0.3956   -8564.8184  0.6293 
   00231    0.4044   -8570.0113  0.6258 
   00232    0.4016   -8586.3369  0.6271 
   00233    0.4088   -8576.1750  0.6302 
   00234    0.4060   -8570.5170  0.6267 
   00235    0.4212   -8511.6059  0.6269 
   00236    0.4068   -8545.0961  0.6266 
   00237    0.4252   -8487.4050  0.6209 
   00238    0.4104   -8486.2635  0.6203 
   00239    0.4160   -8494.1388  0.6212 
   00240    0.4032   -8508.4700  0.6247 
   00241    0.4228   -8553.3674  0.6254 
   00242    0.3928   -8541.7786  0.6284 
   00243    0.4020   -8546.9982  0.6182 
   00244    0.4156   -8581.9615  0.6173 
   00245    0.4136   -8573.5438  0.6211 
   00246    0.4024   -8566.2052  0.6162 
   00247    0.4144   -8540.2016  0.6106 
   00248    0.4064   -8526.5679  0.6073 
   00249    0.4076   -8511.6422  0.6073 
   00250    0.3944   -8495.4259  0.6083 
   00251    0.3876   -8507.2063  0.6084 
   00252    0.4032   -8545.2188  0.6069 
   00253    0.4384   -8559.2484  0.6068 
   00254    0.4080   -8513.4310  0.6046 
   00255    0.3956   -8512.3301  0.6016 
   00256    0.4120   -8533.9187  0.6065 
   00257    0.4128   -8495.1261  0.6052 
   00258    0.4292   -8491.1153  0.6060 
   00259    0.4080   -8521.7614  0.6092 
   00260    0.4120   -8549.2542  0.6095 
   00261    0.3932   -8537.0254  0.6125 
   00262    0.3992   -8551.7642  0.6146 
   00263    0.4140   -8583.7760  0.6151 
   00264    0.4124   -8506.4329  0.6134 
   00265    0.4076   -8472.1545  0.6122 
   00266    0.4016   -8477.6153  0.6147 
   00267    0.4156   -8418.3874  0.6098 
   00268    0.4192   -8470.1658  0.6080 
   00269    0.4288   -8501.5081  0.6055 
   00270    0.4084   -8481.0546  0.6040 
   00271    0.4228   -8468.1304  0.6056 
   00272    0.3996   -8472.4834  0.5966 
   00273    0.4072   -8482.5548  0.5953 
   00274    0.4064   -8509.7873  0.6093 
   00275    0.3920   -8455.1583  0.6065 
   00276    0.4100   -8495.3717  0.6050 
   00277    0.4200   -8495.4145  0.6024 
   00278    0.4196   -8501.4715  0.5998 
   00279    0.4192   -8493.2018  0.5977 
   00280    0.4076   -8516.6024  0.6003 
   00281    0.4172   -8509.6392  0.6018 
   00282    0.4228   -8499.6859  0.6008 
   00283    0.4108   -8559.2593  0.6018 
   00284    0.4076   -8547.1218  0.5987 
   00285    0.4108   -8517.6101  0.5969 
   00286    0.4044   -8548.5817  0.5944 
   00287    0.4028   -8541.7506  0.5916 
   00288    0.4180   -8497.1644  0.5888 
   00289    0.4128   -8479.3916  0.5870 
   00290    0.4012   -8518.6835  0.5857 
   00291    0.4056   -8517.3415  0.5851 
   00292    0.3996   -8512.2548  0.5815 
   00293    0.4148   -8518.8064  0.5862 
   00294    0.4040   -8513.4538  0.5831 
   00295    0.4080   -8499.2256  0.5826 
   00296    0.4156   -8501.4331  0.5793 
   00297    0.4144   -8470.7318  0.5817 
   00298    0.4236   -8496.2276  0.5832 
   00299    0.4024   -8477.2050  0.5835 
   00300    0.3988   -8491.2564  0.5815 
   00301    0.4216   -8507.3902  0.5825 
   00302    0.4288   -8510.2854  0.5777 
   00303    0.4088   -8484.2145  0.5803 
   00304    0.4104   -8529.7165  0.5782 
   00305    0.4280   -8502.9564  0.5833 
   00306    0.4164   -8477.2934  0.5836 
   00307    0.4068   -8505.1018  0.5777 
   00308    0.4252   -8498.0102  0.5770 
   00309    0.3964   -8454.5875  0.5765 
   00310    0.4120   -8477.4122  0.5775 
   00311    0.4216   -8485.1036  0.5805 
   00312    0.4208   -8515.9247  0.5833 
   00313    0.4176   -8539.7220  0.5824 
   00314    0.4120   -8487.5032  0.5790 
   00315    0.4224   -8525.9332  0.5807 
   00316    0.4148   -8566.1564  0.5762 
   00317    0.4044   -8550.8913  0.5729 
   00318    0.4052   -8537.0943  0.5815 
   00319    0.4220   -8519.1158  0.5788 
   00320    0.4220   -8520.9468  0.5834 
   00321    0.4032   -8576.4356  0.5925 
   00322    0.4200   -8529.4883  0.5914 
   00323    0.4100   -8562.2144  0.5878 
   00324    0.4116   -8588.3962  0.5911 
   00325    0.4028   -8561.6766  0.5876 
   00326    0.4008   -8539.6830  0.5857 
   00327    0.4120   -8593.2343  0.5852 
   00328    0.3844   -8573.2374  0.5824 
   00329    0.4228   -8574.7697  0.5789 
   00330    0.4176   -8581.5110  0.5796 
   00331    0.4196   -8605.3068  0.5859 
   00332    0.4228   -8625.8599  0.5915 
   00333    0.3816   -8631.9199  0.5878 
   00334    0.4060   -8601.1413  0.5893 
   00335    0.4036   -8582.2676  0.5935 
   00336    0.4056   -8566.7793  0.5893 
   00337    0.3924   -8513.0104  0.5883 
   00338    0.4012   -8470.9644  0.5876 
   00339    0.4184   -8476.0495  0.5934 
   00340    0.4160   -8490.1299  0.5882 
   00341    0.4048   -8491.7881  0.5874 
   00342    0.4308   -8471.7147  0.5862 
   00343    0.4072   -8486.8137  0.5876 
   00344    0.4244   -8511.8293  0.5856 
   00345    0.4104   -8512.3407  0.5826 
   00346    0.4076   -8510.3495  0.5836 
   00347    0.4292   -8500.5770  0.5857 
   00348    0.4100   -8459.4222  0.5840 
   00349    0.4240   -8443.8121  0.5831 
   00350    0.4160   -8473.4581  0.5927 
   00351    0.4144   -8477.2991  0.5932 
   00352    0.4204   -8486.0290  0.5961 
   00353    0.4072   -8454.7546  0.5949 
   00354    0.4100   -8467.2736  0.5995 
   00355    0.4084   -8497.0224  0.5957 
   00356    0.3984   -8515.6232  0.5912 
   00357    0.4124   -8567.4340  0.5921 
   00358    0.4072   -8529.1492  0.6011 
   00359    0.4024   -8547.0069  0.6026 
   00360    0.4060   -8536.4249  0.5953 
   00361    0.4192   -8541.0336  0.5975 
   00362    0.4252   -8577.4294  0.6009 
   00363    0.4076   -8630.7043  0.6056 
   00364    0.4028   -8597.7764  0.6048 
   00365    0.3972   -8596.6998  0.6076 
   00366    0.4136   -8593.6288  0.6032 
   00367    0.4212   -8522.6405  0.6033 
   00368    0.4080   -8538.5845  0.6035 
   00369    0.4016   -8529.6745  0.6030 
   00370    0.4116   -8523.3412  0.6035 
   00371    0.4016   -8500.5701  0.6000 
   00372    0.3972   -8457.4952  0.5939 
   00373    0.4112   -8460.8929  0.5883 
   00374    0.4040   -8470.9364  0.5871 
   00375    0.3988   -8452.0108  0.5860 
   00376    0.4056   -8473.6178  0.5854 
   00377    0.4324   -8439.4266  0.5937 
   00378    0.4000   -8461.9342  0.5962 
   00379    0.4180   -8488.2262  0.6016 
   00380    0.4108   -8469.6769  0.6067 
   00381    0.4232   -8502.0091  0.6148 
   00382    0.4240   -8467.3940  0.6123 
   00383    0.4184   -8474.2402  0.6140 
   00384    0.4044   -8465.7397  0.6132 
   00385    0.4120   -8512.0157  0.6124 
   00386    0.4112   -8492.4876  0.6155 
   00387    0.4172   -8516.2780  0.6163 
   00388    0.4068   -8539.6113  0.6122 
   00389    0.4052   -8548.3751  0.6128 
   00390    0.4076   -8515.4375  0.6127 
   00391    0.3900   -8533.7804  0.6201 
   00392    0.4012   -8523.3990  0.6220 
   00393    0.4064   -8535.5876  0.6186 
   00394    0.4116   -8523.5284  0.6213 
   00395    0.3984   -8544.4944  0.6207 
   00396    0.4108   -8559.2710  0.6267 
   00397    0.4248   -8562.8722  0.6306 
   00398    0.4184   -8582.0655  0.6330 
   00399    0.4032   -8554.8074  0.6408 
   00400    0.4180   -8539.5758  0.6391 
   00401    0.4104   -8561.5891  0.6328 
   00402    0.4152   -8586.6921  0.6294 
   00403    0.3964   -8565.3486  0.6281 
   00404    0.4140   -8543.2153  0.6298 
   00405    0.4192   -8519.6874  0.6316 
   00406    0.4228   -8468.1859  0.6272 
   00407    0.4332   -8460.7388  0.6226 
   00408    0.4208   -8460.8344  0.6221 
   00409    0.4116   -8499.1727  0.6162 
   00410    0.4228   -8470.9752  0.6209 
   00411    0.4164   -8471.8808  0.6176 
   00412    0.4204   -8501.6922  0.6141 
   00413    0.4128   -8493.0330  0.6163 
   00414    0.4084   -8451.8478  0.6169 
   00415    0.4096   -8482.5689  0.6132 
   00416    0.4188   -8479.3784  0.6118 
   00417    0.4164   -8444.6163  0.6125 
   00418    0.3916   -8444.6321  0.6138 
   00419    0.4236   -8468.1690  0.6179 
   00420    0.4052   -8477.4554  0.6160 
   00421    0.4224   -8494.0134  0.6119 
   00422    0.3956   -8488.4968  0.6085 
   00423    0.4052   -8491.6825  0.6113 
   00424    0.3960   -8511.8724  0.6103 
   00425    0.4176   -8489.7982  0.6076 
   00426    0.3980   -8508.4808  0.6040 
   00427    0.4052   -8531.2910  0.6069 
   00428    0.3964   -8544.2450  0.6094 
   00429    0.3976   -8520.7359  0.6113 
   00430    0.4084   -8517.2763  0.6099 
   00431    0.4120   -8483.1225  0.6162 
   00432    0.3944   -8505.7901  0.6198 
   00433    0.4244   -8501.5973  0.6231 
   00434    0.3972   -8506.9408  0.6258 
   00435    0.4264   -8546.0963  0.6294 
   00436    0.4044   -8541.8685  0.6340 
   00437    0.4028   -8553.2169  0.6327 
   00438    0.4300   -8549.6558  0.6282 
   00439    0.3952   -8528.2209  0.6299 
   00440    0.4160   -8494.1323  0.6281 
   00441    0.4164   -8478.5663  0.6246 
   00442    0.3972   -8499.9153  0.6220 
   00443    0.4128   -8504.1530  0.6269 
   00444    0.3984   -8531.3398  0.6284 
   00445    0.4200   -8478.4207  0.6279 
   00446    0.4196   -8428.3034  0.6319 
   00447    0.4056   -8480.0039  0.6389 
   00448    0.3920   -8552.7493  0.6411 
   00449    0.4236   -8555.1138  0.6463 
   00450    0.4072   -8566.1928  0.6438 
   00451    0.4256   -8530.1345  0.6469 
   00452    0.4064   -8547.1507  0.6454 
   00453    0.3948   -8540.4589  0.6427 
   00454    0.3968   -8525.9032  0.6401 
   00455    0.4232   -8512.0293  0.6386 
   00456    0.4192   -8488.9591  0.6385 
   00457    0.4016   -8556.1810  0.6395 
   00458    0.3984   -8513.7516  0.6371 
   00459    0.4108   -8487.5978  0.6398 
   00460    0.4192   -8473.2917  0.6451 
   00461    0.4080   -8502.5954  0.6475 
   00462    0.4252   -8494.7936  0.6473 
   00463    0.4008   -8466.4716  0.6439 
   00464    0.4228   -8453.5186  0.6397 
   00465    0.4164   -8450.3496  0.6416 
   00466    0.4344   -8528.7692  0.6485 
   00467    0.4200   -8534.9174  0.6539 
   00468    0.3980   -8485.1821  0.6509 
   00469    0.4192   -8486.8291  0.6520 
   00470    0.4116   -8465.7053  0.6485 
   00471    0.4076   -8433.3769  0.6453 
   00472    0.4200   -8462.0378  0.6414 
   00473    0.4140   -8413.2893  0.6417 
   00474    0.4080   -8481.9020  0.6502 
   00475    0.4152   -8488.9427  0.6526 
   00476    0.4324   -8531.1460  0.6575 
   00477    0.4192   -8540.2560  0.6623 
   00478    0.4016   -8496.1554  0.6585 
   00479    0.4020   -8483.5123  0.6560 
   00480    0.4044   -8512.1488  0.6563 
   00481    0.4100   -8509.5854  0.6516 
   00482    0.4224   -8502.6014  0.6536 
   00483    0.4316   -8535.5901  0.6572 
   00484    0.4220   -8604.0497  0.6564 
   00485    0.4060   -8584.3075  0.6541 
   00486    0.4064   -8591.1985  0.6532 
   00487    0.4084   -8542.6769  0.6517 
   00488    0.4124   -8561.7683  0.6484 
   00489    0.4128   -8528.8332  0.6448 
   00490    0.4132   -8513.0417  0.6450 
   00491    0.4332   -8548.4427  0.6461 
   00492    0.4148   -8551.4010  0.6504 
   00493    0.4196   -8483.2927  0.6451 
   00494    0.4024   -8530.2153  0.6470 
   00495    0.4064   -8549.7161  0.6478 
   00496    0.4008   -8547.5330  0.6475 
   00497    0.4084   -8539.1534  0.6452 
   00498    0.4216   -8530.1064  0.6482 
   00499    0.4180   -8474.8043  0.6452 
   00500    0.4216   -8465.0075  0.6455 
   00501    0.4200   -8481.8474  0.6467 
   00502    0.4008   -8451.7317  0.6472 
   00503    0.4272   -8439.0180  0.6465 
   00504    0.4064   -8414.3585  0.6394 
   00505    0.4104   -8413.1542  0.6391 
   00506    0.4136   -8417.6336  0.6381 
   00507    0.4164   -8493.5291  0.6489 
   00508    0.3856   -8537.8417  0.6510 
   00509    0.4072   -8501.8186  0.6498 
   00510    0.4132   -8472.8468  0.6484 
   00511    0.4080   -8508.2800  0.6450 
   00512    0.4060   -8517.7724  0.6438 
   00513    0.4080   -8484.2032  0.6413 
   00514    0.4168   -8527.1039  0.6446 
   00515    0.4256   -8548.4382  0.6374 
   00516    0.4196   -8530.5884  0.6321 
   00517    0.4312   -8568.8211  0.6373 
   00518    0.4164   -8567.7370  0.6400 
   00519    0.3992   -8573.6032  0.6400 
   00520    0.3932   -8587.5433  0.6461 
   00521    0.4060   -8566.7079  0.6471 
   00522    0.4176   -8581.6850  0.6498 
   00523    0.4092   -8562.1953  0.6438 
   00524    0.3880   -8528.4873  0.6452 
   00525    0.4148   -8554.0615  0.6511 
   00526    0.4032   -8558.3723  0.6524 
   00527    0.3984   -8552.0672  0.6498 
   00528    0.4240   -8540.7631  0.6513 
   00529    0.4000   -8513.2162  0.6504 
   00530    0.4160   -8474.7287  0.6386 
   00531    0.4156   -8476.9365  0.6419 
   00532    0.4004   -8480.9686  0.6416 
   00533    0.3952   -8487.8616  0.6453 
   00534    0.4192   -8479.0840  0.6455 
   00535    0.4032   -8479.4391  0.6435 
   00536    0.4020   -8472.7307  0.6451 
   00537    0.4056   -8499.2764  0.6469 
   00538    0.4220   -8440.1209  0.6407 
   00539    0.4148   -8465.5944  0.6378 
   00540    0.4176   -8412.6347  0.6296 
   00541    0.4252   -8476.5937  0.6339 
   00542    0.4164   -8491.0758  0.6312 
   00543    0.4176   -8486.5208  0.6313 
   00544    0.4092   -8494.4930  0.6353 
   00545    0.4220   -8560.9424  0.6381 
   00546    0.4060   -8555.9066  0.6360 
   00547    0.4096   -8613.4986  0.6387 
   00548    0.4116   -8580.7434  0.6424 
   00549    0.4080   -8577.5119  0.6423 
   00550    0.3908   -8556.5163  0.6410 
   00551    0.4052   -8560.0076  0.6442 
   00552    0.3952   -8580.0697  0.6442 
   00553    0.4148   -8555.4707  0.6429 
   00554    0.4048   -8567.1427  0.6414 
   00555    0.3952   -8525.8089  0.6416 
   00556    0.4176   -8553.4053  0.6421 
   00557    0.4364   -8547.8484  0.6399 
   00558    0.4260   -8498.0615  0.6379 
   00559    0.4056   -8520.8314  0.6377 
   00560    0.4008   -8513.6847  0.6347 
   00561    0.4068   -8480.7307  0.6320 
   00562    0.4104   -8492.4333  0.6298 
   00563    0.4212   -8484.9862  0.6340 
   00564    0.4232   -8561.3199  0.6301 
   00565    0.4100   -8583.4556  0.6259 
   00566    0.4084   -8564.1608  0.6286 
   00567    0.4236   -8492.0694  0.6192 
   00568    0.4108   -8500.7558  0.6184 
   00569    0.4088   -8493.1652  0.6126 
   00570    0.4124   -8512.7745  0.6130 
   00571    0.4156   -8467.9444  0.6151 
   00572    0.4216   -8484.3543  0.6128 
   00573    0.3976   -8461.8649  0.6105 
   00574    0.4116   -8502.6523  0.6144 
   00575    0.4140   -8521.8482  0.6178 
   00576    0.4144   -8546.3568  0.6158 
   00577    0.4144   -8533.1427  0.6191 
   00578    0.4216   -8529.4653  0.6226 
   00579    0.4108   -8539.7710  0.6307 
   00580    0.4168   -8534.0579  0.6329 
   00581    0.4064   -8574.7305  0.6355 
   00582    0.3936   -8594.3562  0.6350 
   00583    0.4108   -8572.1277  0.6310 
   00584    0.4096   -8548.0649  0.6353 
   00585    0.4188   -8583.5547  0.6370 
   00586    0.4104   -8604.6573  0.6372 
   00587    0.4108   -8608.8553  0.6416 
   00588    0.4108   -8608.8543  0.6369 
   00589    0.3928   -8547.6288  0.6355 
   00590    0.4072   -8556.2348  0.6429 
   00591    0.4132   -8540.5083  0.6451 
   00592    0.4140   -8519.3444  0.6412 
   00593    0.4088   -8554.5968  0.6407 
   00594    0.4040   -8536.4445  0.6371 
   00595    0.4036   -8529.8344  0.6346 
   00596    0.4084   -8534.7450  0.6368 
   00597    0.4140   -8560.9277  0.6436 
   00598    0.3956   -8514.4137  0.6429 
   00599    0.3952   -8562.7559  0.6484 
   00600    0.4272   -8507.3560  0.6475 
   00601    0.4036   -8541.4840  0.6478 
   00602    0.3940   -8516.1141  0.6498 
   00603    0.4140   -8555.4469  0.6482 
   00604    0.4280   -8501.9112  0.6445 
   00605    0.4244   -8498.7057  0.6430 
   00606    0.4164   -8527.7863  0.6417 
   00607    0.4092   -8529.8653  0.6440 
   00608    0.4220   -8524.8388  0.6405 
   00609    0.4204   -8550.9175  0.6419 
   00610    0.4068   -8569.3062  0.6405 
   00611    0.4136   -8528.4359  0.6399 
   00612    0.4016   -8548.3761  0.6403 
   00613    0.4056   -8507.4488  0.6370 
   00614    0.4124   -8555.7447  0.6383 
   00615    0.4120   -8556.5141  0.6441 
   00616    0.3964   -8583.2352  0.6473 
   00617    0.4008   -8593.0357  0.6534 
   00618    0.4248   -8581.5072  0.6586 
   00619    0.4136   -8556.3339  0.6566 
   00620    0.4244   -8541.8541  0.6524 
   00621    0.4088   -8533.8600  0.6463 
   00622    0.4148   -8547.3656  0.6471 
   00623    0.4236   -8520.0539  0.6437 
   00624    0.4116   -8547.0326  0.6467 
   00625    0.4144   -8496.3964  0.6419 
   00626    0.4088   -8511.3351  0.6403 
   00627    0.4136   -8525.1280  0.6459 
   00628    0.4312   -8533.8720  0.6481 
   00629    0.4136   -8500.3337  0.6514 
   00630    0.4124   -8563.6601  0.6578 
   00631    0.4128   -8556.8752  0.6571 
   00632    0.4160   -8511.7891  0.6573 
   00633    0.4288   -8553.1146  0.6551 
   00634    0.3868   -8541.2374  0.6560 
   00635    0.4140   -8546.4945  0.6584 
   00636    0.4236   -8545.3094  0.6581 
   00637    0.4136   -8513.4247  0.6501 
   00638    0.4060   -8508.2959  0.6476 
   00639    0.4152   -8484.6642  0.6553 
   00640    0.4064   -8532.7853  0.6589 
   00641    0.4160   -8494.8063  0.6573 
   00642    0.4072   -8479.5327  0.6552 
   00643    0.4120   -8476.6972  0.6579 
   00644    0.4192   -8444.3316  0.6599 
   00645    0.4168   -8466.5879  0.6607 
   00646    0.4132   -8440.8476  0.6553 
   00647    0.4028   -8474.6519  0.6568 
   00648    0.4192   -8469.9905  0.6587 
   00649    0.4112   -8461.7859  0.6524 
   00650    0.4076   -8530.9953  0.6621 
   00651    0.4024   -8494.2524  0.6596 
   00652    0.4040   -8507.7103  0.6609 
   00653    0.3980   -8527.8533  0.6639 
   00654    0.4060   -8488.4525  0.6599 
   00655    0.4028   -8443.1357  0.6602 
   00656    0.3880   -8505.1491  0.6607 
   00657    0.4208   -8489.2807  0.6567 
   00658    0.4228   -8513.4334  0.6544 
   00659    0.4164   -8500.4638  0.6492 
   00660    0.4312   -8471.6520  0.6432 
   00661    0.4212   -8504.1391  0.6397 
   00662    0.4204   -8473.3201  0.6339 
   00663    0.4328   -8523.1466  0.6366 
   00664    0.3868   -8516.6709  0.6366 
   00665    0.4184   -8483.0219  0.6284 
   00666    0.4140   -8461.5874  0.6319 
   00667    0.4248   -8471.2837  0.6338 
   00668    0.4200   -8509.1172  0.6352 
   00669    0.4268   -8499.7508  0.6298 
   00670    0.4140   -8525.0981  0.6270 
   00671    0.4116   -8520.8828  0.6325 
   00672    0.4168   -8497.1868  0.6261 
   00673    0.4096   -8489.1664  0.6274 
   00674    0.4092   -8435.6639  0.6288 
   00675    0.4104   -8476.9503  0.6294 
   00676    0.4096   -8530.5765  0.6273 
   00677    0.3936   -8541.1240  0.6297 
   00678    0.4260   -8483.9000  0.6175 
   00679    0.4016   -8463.5456  0.6181 
   00680    0.4088   -8480.2931  0.6242 
   00681    0.4196   -8512.3647  0.6253 
   00682    0.4164   -8527.9229  0.6203 
   00683    0.4156   -8489.9387  0.6201 
   00684    0.4164   -8459.8540  0.6217 
   00685    0.4092   -8446.5889  0.6201 
   00686    0.4108   -8454.5591  0.6178 
   00687    0.4084   -8446.9061  0.6208 
   00688    0.4200   -8438.0480  0.6183 
   00689    0.4152   -8487.9064  0.6148 
   00690    0.4180   -8516.5592  0.6125 
   00691    0.4108   -8501.3008  0.6165 
   00692    0.4200   -8532.0623  0.6138 
   00693    0.4296   -8563.0263  0.6195 
   00694    0.4104   -8534.1096  0.6143 
   00695    0.4328   -8552.6476  0.6165 
   00696    0.4176   -8532.3212  0.6149 
   00697    0.4208   -8517.7703  0.6210 
   00698    0.4044   -8540.8469  0.6282 
   00699    0.4024   -8538.3791  0.6262 
   00700    0.4084   -8505.3156  0.6226 
   00701    0.3908   -8513.8832  0.6335 
   00702    0.4156   -8529.9650  0.6301 
   00703    0.4012   -8524.5529  0.6219 
   00704    0.4200   -8556.4162  0.6199 
   00705    0.4240   -8584.7528  0.6184 
   00706    0.3984   -8561.9361  0.6131 
   00707    0.4040   -8582.6204  0.6169 
   00708    0.4180   -8519.3812  0.6160 
   00709    0.4072   -8517.0933  0.6155 
   00710    0.4140   -8467.5303  0.6082 
   00711    0.3920   -8526.9047  0.6082 
   00712    0.4116   -8534.4800  0.6117 
   00713    0.4108   -8555.0569  0.6153 
   00714    0.4000   -8535.1017  0.6111 
   00715    0.4220   -8540.8163  0.6122 
   00716    0.4176   -8540.9065  0.6126 
   00717    0.3972   -8547.1684  0.6190 
   00718    0.4144   -8534.6432  0.6217 
   00719    0.4016   -8516.1083  0.6242 
   00720    0.4040   -8523.4536  0.6254 
   00721    0.4144   -8481.1500  0.6177 
   00722    0.3988   -8491.1557  0.6103 
   00723    0.4176   -8487.1368  0.6108 
   00724    0.4288   -8460.2212  0.6165 
   00725    0.4028   -8487.2100  0.6166 
   00726    0.4152   -8531.2672  0.6159 
   00727    0.4336   -8519.8481  0.6166 
   00728    0.3980   -8563.9915  0.6228 
   00729    0.4300   -8523.4393  0.6192 
   00730    0.4304   -8528.6190  0.6178 
   00731    0.4040   -8508.7227  0.6185 
   00732    0.4140   -8528.8579  0.6210 
   00733    0.3996   -8564.1585  0.6193 
   00734    0.4076   -8554.3394  0.6139 
   00735    0.4124   -8514.8358  0.6040 
   00736    0.4188   -8534.1357  0.6038 
   00737    0.4156   -8567.8932  0.6080 
   00738    0.4088   -8583.5136  0.6074 
   00739    0.4108   -8569.2130  0.6076 
   00740    0.4372   -8546.3168  0.6057 
   00741    0.4080   -8530.9820  0.6024 
   00742    0.4028   -8548.6671  0.6018 
   00743    0.4188   -8517.1927  0.6076 
   00744    0.4028   -8572.0866  0.6152 
   00745    0.4056   -8554.5231  0.6141 
   00746    0.3944   -8575.8844  0.6177 
   00747    0.4124   -8551.9285  0.6140 
   00748    0.4044   -8553.2852  0.6095 
   00749    0.4056   -8532.5566  0.6106 
   00750    0.4248   -8515.4724  0.6069 
   00751    0.4052   -8558.2569  0.6079 
   00752    0.4064   -8581.6305  0.6083 
   00753    0.4240   -8546.5574  0.6103 
   00754    0.4012   -8537.6617  0.6089 
   00755    0.4052   -8519.4509  0.6011 
   00756    0.4132   -8528.7717  0.6023 
   00757    0.4192   -8546.6153  0.5964 
   00758    0.4004   -8521.6187  0.5932 
   00759    0.4064   -8513.2164  0.5888 
   00760    0.4076   -8551.5620  0.5915 
   00761    0.4088   -8556.2231  0.5901 
   00762    0.4160   -8583.0923  0.5918 
   00763    0.4128   -8560.8655  0.5857 
   00764    0.3828   -8508.7604  0.5871 
   00765    0.4088   -8508.7590  0.5911 
   00766    0.3988   -8507.2090  0.5904 
   00767    0.4096   -8473.9306  0.5922 
   00768    0.3940   -8453.8876  0.5919 
   00769    0.4064   -8457.9093  0.5923 
   00770    0.4168   -8512.6686  0.5866 
   00771    0.4052   -8536.9131  0.5873 
   00772    0.4176   -8515.9965  0.5882 
   00773    0.4040   -8530.4895  0.5862 
   00774    0.4084   -8550.5018  0.5883 
   00775    0.4152   -8536.3372  0.5878 
   00776    0.3988   -8558.8904  0.5932 
   00777    0.3948   -8553.1705  0.6004 
   00778    0.4176   -8547.5623  0.5944 
   00779    0.4124   -8534.3498  0.5911 
   00780    0.4012   -8498.6545  0.5882 
   00781    0.3992   -8520.7359  0.5929 
   00782    0.4180   -8462.8647  0.5900 
   00783    0.4080   -8514.4566  0.5955 
   00784    0.4056   -8526.2201  0.5930 
   00785    0.4084   -8532.2142  0.5950 
   00786    0.4120   -8477.0537  0.5900 
   00787    0.3972   -8461.5337  0.5855 
   00788    0.4020   -8456.7432  0.5876 
   00789    0.3964   -8488.0685  0.5848 
   00790    0.4076   -8515.6213  0.5870 
   00791    0.4160   -8534.4848  0.5877 
   00792    0.4156   -8519.7154  0.5853 
   00793    0.4020   -8444.4350  0.5885 
   00794    0.4148   -8514.2374  0.5881 
   00795    0.4036   -8508.2775  0.5880 
   00796    0.4108   -8523.1583  0.5880 
   00797    0.3932   -8552.4957  0.5914 
   00798    0.4132   -8536.6103  0.5926 
   00799    0.4044   -8540.0743  0.5979 
   00800    0.3992   -8592.4627  0.6092 
   00801    0.4192   -8543.6554  0.6008 
   00802    0.4036   -8520.1153  0.6034 
   00803    0.3956   -8526.4593  0.6008 
   00804    0.4160   -8572.5372  0.5995 
   00805    0.3988   -8577.6017  0.6018 
   00806    0.4108   -8598.3418  0.6001 
   00807    0.3992   -8565.6948  0.5987 
   00808    0.4032   -8563.9939  0.6039 
   00809    0.4092   -8579.3063  0.6144 
   00810    0.4124   -8546.6553  0.6088 
   00811    0.3920   -8550.7437  0.6098 
   00812    0.4024   -8609.2857  0.6114 
   00813    0.3944   -8608.8354  0.6080 
   00814    0.4040   -8540.7994  0.6042 
   00815    0.4096   -8591.3974  0.6078 
   00816    0.4136   -8604.7397  0.6040 
   00817    0.4132   -8590.3553  0.6084 
   00818    0.4244   -8542.5860  0.6098 
   00819    0.4236   -8547.4289  0.6105 
   00820    0.4004   -8537.1999  0.5980 
   00821    0.4204   -8511.3731  0.6017 
   00822    0.4056   -8482.6011  0.5991 
   00823    0.4204   -8498.1339  0.6009 
   00824    0.4136   -8444.9407  0.6046 
   00825    0.4208   -8517.2333  0.6065 
   00826    0.4040   -8498.4879  0.6095 
   00827    0.4008   -8530.3107  0.6103 
   00828    0.4176   -8514.4937  0.6097 
   00829    0.3964   -8519.1365  0.6087 
   00830    0.4208   -8546.2456  0.6122 
   00831    0.3928   -8563.8070  0.6079 
   00832    0.4208   -8524.5605  0.6045 
   00833    0.3944   -8532.1871  0.6089 
   00834    0.4156   -8557.4780  0.6182 
   00835    0.3984   -8539.9159  0.6166 
   00836    0.3868   -8540.3224  0.6196 
   00837    0.4196   -8536.1370  0.6180 
   00838    0.4288   -8598.1929  0.6262 
   00839    0.4072   -8555.5910  0.6230 
   00840    0.4332   -8539.8039  0.6181 
   00841    0.4056   -8505.3098  0.6131 
   00842    0.4288   -8456.9011  0.6080 
   00843    0.4116   -8455.9899  0.6108 
   00844    0.4044   -8492.0211  0.6136 
   00845    0.4284   -8508.2995  0.6148 
   00846    0.4132   -8550.6561  0.6185 
   00847    0.4120   -8527.9294  0.6121 
   00848    0.3996   -8533.8288  0.6122 
   00849    0.4128   -8491.8454  0.6155 
   00850    0.4208   -8556.9206  0.6192 
   00851    0.4096   -8593.3307  0.6244 
   00852    0.4224   -8531.3507  0.6235 
   00853    0.3928   -8513.4177  0.6209 
   00854    0.4140   -8523.4336  0.6199 
   00855    0.4220   -8507.8068  0.6258 
   00856    0.4144   -8500.6521  0.6300 
   00857    0.3992   -8477.4280  0.6298 
   00858    0.4260   -8469.3454  0.6255 
   00859    0.4060   -8487.1535  0.6269 
   00860    0.4212   -8543.2049  0.6277 
   00861    0.4132   -8527.3990  0.6282 
   00862    0.4092   -8487.8588  0.6336 
   00863    0.4132   -8440.9027  0.6315 
   00864    0.4136   -8420.6106  0.6344 
   00865    0.4244   -8488.5213  0.6343 
   00866    0.4072   -8509.8883  0.6346 
   00867    0.3868   -8514.5990  0.6383 
   00868    0.4108   -8551.3407  0.6457 
   00869    0.4060   -8551.9122  0.6502 
   00870    0.4064   -8552.7431  0.6518 
   00871    0.4008   -8558.8691  0.6500 
   00872    0.4336   -8564.5288  0.6568 
   00873    0.4016   -8535.3063  0.6576 
   00874    0.3988   -8527.6479  0.6562 
   00875    0.4196   -8490.0092  0.6552 
   00876    0.4228   -8504.3682  0.6557 
   00877    0.4128   -8522.6939  0.6591 
   00878    0.4012   -8537.8776  0.6633 
   00879    0.3996   -8576.2662  0.6665 
   00880    0.3972   -8587.1626  0.6700 
   00881    0.4088   -8584.2987  0.6717 
   00882    0.3944   -8590.2294  0.6652 
   00883    0.4080   -8574.9802  0.6657 
   00884    0.4064   -8616.8495  0.6653 
   00885    0.4224   -8555.8675  0.6572 
   00886    0.3972   -8600.4656  0.6601 
   00887    0.3972   -8555.7429  0.6582 
   00888    0.4184   -8528.2464  0.6619 
   00889    0.3900   -8547.7102  0.6669 
   00890    0.4264   -8559.2648  0.6693 
   00891    0.3980   -8518.4312  0.6719 
   00892    0.4040   -8552.6057  0.6711 
   00893    0.3976   -8526.5589  0.6656 
   00894    0.4028   -8496.3026  0.6682 
   00895    0.4100   -8449.0779  0.6665 
   00896    0.4176   -8517.5889  0.6712 
   00897    0.3956   -8512.5459  0.6741 
   00898    0.4116   -8493.0738  0.6709 
   00899    0.4220   -8510.9701  0.6686 
   00900    0.4216   -8503.4184  0.6672 
   00901    0.4016   -8500.3266  0.6732 
   00902    0.4060   -8512.9599  0.6797 
   00903    0.3972   -8470.1020  0.6833 
   00904    0.4132   -8509.4346  0.6827 
   00905    0.4052   -8485.0587  0.6818 
   00906    0.4276   -8504.9221  0.6870 
   00907    0.4132   -8500.1840  0.6872 
   00908    0.4040   -8512.4630  0.6862 
   00909    0.3932   -8478.9664  0.6818 
   00910    0.4060   -8529.7876  0.6847 
   00911    0.4056   -8542.4155  0.6828 
   00912    0.4184   -8564.8196  0.6820 
   00913    0.4336   -8567.0110  0.6808 
   00914    0.4244   -8564.2285  0.6800 
   00915    0.4260   -8573.7788  0.6756 
   00916    0.4004   -8533.2231  0.6708 
   00917    0.3972   -8528.5888  0.6746 
   00918    0.4128   -8518.2667  0.6696 
   00919    0.4208   -8540.4685  0.6702 
   00920    0.4276   -8546.8965  0.6708 
   00921    0.3956   -8499.7976  0.6697 
   00922    0.4132   -8498.6685  0.6695 
   00923    0.3840   -8494.0761  0.6711 
   00924    0.4108   -8532.5927  0.6722 
   00925    0.4180   -8507.7474  0.6708 
   00926    0.4108   -8529.1705  0.6704 
   00927    0.4108   -8538.8659  0.6773 
   00928    0.4148   -8512.1884  0.6781 
   00929    0.3992   -8540.5114  0.6822 
   00930    0.4152   -8545.3783  0.6810 
   00931    0.4116   -8548.5446  0.6803 
   00932    0.4068   -8519.6541  0.6803 
   00933    0.4220   -8537.8591  0.6834 
   00934    0.3888   -8530.4514  0.6826 
   00935    0.4132   -8517.1142  0.6871 
   00936    0.4044   -8528.9624  0.6892 
   00937    0.4196   -8545.2450  0.6989 
   00938    0.4052   -8591.4061  0.6980 
   00939    0.4052   -8590.8080  0.6979 
   00940    0.4116   -8567.6651  0.6992 
   00941    0.4236   -8623.5529  0.7011 
   00942    0.3880   -8615.2296  0.6961 
   00943    0.3988   -8588.5639  0.6921 
   00944    0.4108   -8601.7778  0.6900 
   00945    0.4144   -8568.5470  0.6941 
   00946    0.4052   -8598.0562  0.6966 
   00947    0.4184   -8607.1958  0.6958 
   00948    0.4120   -8563.5059  0.6932 
   00949    0.4044   -8510.2213  0.6939 
   00950    0.4256   -8544.9561  0.6973 
   00951    0.4096   -8572.6116  0.6977 
   00952    0.4080   -8553.3186  0.6924 
   00953    0.3884   -8558.8272  0.6929 
   00954    0.4084   -8563.9616  0.6973 
   00955    0.4144   -8523.3585  0.6973 
   00956    0.4112   -8548.5311  0.6959 
   00957    0.3940   -8518.4903  0.6927 
   00958    0.4088   -8496.2158  0.6958 
   00959    0.3972   -8525.8211  0.6954 
   00960    0.3992   -8530.0470  0.6925 
   00961    0.4080   -8526.0164  0.6878 
   00962    0.3984   -8550.0013  0.6925 
   00963    0.4096   -8531.5447  0.6891 
   00964    0.4064   -8530.6282  0.6913 
   00965    0.4128   -8508.0493  0.6862 
   00966    0.4104   -8558.7499  0.6845 
   00967    0.4216   -8537.3943  0.6810 
   00968    0.4028   -8501.8337  0.6787 
   00969    0.4404   -8474.4831  0.6763 
   00970    0.4180   -8478.9144  0.6756 
   00971    0.4112   -8483.4871  0.6771 
   00972    0.4124   -8496.8144  0.6764 
   00973    0.4092   -8563.7717  0.6810 
   00974    0.4144   -8594.0851  0.6791 
   00975    0.4232   -8596.6836  0.6776 
   00976    0.4012   -8592.4440  0.6749 
   00977    0.4048   -8602.9997  0.6819 
   00978    0.4064   -8593.5197  0.6749 
   00979    0.3996   -8588.5919  0.6746 
   00980    0.4032   -8541.0977  0.6713 
   00981    0.4108   -8527.6403  0.6737 
   00982    0.3972   -8497.1454  0.6741 
   00983    0.4092   -8492.4136  0.6738 
   00984    0.4304   -8489.0769  0.6772 
   00985    0.4060   -8496.3472  0.6768 
   00986    0.3968   -8482.7588  0.6791 
   00987    0.4204   -8464.4012  0.6787 
   00988    0.4080   -8518.5421  0.6797 
   00989    0.4036   -8536.2289  0.6762 
   00990    0.4080   -8507.4987  0.6767 
   00991    0.4356   -8475.3428  0.6837 
   00992    0.4116   -8478.5763  0.6852 
   00993    0.4200   -8476.8364  0.6897 
   00994    0.4076   -8502.6668  0.6971 
   00995    0.3996   -8491.2835  0.6905 
   00996    0.4048   -8535.3142  0.6965 
   00997    0.4220   -8534.3085  0.6919 
   00998    0.4048   -8562.9537  0.6923 
   00999    0.4064   -8543.7300  0.6860 
   01000    0.4008   -8535.1843  0.6787 
