#=====================================================
# File created:        Wed-29-Oct-2025-at-10-05-40PM
# Size of lattice:     50x50
# Number of MC steps:  1000
# Reduced temperature: 0.500
# Run time (s):        33.418509
#=====================================================
# MC step:  Ratio:     Energy:   Order:
#=====================================================
   00000    0.5000   -2540.2602  0.2642 
   00001    0.6744   -3715.2066  0.2588 
   00002    0.6036   -4536.6618  0.2631 
   00003    0.5940   -5117.2799  0.2614 
   00004    0.5504   -5571.9314  0.2671 
   00005    0.5416   -5945.4868  0.2685 
   00006    0.5124   -6222.1554  0.2773 
   00007    0.5100   -6390.6939  0.2870 
   00008    0.5112   -6576.7254  0.2913 
   00009    0.4820   -6728.9013  0.2964 
   00010    0.4884   -6840.4898  0.2858 
   00011    0.4644   -6955.6681  0.2786 
   00012    0.4628   -7077.6041  0.2746 
   00013    0.4792   -7191.9451  0.2807 
   00014    0.4508   -7336.9272  0.2780 
   00015    0.4488   -7419.7836  0.2684 
   00016    0.4396   -7438.7521  0.2677 
   00017    0.4628   -7517.3392  0.2661 
   00018    0.4452   -7524.1771  0.2633 
   00019    0.4456   -7501.5249  0.2727 
   00020    0.4660   -7597.2316  0.2798 
   00021    0.4588   -7659.2250  0.2806 
   00022    0.4428   -7707.8726  0.2803 
   00023    0.4288   -7740.1436  0.2820 
   00024    0.4292   -7783.3502  0.2855 
   00025    0.4244   -7785.4178  0.2842 
   00026    0.4460   -7826.6758  0.2874 
   00027    0.4372   -7843.7163  0.2882 
   00028    0.4248   -7874.5594  0.2865 
   00029    0.4460   -7898.3526  0.2769 
   00030    0.4160   -7916.0778  0.2759 
   00031    0.4500   -7962.7171  0.2741 
   00032    0.4228   -8014.3825  0.2806 
   00033    0.4260   -8082.4834  0.2752 
   00034    0.4296   -8060.6704  0.2789 
   00035    0.3988   -8081.3296  0.2762 
   00036    0.4576   -8110.0014  0.2763 
   00037    0.4376   -8141.4926  0.2786 
   00038    0.4084   -8158.0187  0.2761 
   00039    0.4424   -8160.0991  0.2767 
   00040    0.4280   -8180.7715  0.2833 
   00041    0.4128   -8165.7369  0.2863 
   00042    0.4096   -8182.1000  0.2823 
   00043    0.4144   -8184.8729  0.2765 
   00044    0.4236   -8175.0616  0.2698 
   00045    0.4300   -8158.0788  0.2645 
   00046    0.4164   -8151.8819  0.2556 
   00047    0.4248   -8211.8211  0.2554 
   00048    0.4228   -8211.0805  0.2633 
   00049    0.4256   -8139.1810  0.2661 
   00050    0.4128   -8098.0472  0.2624 
   00051    0.4248   -8151.4121  0.2727 
   00052    0.4116   -8154.9211  0.2627 
   00053    0.4352   -8121.1210  0.2639 
   00054    0.4284   -8177.9152  0.2642 
   00055    0.4156   -8167.1579  0.2675 
   00056    0.4292   -8174.3510  0.2706 
   00057    0.4368   -8162.3699  0.2719 
   00058    0.4232   -8161.8867  0.2792 
   00059    0.4280   -8134.4053  0.2776 
   00060    0.4308   -8138.2542  0.2810 
   00061    0.4072   -8132.9387  0.2865 
   00062    0.4308   -8190.1661  0.2861 
   00063    0.4272   -8199.7071  0.2908 
   00064    0.4240   -8161.1811  0.2959 
   00065    0.4032   -8085.2272  0.2995 
   00066    0.4040   -8148.8550  0.3022 
   00067    0.4168   -8145.0066  0.3095 
   00068    0.4344   -8159.8884  0.3145 
   00069    0.4244   -8154.2334  0.3163 
   00070    0.4372   -8197.3302  0.3095 
   00071    0.4216   -8186.5936  0.3152 
   00072    0.4096   -8161.8022  0.3161 
   00073    0.4348   -8190.3628  0.3146 
   00074    0.4176   -8223.4752  0.3147 
   00075    0.4248   -8197.9675  0.3188 
   00076    0.4192   -8159.6647  0.3197 
   00077    0.4368   -8173.0612  0.3160 
   00078    0.4404   -8159.1488  0.3102 
   00079    0.4168   -8200.2815  0.3147 
   00080    0.4156   -8226.9276  0.3102 
   00081    0.4112   -8201.3451  0.3045 
   00082    0.4188   -8235.9033  0.3059 
   00083    0.4100   -8280.4914  0.3029 
   00084    0.4264   -8276.9387  0.3111 
   00085    0.4132   -8263.9410  0.3141 
   00086    0.4100   -8274.9808  0.3135 
   00087    0.4072   -8286.0125  0.3194 
   00088    0.4260   -8275.4945  0.3229 
   00089    0.4232   -8264.8990  0.3243 
   00090    0.4212   -8237.7001  0.3183 
   00091    0.4000   -8256.6118  0.3192 
   00092    0.4228   -8283.2066  0.3202 
   00093    0.4084   -8254.6536  0.3252 
   00094    0.4128   -8256.2741  0.3184 
   00095    0.4072   -8274.4753  0.3264 
   00096    0.4080   -8241.1283  0.3205 
   00097    0.4220   -8248.4319  0.3168 
   00098    0.4252   -8286.7970  0.3087 
   00099    0.4232   -8282.0047  0.3104 
   00100    0.4080   -8268.3695  0.3114 
   00101    0.4152   -8261.1821  0.3044 
   00102    0.4328   -8295.8106  0.3017 
   00103    0.4224   -8283.9433  0.2987 
   00104    0.4152   -8307.2158  0.2970 
   00105    0.4156   -8305.1136  0.2937 
   00106    0.4172   -8266.6019  0.2956 
   00107    0.4168   -8240.9751  0.2984 
   00108    0.4472   -8230.4206  0.2984 
   00109    0.4348   -8202.9941  0.2976 
   00110    0.4144   -8211.8039  0.2999 
   00111    0.4308   -8241.9084  0.2966 
   00112    0.4224   -8208.5614  0.3020 
   00113    0.4192   -8199.9229  0.2968 
   00114    0.4208   -8236.1121  0.2997 
   00115    0.4084   -8235.4699  0.2978 
   00116    0.4276   -8252.7713  0.2942 
   00117    0.4332   -8260.5762  0.2974 
   00118    0.4160   -8255.3131  0.2895 
   00119    0.4252   -8240.6463  0.2929 
   00120    0.4300   -8241.2376  0.2921 
   00121    0.4320   -8255.6424  0.2941 
   00122    0.4196   -8291.5580  0.2882 
   00123    0.4060   -8290.1912  0.2842 
   00124    0.4084   -8319.4480  0.2967 
   00125    0.4212   -8334.4515  0.2957 
   00126    0.4200   -8294.1592  0.2961 
   00127    0.4224   -8246.5241  0.2971 
   00128    0.4240   -8282.6177  0.3006 
   00129    0.4336   -8312.6676  0.2950 
   00130    0.4208   -8304.9247  0.2968 
   00131    0.4224   -8331.4500  0.2992 
   00132    0.4228   -8304.4723  0.2945 
   00133    0.4252   -8304.1127  0.2974 
   00134    0.4168   -8310.8600  0.3006 
   00135    0.4120   -8266.7734  0.2998 
   00136    0.4220   -8295.6887  0.3001 
   00137    0.4200   -8312.3499  0.3041 
   00138    0.4248   -8341.3354  0.2974 
   00139    0.4164   -8369.0561  0.3005 
   00140    0.4244   -8359.7007  0.3042 
   00141    0.4192   -8360.7244  0.3083 
   00142    0.4264   -8348.9373  0.3141 
   00143    0.4208   -8310.4553  0.3085 
   00144    0.4040   -8323.6969  0.3076 
   00145    0.4164   -8356.1622  0.3072 
   00146    0.4128   -8353.5736  0.3017 
   00147    0.4140   -8377.7496  0.3016 
   00148    0.4236   -8371.0766  0.3059 
   00149    0.4096   -8317.3187  0.3088 
   00150    0.4208   -8311.6230  0.3090 
   00151    0.4180   -8289.0344  0.3096 
   00152    0.3976   -8296.8956  0.3131 
   00153    0.4132   -8272.1106  0.3172 
   00154    0.4148   -8297.9822  0.3129 
   00155    0.4196   -8353.0144  0.3147 
   00156    0.4204   -8387.6237  0.3133 
   00157    0.4224   -8349.4139  0.3148 
   00158    0.4276   -8345.4382  0.3170 
   00159    0.4288   -8376.6797  0.3190 
   00160    0.4088   -8383.5307  0.3266 
   00161    0.4188   -8358.0471  0.3209 
   00162    0.4200   -8334.7424  0.3159 
   00163    0.4252   -8359.6323  0.3144 
   00164    0.4124   -8381.8448  0.3159 
   00165    0.4012   -8337.2992  0.3184 
   00166    0.4220   -8353.9337  0.3143 
   00167    0.4280   -8364.2642  0.3128 
   00168    0.4220   -8389.8273  0.3154 
   00169    0.4208   -8366.0510  0.3123 
   00170    0.4060   -8393.7031  0.3100 
   00171    0.4108   -8358.7134  0.3029 
   00172    0.4288   -8360.5537  0.3042 
   00173    0.4112   -8368.3038  0.3033 
   00174    0.4144   -8328.4017  0.3012 
   00175    0.4108   -8362.2757  0.2992 
   00176    0.4076   -8341.4415  0.2912 
   00177    0.4164   -8342.7438  0.2932 
   00178    0.4176   -8333.9113  0.2920 
   00179    0.4056   -8319.0866  0.2912 
   00180    0.4088   -8299.1834  0.2953 
   00181    0.4216   -8316.1958  0.2893 
   00182    0.4460   -8343.9638  0.2906 
   00183    0.4192   -8311.6334  0.2806 
   00184    0.4272   -8314.5995  0.2880 
   00185    0.4064   -8303.6226  0.2833 
   00186    0.4192   -8337.7038  0.2778 
   00187    0.4180   -8348.3600  0.2771 
   00188    0.4240   -8288.4127  0.2794 
   00189    0.4064   -8308.6896  0.2777 
   00190    0.4208   -8368.6553  0.2776 
   00191    0.3988   -8356.3579  0.2865 
   00192    0.4144   -8347.4219  0.2874 
   00193    0.4296   -8384.1762  0.2889 
   00194    0.4064   -8364.5501  0.2832 
   00195    0.4212   -8400.4050  0.2852 
   00196    0.4236   -8368.5008  0.2851 
   00197    0.4052   -8319.1778  0.2861 
   00198    0.4108   -8333.6834  0.2898 
   00199    0.4128   -8303.6659  0.2929 
   00200    0.4044   -8327.4074  0.2931 
   00201    0.4108   -8331.0465  0.2994 
   00202    0.4116   -8349.4899  0.3045 
   00203    0.4288   -8380.7648  0.2960 
   00204    0.4232   -8349.1944  0.3003 
   00205    0.4368   -8337.0159  0.2995 
   00206    0.4264   -8371.3900  0.3031 
   00207    0.4096   -8370.6616  0.3108 
   00208    0.4012   -8368.7146  0.3108 
   00209    0.3972   -8414.0131  0.3133 
   00210    0.4080   -8351.9773  0.3115 
   00211    0.4024   -8345.9915  0.3056 
   00212    0.4028   -8345.3039  0.3051 
   00213    0.4136   -8354.2346  0.3143 
   00214    0.4428   -8366.7100  0.3038 
   00215    0.4084   -8358.5860  0.2955 
   00216    0.4220   -8398.9445  0.3041 
   00217    0.4080   -8404.2995  0.3007 
   00218    0.4104   -8428.1701  0.2992 
   00219    0.4040   -8453.0304  0.2959 
   00220    0.4200   -8422.0310  0.2933 
   00221    0.4088   -8449.0919  0.2935 
   00222    0.3984   -8444.9305  0.2914 
   00223    0.4152   -8418.1109  0.2880 
   00224    0.4112   -8402.8081  0.2844 
   00225    0.4144   -8387.5485  0.2845 
   00226    0.4340   -8385.1773  0.2846 
   00227    0.4200   -8394.3414  0.2879 
   00228    0.4144   -8413.7941  0.2855 
   00229    0.4120   -8463.8267  0.2829 
   00230    0.4032   -8439.6845  0.2798 
   00231    0.4084   -8428.2297  0.2849 
   00232    0.4192   -8424.7954  0.2809 
   00233    0.4232   -8464.9918  0.2827 
   00234    0.4184   -8481.2634  0.2816 
   00235    0.4108   -8481.1792  0.2813 
   00236    0.4008   -8422.6624  0.2841 
   00237    0.4208   -8427.1146  0.2916 
   00238    0.4300   -8472.1922  0.2885 
   00239    0.4120   -8456.1939  0.2928 
   00240    0.4144   -8466.8506  0.2941 
   00241    0.4248   -8483.5570  0.2944 
   00242    0.3972   -8496.1874  0.2872 
   00243    0.4008   -8464.2158  0.2880 
   00244    0.4264   -8446.0757  0.2916 
   00245    0.4072   -8457.5503  0.2957 
   00246    0.4128   -8443.3473  0.2978 
   00247    0.4032   -8469.7027  0.2994 
   00248    0.4180   -8420.2883  0.2938 
   00249    0.4088   -8399.2028  0.3006 
   00250    0.4272   -8419.8843  0.3103 
   00251    0.3960   -8441.5729  0.3015 
   00252    0.4120   -8446.8917  0.3013 
   00253    0.4028   -8431.8253  0.2951 
   00254    0.4184   -8448.2673  0.2907 
   00255    0.4188   -8467.9336  0.2863 
   00256    0.4296   -8491.4393  0.2780 
   00257    0.3960   -8429.3866  0.2783 
   00258    0.4248   -8474.5927  0.2736 
   00259    0.4088   -8454.8125  0.2688 
   00260    0.4212   -8415.0563  0.2605 
   00261    0.4152   -8376.0586  0.2590 
   00262    0.4028   -8428.3388  0.2604 
   00263    0.4040   -8430.5633  0.2628 
   00264    0.4192   -8431.2389  0.2635 
   00265    0.3928   -8441.8503  0.2629 
   00266    0.4140   -8449.4882  0.2664 
   00267    0.4112   -8421.2828  0.2662 
   00268    0.4056   -8420.4686  0.2650 
   00269    0.4100   -8439.6616  0.2625 
   00270    0.3936   -8493.2284  0.2680 
   00271    0.3792   -8528.7627  0.2703 
   00272    0.4128   -8516.3582  0.2673 
   00273    0.4164   -8479.8174  0.2655 
   00274    0.4184   -8507.7144  0.2637 
   00275    0.4060   -8498.7675  0.2680 
   00276    0.4204   -8495.8101  0.2660 
   00277    0.4020   -8521.8596  0.2655 
   00278    0.3912   -8510.2594  0.2593 
   00279    0.3964   -8518.0052  0.2603 
   00280    0.4088   -8480.7858  0.2625 
   00281    0.4092   -8482.2081  0.2621 
   00282    0.4108   -8469.3064  0.2553 
   00283    0.4100   -8469.9443  0.2596 
   00284    0.4104   -8501.3555  0.2580 
   00285    0.4052   -8487.7025  0.2597 
   00286    0.4228   -8443.6692  0.2572 
   00287    0.4180   -8458.5662  0.2568 
   00288    0.4176   -8480.6308  0.2578 
   00289    0.4228   -8500.2032  0.2604 
   00290    0.4264   -8481.9971  0.2567 
   00291    0.4088   -8452.6354  0.2555 
   00292    0.4072   -8441.5295  0.2605 
   00293    0.4096   -8469.9238  0.2589 
   00294    0.4088   -8466.0756  0.2591 
   00295    0.4164   -8453.9967  0.2537 
   00296    0.3904   -8432.5094  0.2530 
   00297    0.4076   -8434.9098  0.2605 
   00298    0.4100   -8488.0465  0.2642 
   00299    0.4116   -8506.1315  0.2629 
   00300    0.4252   -8476.8707  0.2657 
   00301    0.4080   -8497.8203  0.2670 
   00302    0.4300   -8429.2661  0.2719 
   00303    0.4328   -8486.5098  0.2709 
   00304    0.4096   -8461.3288  0.2755 
   00305    0.4256   -8449.1818  0.2818 
   00306    0.4040   -8504.0880  0.2823 
   00307    0.4032   -8505.4150  0.2818 
   00308    0.4040   -8544.7134  0.2838 
   00309    0.4056   -8543.0012  0.2829 
   00310    0.4056   -8551.1756  0.2785 
   00311    0.4036   -8512.7380  0.2761 
   00312    0.3980   -8532.4518  0.2790 
   00313    0.4088   -8554.9850  0.2820 
   00314    0.4232   -8530.9025  0.2899 
   00315    0.4012   -8486.1920  0.2882 
   00316    0.4156   -8513.9468  0.2915 
   00317    0.4072   -8531.6328  0.2945 
   00318    0.4112   -8535.0733  0.2895 
   00319    0.4200   -8554.0393  0.2858 
   00320    0.4132   -8533.6927  0.2910 
   00321    0.4128   -8509.0491  0.2935 
   00322    0.4148   -8543.0412  0.2944 
   00323    0.4184   -8545.7608  0.2937 
   00324    0.4220   -8552.3068  0.2962 
   00325    0.3936   -8564.4935  0.2958 
   00326    0.4076   -8490.7750  0.3000 
   00327    0.4132   -8527.9878  0.2980 
   00328    0.4320   -8487.6346  0.2964 
   00329    0.4160   -8468.2570  0.3005 
   00330    0.4072   -8521.0005  0.3023 
   00331    0.4148   -8501.9815  0.2951 
   00332    0.4340   -8519.2478  0.2833 
   00333    0.4352   -8581.7111  0.2894 
   00334    0.4140   -8575.8012  0.2936 
   00335    0.4000   -8569.8180  0.2945 
   00336    0.4012   -8560.2163  0.2908 
   00337    0.4200   -8548.5090  0.2871 
   00338    0.4212   -8545.7650  0.2865 
   00339    0.4076   -8560.0930  0.2963 
   00340    0.3892   -8546.2715  0.2951 
   00341    0.4212   -8532.3223  0.2925 
   00342    0.4092   -8572.2964  0.2912 
   00343    0.4004   -8583.8399  0.2910 
   00344    0.4020   -8545.1531  0.2962 
   00345    0.4124   -8589.3208  0.2958 
   00346    0.4096   -8553.5933  0.2934 
   00347    0.4268   -8520.4871  0.3021 
   00348    0.3980   -8479.7732  0.3043 
   00349    0.4292   -8493.9286  0.3032 
   00350    0.4084   -8463.3589  0.3027 
   00351    0.4116   -8451.6805  0.2999 
   00352    0.4116   -8435.7734  0.2950 
   00353    0.4260   -8449.4902  0.2982 
   00354    0.4128   -8456.2056  0.2975 
   00355    0.4076   -8497.5101  0.3002 
   00356    0.4044   -8489.3436  0.3000 
   00357    0.3988   -8533.1028  0.2981 
   00358    0.4064   -8581.3521  0.3007 
   00359    0.4152   -8549.1498  0.3016 
   00360    0.4140   -8514.6913  0.3012 
   00361    0.4228   -8532.4761  0.3086 
   00362    0.4288   -8527.4874  0.3117 
   00363    0.4104   -8494.5813  0.3109 
   00364    0.4148   -8506.0069  0.3078 
   00365    0.4052   -8518.6942  0.3046 
   00366    0.3892   -8509.6698  0.3006 
   00367    0.4368   -8513.5005  0.2945 
   00368    0.3968   -8529.4081  0.2916 
   00369    0.4132   -8568.3055  0.2974 
   00370    0.4020   -8525.9109  0.2984 
   00371    0.4244   -8472.0185  0.2926 
   00372    0.4028   -8425.7652  0.2929 
   00373    0.4096   -8442.4168  0.2978 
   00374    0.3988   -8444.0001  0.2982 
   00375    0.4284   -8502.8745  0.2962 
   00376    0.4100   -8483.6997  0.2963 
   00377    0.4112   -8497.4583  0.2935 
   00378    0.4100   -8515.0134  0.2975 
   00379    0.4108   -8485.9039  0.2954 
   00380    0.4176   -8503.5278  0.2932 
   00381    0.4072   -8474.1669  0.2939 
   00382    0.4076   -8455.6319  0.2958 
   00383    0.4176   -8474.0229  0.2869 
   00384    0.4148   -8473.9972  0.2818 
   00385    0.4036   -8523.8231  0.2803 
   00386    0.4020   -8500.3968  0.2841 
   00387    0.3992   -8468.8618  0.2836 
   00388    0.4272   -8451.3132  0.2783 
   00389    0.4140   -8497.8684  0.2797 
   00390    0.3956   -8484.5214  0.2804 
   00391    0.4044   -8484.3973  0.2811 
   00392    0.3988   -8541.4323  0.2840 
   00393    0.3904   -8543.5265  0.2856 
   00394    0.4156   -8544.7163  0.2850 
   00395    0.4200   -8508.0260  0.2846 
   00396    0.4204   -8529.5029  0.2868 
   00397    0.4004   -8531.0954  0.2889 
   00398    0.3992   -8495.3678  0.2907 
   00399    0.4236   -8486.4439  0.2887 
   00400    0.4364   -8483.6346  0.2847 
   00401    0.4136   -8523.5753  0.2932 
   00402    0.4240   -8509.4332  0.3018 
   00403    0.4368   -8511.2081  0.2935 
   00404    0.4048   -8485.6116  0.2901 
   00405    0.4016   -8512.7122  0.2844 
   00406    0.3956   -8520.4462  0.2834 
   00407    0.4124   -8521.2287  0.2830 
   00408    0.4052   -8480.5756  0.2865 
   00409    0.4200   -8500.9815  0.2851 
   00410    0.4112   -8507.1241  0.2867 
   00411    0.4088   -8514.5430  0.2901 
   00412    0.4100   -8536.3953  0.2903 
   00413    0.4000   -8548.4894  0.2908 
   00414    0.4116   -8505.5775  0.2904 
   00415    0.4088   -8514.2773  0.2928 
   00416    0.4084   -8519.2482  0.2953 
   00417    0.4048   -8510.8848  0.2985 
   00418    0.4148   -8528.8275  0.3016 
   00419    0.4056   -8546.7253  0.3039 
   00420    0.4176   -8573.4148  0.3041 
   00421    0.4140   -8567.1621  0.3021 
   00422    0.4128   -8555.0830  0.3055 
   00423    0.4012   -8542.0979  0.3029 
   00424    0.4140   -8534.0696  0.2986 
   00425    0.4192   -8529.4855  0.2966 
   00426    0.4140   -8544.0406  0.2936 
   00427    0.4296   -8541.3286  0.2931 
   00428    0.4084   -8497.0083  0.2921 
   00429    0.4076   -8482.6541  0.2897 
   00430    0.4204   -8464.7751  0.2963 
   00431    0.4172   -8434.5793  0.2980 
   00432    0.4144   -8444.8988  0.2992 
   00433    0.4076   -8463.5798  0.3007 
   00434    0.4180   -8438.8066  0.3004 
   00435    0.4200   -8473.6044  0.3079 
   00436    0.4180   -8507.0666  0.3017 
   00437    0.4112   -8498.0257  0.3007 
   00438    0.4052   -8480.9163  0.2991 
   00439    0.4220   -8473.2066  0.2997 
   00440    0.4152   -8462.0650  0.2948 
   00441    0.4132   -8465.0602  0.3026 
   00442    0.4240   -8471.2726  0.3019 
   00443    0.3864   -8504.0572  0.2927 
   00444    0.4240   -8542.6630  0.2949 
   00445    0.4104   -8487.2679  0.2931 
   00446    0.3816   -8488.8480  0.2938 
   00447    0.4064   -8518.3273  0.2973 
   00448    0.4092   -8523.1229  0.2981 
   00449    0.3988   -8574.2818  0.2950 
   00450    0.3976   -8544.8074  0.2983 
   00451    0.4100   -8545.8610  0.2952 
   00452    0.4088   -8483.9341  0.2886 
   00453    0.4132   -8491.5588  0.2874 
   00454    0.4280   -8463.6924  0.2893 
   00455    0.4084   -8497.0132  0.2931 
   00456    0.4220   -8488.3972  0.2945 
   00457    0.4100   -8435.0588  0.2965 
   00458    0.4168   -8491.4563  0.3004 
   00459    0.4168   -8499.4354  0.2977 
   00460    0.4188   -8500.6264  0.2955 
   00461    0.4112   -8509.8438  0.2992 
   00462    0.4024   -8541.9842  0.3031 
   00463    0.4216   -8536.6959  0.2957 
   00464    0.4044   -8549.8874  0.2945 
   00465    0.3976   -8547.5397  0.2915 
   00466    0.4108   -8558.8978  0.2872 
   00467    0.3972   -8523.9015  0.2841 
   00468    0.3984   -8562.5331  0.2813 
   00469    0.4148   -8525.5976  0.2858 
   00470    0.4284   -8493.0814  0.2955 
   00471    0.4184   -8519.2916  0.2926 
   00472    0.4004   -8523.3983  0.2954 
   00473    0.4276   -8467.6322  0.2918 
   00474    0.4116   -8525.7385  0.2958 
   00475    0.4192   -8548.9870  0.2943 
   00476    0.3980   -8517.9792  0.2926 
   00477    0.4204   -8470.0905  0.2935 
   00478    0.4088   -8464.9596  0.2925 
   00479    0.4032   -8473.1256  0.2921 
   00480    0.4204   -8515.2711  0.2926 
   00481    0.4108   -8511.3248  0.2925 
   00482    0.4072   -8504.6559  0.2870 
   00483    0.4084   -8547.0282  0.2901 
   00484    0.4208   -8538.2517  0.2854 
   00485    0.4312   -8509.9749  0.2853 
   00486    0.4156   -8476.6748  0.2832 
   00487    0.4356   -8450.6929  0.2851 
   00488    0.4220   -8425.7158  0.2884 
   00489    0.3928   -8503.5995  0.2855 
   00490    0.4176   -8453.5884  0.2800 
   00491    0.4064   -8509.4351  0.2856 
   00492    0.4000   -8513.2830  0.2815 
   00493    0.4140   -8554.5091  0.2783 
   00494    0.4108   -8542.1691  0.2796 
   00495    0.4160   -8527.3453  0.2810 
   00496    0.4212   -8514.9698  0.2824 
   00497    0.3904   -8480.8666  0.2888 
   00498    0.4196   -8476.7786  0.2958 
   00499    0.4212   -8472.0679  0.2993 
   00500    0.4156   -8434.2518  0.3003 
   00501    0.4152   -8421.0416  0.3084 
   00502    0.4072   -8478.3436  0.3139 
   00503    0.4140   -8499.2895  0.3178 
   00504    0.4092   -8477.8035  0.3138 
   00505    0.4016   -8460.3119  0.3108 
   00506    0.3936   -8457.1164  0.3058 
   00507    0.4048   -8489.4310  0.3041 
   00508    0.4132   -8502.0085  0.3032 
   00509    0.3872   -8548.1963  0.3076 
   00510    0.4140   -8543.3302  0.3116 
   00511    0.4000   -8545.0699  0.3199 
   00512    0.4208   -8555.0665  0.3192 
   00513    0.4064   -8560.6173  0.3203 
   00514    0.4132   -8545.2191  0.3215 
   00515    0.4068   -8546.0987  0.3200 
   00516    0.4112   -8504.0208  0.3201 
   00517    0.4116   -8488.1383  0.3157 
   00518    0.4088   -8446.6186  0.3114 
   00519    0.4228   -8469.5400  0.3160 
   00520    0.4032   -8484.2001  0.3137 
   00521    0.4064   -8468.4230  0.3172 
   00522    0.4372   -8515.8076  0.3155 
   00523    0.4180   -8484.2870  0.3140 
   00524    0.4104   -8495.8106  0.3181 
   00525    0.4176   -8506.9147  0.3170 
   00526    0.4120   -8475.2555  0.3272 
   00527    0.3980   -8489.4617  0.3316 
   00528    0.4228   -8457.7273  0.3346 
   00529    0.4212   -8523.7058  0.3392 
   00530    0.4244   -8558.9488  0.3409 
   00531    0.4064   -8521.9049  0.3402 
   00532    0.4084   -8527.3724  0.3393 
   00533    0.4048   -8489.5514  0.3386 
   00534    0.4068   -8505.7133  0.3381 
   00535    0.4204   -8468.9589  0.3412 
   00536    0.4164   -8470.9625  0.3392 
   00537    0.4156   -8516.5057  0.3432 
   00538    0.4216   -8521.8534  0.3451 
   00539    0.4204   -8491.9367  0.3421 
   00540    0.4052   -8451.3042  0.3398 
   00541    0.4064   -8483.3091  0.3446 
   00542    0.4144   -8476.3659  0.3427 
   00543    0.3956   -8478.8279  0.3355 
   00544    0.3980   -8436.1426  0.3428 
   00545    0.4192   -8476.1167  0.3355 
   00546    0.4112   -8474.2012  0.3433 
   00547    0.4272   -8464.8436  0.3456 
   00548    0.4300   -8476.5346  0.3430 
   00549    0.4080   -8460.9485  0.3447 
   00550    0.4304   -8480.2861  0.3427 
   00551    0.4188   -8465.4770  0.3341 
   00552    0.4040   -8481.3370  0.3394 
   00553    0.4140   -8491.9057  0.3341 
   00554    0.4232   -8508.7676  0.3372 
   00555    0.4128   -8525.1400  0.3367 
   00556    0.4152   -8522.8816  0.3449 
   00557    0.4016   -8539.9146  0.3422 
   00558    0.4220   -8483.8759  0.3397 
   00559    0.4148   -8544.2523  0.3311 
   00560    0.4048   -8474.8754  0.3278 
   00561    0.4188   -8477.7653  0.3313 
   00562    0.3992   -8504.7166  0.3334 
   00563    0.4092   -8500.8431  0.3419 
   00564    0.4136   -8539.6228  0.3359 
   00565    0.4116   -8534.9428  0.3392 
   00566    0.4152   -8529.3346  0.3378 
   00567    0.4228   -8509.3581  0.3414 
   00568    0.4112   -8497.9671  0.3346 
   00569    0.4112   -8540.5751  0.3303 
   00570    0.4100   -8530.3323  0.3289 
   00571    0.3996   -8564.0190  0.3323 
   00572    0.4032   -8560.6896  0.3356 
   00573    0.3880   -8539.4218  0.3377 
   00574    0.4084   -8524.9453  0.3378 
   00575    0.4236   -8534.9340  0.3409 
   00576    0.3988   -8536.2613  0.3417 
   00577    0.4392   -8525.5877  0.3416 
   00578    0.3976   -8512.2737  0.3467 
   00579    0.4096   -8476.5105  0.3493 
   00580    0.4088   -8498.0562  0.3539 
   00581    0.4108   -8405.2859  0.3575 
   00582    0.4068   -8369.8908  0.3607 
   00583    0.4300   -8417.3356  0.3585 
   00584    0.4260   -8479.6059  0.3628 
   00585    0.4176   -8504.9148  0.3640 
   00586    0.4004   -8495.3658  0.3677 
   00587    0.4116   -8468.5050  0.3584 
   00588    0.4352   -8488.6476  0.3534 
   00589    0.4128   -8513.1314  0.3526 
   00590    0.4124   -8506.9842  0.3556 
   00591    0.4020   -8536.9675  0.3543 
   00592    0.3988   -8549.9936  0.3500 
   00593    0.4236   -8560.9708  0.3552 
   00594    0.4180   -8498.6503  0.3593 
   00595    0.4092   -8477.9211  0.3659 
   00596    0.4080   -8442.3917  0.3714 
   00597    0.4128   -8464.3048  0.3669 
   00598    0.4044   -8456.0225  0.3662 
   00599    0.4236   -8487.2395  0.3582 
   00600    0.4004   -8500.3349  0.3527 
   00601    0.3892   -8524.2533  0.3464 
   00602    0.4036   -8538.7907  0.3475 
   00603    0.4252   -8520.8281  0.3451 
   00604    0.4272   -8490.9779  0.3515 
   00605    0.4180   -8489.2917  0.3511 
   00606    0.4100   -8497.8555  0.3556 
   00607    0.4128   -8470.5700  0.3532 
   00608    0.4020   -8511.6597  0.3505 
   00609    0.4116   -8500.2563  0.3487 
   00610    0.4204   -8469.6621  0.3461 
   00611    0.4192   -8449.0779  0.3484 
   00612    0.4176   -8448.7783  0.3488 
   00613    0.4092   -8469.1328  0.3485 
   00614    0.4032   -8449.6209  0.3474 
   00615    0.3884   -8501.3121  0.3524 
   00616    0.4028   -8511.2452  0.3528 
   00617    0.4152   -8476.9750  0.3570 
   00618    0.4288   -8499.5779  0.3513 
   00619    0.4108   -8515.3059  0.3501 
   00620    0.3956   -8504.3122  0.3549 
   00621    0.3980   -8478.2567  0.3522 
   00622    0.4140   -8493.9385  0.3566 
   00623    0.4132   -8495.4969  0.3587 
   00624    0.4208   -8470.3654  0.3608 
   00625    0.4256   -8467.2881  0.3619 
   00626    0.4124   -8483.3478  0.3619 
   00627    0.4092   -8486.0146  0.3605 
   00628    0.4260   -8524.4014  0.3602 
   00629    0.4264   -8483.3023  0.3652 
   00630    0.4072   -8517.2905  0.3617 
   00631    0.4228   -8510.7080  0.3664 
   00632    0.3960   -8487.9840  0.3625 
   00633    0.3848   -8505.5573  0.3664 
   00634    0.4076   -8470.1092  0.3607 
   00635    0.4220   -8434.8245  0.3620 
   00636    0.4124   -8467.1704  0.3631 
   00637    0.4164   -8460.6860  0.3611 
   00638    0.4084   -8442.0191  0.3600 
   00639    0.4096   -8455.9047  0.3686 
   00640    0.4168   -8482.1145  0.3734 
   00641    0.4064   -8494.4514  0.3708 
   00642    0.4056   -8517.5622  0.3668 
   00643    0.4032   -8541.7062  0.3641 
   00644    0.4328   -8487.5453  0.3646 
   00645    0.4140   -8477.9217  0.3677 
   00646    0.4024   -8469.1969  0.3631 
   00647    0.4140   -8470.7810  0.3618 
   00648    0.4092   -8475.4568  0.3641 
   00649    0.4120   -8508.5985  0.3655 
   00650    0.4120   -8543.9982  0.3647 
   00651    0.4092   -8531.9970  0.3672 
   00652    0.4128   -8512.4524  0.3709 
   00653    0.4136   -8523.0302  0.3687 
   00654    0.4020   -8513.1697  0.3692 
   00655    0.4100   -8533.2773  0.3628 
   00656    0.4112   -8488.1366  0.3691 
   00657    0.4076   -8488.4943  0.3667 
   00658    0.4088   -8412.9582  0.3613 
   00659    0.4164   -8467.7916  0.3575 
   00660    0.4148   -8452.7681  0.3488 
   00661    0.4128   -8451.4979  0.3504 
   00662    0.3956   -8425.3029  0.3473 
   00663    0.4192   -8456.4658  0.3475 
   00664    0.4124   -8454.7513  0.3441 
   00665    0.4108   -8487.5975  0.3462 
   00666    0.4080   -8475.8517  0.3479 
   00667    0.4064   -8498.7855  0.3544 
   00668    0.4284   -8487.9241  0.3572 
   00669    0.4172   -8513.2565  0.3635 
   00670    0.3880   -8515.8799  0.3550 
   00671    0.4128   -8508.1683  0.3522 
   00672    0.4032   -8510.9323  0.3521 
   00673    0.4116   -8578.9260  0.3498 
   00674    0.4088   -8546.0819  0.3521 
   00675    0.4096   -8572.0049  0.3557 
   00676    0.4152   -8566.4706  0.3552 
   00677    0.4040   -8561.5832  0.3543 
   00678    0.4176   -8567.1436  0.3542 
   00679    0.3976   -8549.1642  0.3518 
   00680    0.4052   -8514.7225  0.3549 
   00681    0.4080   -8475.2390  0.3593 
   00682    0.4280   -8510.8412  0.3580 
   00683    0.3940   -8504.9750  0.3549 
   00684    0.4020   -8529.4277  0.3585 
   00685    0.4076   -8532.1466  0.3527 
   00686    0.4112   -8561.1064  0.3492 
   00687    0.4128   -8529.1617  0.3502 
   00688    0.4116   -8558.7634  0.3485 
   00689    0.4208   -8560.8700  0.3484 
   00690    0.4056   -8574.3786  0.3469 
   00691    0.4276   -8567.1398  0.3503 
   00692    0.4252   -8523.2496  0.3504 
   00693    0.4020   -8530.3460  0.3500 
   00694    0.4104   -8515.1157  0.3527 
   00695    0.4128   -8509.1116  0.3463 
   00696    0.4096   -8529.1691  0.3431 
   00697    0.3936   -8482.2784  0.3472 
   00698    0.4052   -8458.2075  0.3542 
   00699    0.4032   -8533.1294  0.3574 
   00700    0.3924   -8503.5382  0.3525 
   00701    0.4036   -8495.8097  0.3527 
   00702    0.3924   -8511.3532  0.3525 
   00703    0.4240   -8483.4855  0.3428 
   00704    0.4000   -8503.4830  0.3467 
   00705    0.4060   -8473.6438  0.3426 
   00706    0.4088   -8470.1213  0.3442 
   00707    0.4116   -8467.1144  0.3346 
   00708    0.4176   -8432.2029  0.3346 
   00709    0.4112   -8471.7057  0.3388 
   00710    0.4240   -8456.6624  0.3415 
   00711    0.3996   -8448.5928  0.3433 
   00712    0.4096   -8468.6480  0.3438 
   00713    0.4184   -8442.9903  0.3475 
   00714    0.4056   -8417.5581  0.3512 
   00715    0.4056   -8483.6369  0.3521 
   00716    0.4024   -8488.8164  0.3576 
   00717    0.4080   -8533.2798  0.3646 
   00718    0.4152   -8559.2658  0.3687 
   00719    0.4016   -8546.1506  0.3564 
   00720    0.4120   -8547.8898  0.3580 
   00721    0.4156   -8539.5682  0.3572 
   00722    0.4200   -8533.0625  0.3574 
   00723    0.4128   -8522.3609  0.3559 
   00724    0.4056   -8515.9511  0.3622 
   00725    0.4008   -8552.5765  0.3612 
   00726    0.4040   -8535.2187  0.3605 
   00727    0.3980   -8551.0536  0.3622 
   00728    0.3996   -8555.5623  0.3611 
   00729    0.4144   -8552.4020  0.3578 
   00730    0.4148   -8531.8761  0.3601 
   00731    0.4084   -8524.3201  0.3699 
   00732    0.4116   -8526.3853  0.3649 
   00733    0.4084   -8556.7935  0.3629 
   00734    0.4036   -8596.2822  0.3653 
   00735    0.4004   -8580.0348  0.3571 
   00736    0.4160   -8597.9464  0.3583 
   00737    0.4112   -8555.8430  0.3569 
   00738    0.4284   -8506.8460  0.3533 
   00739    0.4092   -8459.6281  0.3534 
   00740    0.4140   -8482.8742  0.3504 
   00741    0.4012   -8507.6937  0.3489 
   00742    0.4076   -8518.6972  0.3491 
   00743    0.4128   -8486.3657  0.3553 
   00744    0.3924   -8491.3524  0.3525 
   00745    0.4100   -8513.8469  0.3510 
   00746    0.4060   -8517.5944  0.3489 
   00747    0.4096   -8502.1245  0.3534 
   00748    0.4164   -8509.2642  0.3449 
   00749    0.4016   -8475.8075  0.3447 
   00750    0.4240   -8502.6115  0.3496 
   00751    0.4148   -8528.2258  0.3449 
   00752    0.3960   -8495.1008  0.3421 
   00753    0.4080   -8511.2850  0.3417 
   00754    0.4104   -8516.8313  0.3424 
   00755    0.4236   -8513.3215  0.3472 
   00756    0.4212   -8506.0697  0.3394 
   00757    0.3932   -8462.6891  0.3422 
   00758    0.4028   -8479.4599  0.3379 
   00759    0.4096   -8480.9703  0.3440 
   00760    0.4188   -8498.9683  0.3427 
   00761    0.4080   -8515.4936  0.3394 
   00762    0.4096   -8491.6350  0.3413 
   00763    0.4140   -8521.3741  0.3406 
   00764    0.3976   -8470.1180  0.3374 
   00765    0.4332   -8496.7675  0.3406 
   00766    0.4024   -8538.2220  0.3368 
   00767    0.3992   -8513.9827  0.3357 
   00768    0.4176   -8476.4247  0.3335 
   00769    0.4060   -8473.9274  0.3351 
   00770    0.4176   -8533.7914  0.3335 
   00771    0.4052   -8519.1288  0.3435 
   00772    0.4012   -8530.1315  0.3422 
   00773    0.4156   -8519.2982  0.3396 
   00774    0.4052   -8516.4748  0.3405 
   00775    0.4008   -8518.4576  0.3426 
   00776    0.3984   -8472.6012  0.3501 
   00777    0.4272   -8457.5218  0.3476 
   00778    0.4268   -8470.5678  0.3491 
   00779    0.4112   -8505.4466  0.3485 
   00780    0.4280   -8514.0108  0.3476 
   00781    0.4140   -8480.6833  0.3460 
   00782    0.4384   -8486.3051  0.3468 
   00783    0.4048   -8481.5340  0.3518 
   00784    0.3984   -8467.8840  0.3550 
   00785    0.4144   -8443.9365  0.3495 
   00786    0.4156   -8472.6535  0.3559 
   00787    0.4196   -8463.1020  0.3551 
   00788    0.4000   -8466.9447  0.3533 
   00789    0.4124   -8500.1040  0.3579 
   00790    0.4140   -8516.4516  0.3569 
   00791    0.4080   -8525.3269  0.3568 
   00792    0.4056   -8567.6341  0.3607 
   00793    0.4140   -8622.0561  0.3595 
   00794    0.4204   -8595.3177  0.3564 
   00795    0.4232   -8544.3403  0.3549 
   00796    0.4032   -8512.4715  0.3550 
   00797    0.4144   -8526.4141  0.3566 
   00798    0.4056   -8501.6747  0.3531 
   00799    0.4204   -8498.8614  0.3531 
   00800    0.4268   -8451.4868  0.3554 
   00801    0.4172   -8515.2016  0.3536 
   00802    0.4308   -8519.6768  0.3524 
   00803    0.4004   -8511.1144  0.3517 
   00804    0.4264   -8515.1165  0.3525 
   00805    0.4160   -8541.9689  0.3610 
   00806    0.3960   -8513.3324  0.3552 
   00807    0.4144   -8507.3830  0.3544 
   00808    0.4144   -8543.5575  0.3500 
   00809    0.4164   -8555.1309  0.3596 
   00810    0.4160   -8481.7387  0.3614 
   00811    0.4000   -8488.2885  0.3618 
   00812    0.4100   -8574.8959  0.3590 
   00813    0.4112   -8508.4704  0.3577 
   00814    0.3996   -8532.0102  0.3550 
   00815    0.4040   -8561.3777  0.3562 
   00816    0.3996   -8483.1825  0.3516 
   00817    0.4072   -8496.8623  0.3425 
   00818    0.4080   -8478.9147  0.3330 
   00819    0.4104   -8478.1217  0.3357 
   00820    0.4124   -8500.0101  0.3341 
   00821    0.4172   -8507.8057  0.3340 
   00822    0.4040   -8496.0023  0.3338 
   00823    0.3964   -8467.5537  0.3365 
   00824    0.4032   -8487.0490  0.3378 
   00825    0.4228   -8487.2775  0.3449 
   00826    0.4144   -8481.9364  0.3462 
   00827    0.4212   -8491.4187  0.3502 
   00828    0.4132   -8505.2019  0.3536 
   00829    0.4044   -8522.2246  0.3533 
   00830    0.4120   -8546.2226  0.3524 
   00831    0.4308   -8525.9472  0.3530 
   00832    0.4128   -8498.5245  0.3608 
   00833    0.4336   -8496.6323  0.3643 
   00834    0.4092   -8551.1794  0.3655 
   00835    0.3896   -8571.4393  0.3680 
   00836    0.4348   -8585.7517  0.3660 
   00837    0.4008   -8548.4058  0.3641 
   00838    0.4068   -8482.8597  0.3642 
   00839    0.4352   -8539.3608  0.3702 
   00840    0.4044   -8518.1404  0.3703 
   00841    0.4116   -8547.7790  0.3712 
   00842    0.4132   -8549.1727  0.3671 
   00843    0.4176   -8527.8229  0.3672 
   00844    0.4188   -8486.5928  0.3640 
   00845    0.4036   -8497.2890  0.3563 
   00846    0.4148   -8483.3662  0.3588 
   00847    0.4032   -8478.7296  0.3495 
   00848    0.4160   -8482.4659  0.3420 
   00849    0.4120   -8501.2423  0.3414 
   00850    0.4156   -8516.8895  0.3436 
   00851    0.4076   -8505.3774  0.3505 
   00852    0.4184   -8504.9029  0.3482 
   00853    0.4284   -8472.1001  0.3536 
   00854    0.4152   -8476.1059  0.3584 
   00855    0.4228   -8523.7481  0.3616 
   00856    0.4148   -8501.8361  0.3662 
   00857    0.4144   -8494.3422  0.3697 
   00858    0.4208   -8450.1840  0.3719 
   00859    0.4188   -8458.1728  0.3725 
   00860    0.4068   -8482.0108  0.3664 
   00861    0.4172   -8502.9152  0.3648 
   00862    0.3968   -8502.3057  0.3666 
   00863    0.4132   -8500.9834  0.3666 
   00864    0.4236   -8477.2494  0.3764 
   00865    0.4124   -8495.5250  0.3763 
   00866    0.4288   -8507.0895  0.3727 
   00867    0.4168   -8471.3408  0.3724 
   00868    0.4076   -8482.7448  0.3759 
   00869    0.4228   -8443.5763  0.3778 
   00870    0.4216   -8464.7131  0.3775 
   00871    0.4320   -8472.9810  0.3809 
   00872    0.4048   -8445.4240  0.3799 
   00873    0.3944   -8430.0444  0.3850 
   00874    0.4168   -8440.9008  0.3819 
   00875    0.4140   -8463.3212  0.3815 
   00876    0.4124   -8516.6185  0.3784 
   00877    0.4052   -8550.4248  0.3820 
   00878    0.4096   -8576.9988  0.3826 
   00879    0.4104   -8545.3492  0.3883 
   00880    0.4156   -8508.6966  0.3871 
   00881    0.4240   -8495.8272  0.3832 
   00882    0.4028   -8471.4333  0.3827 
   00883    0.4148   -8435.3205  0.3855 
   00884    0.4256   -8418.0864  0.3875 
   00885    0.4092   -8452.5778  0.3877 
   00886    0.4136   -8478.8495  0.3837 
   00887    0.4048   -8486.8703  0.3878 
   00888    0.4120   -8515.1155  0.3910 
   00889    0.4140   -8537.3620  0.3981 
   00890    0.4156   -8530.9708  0.3986 
   00891    0.3940   -8510.0997  0.3972 
   00892    0.4084   -8505.3710  0.3983 
   00893    0.3988   -8492.4947  0.3924 
   00894    0.4224   -8451.2783  0.3864 
   00895    0.4368   -8430.8244  0.3843 
   00896    0.4208   -8391.8913  0.3861 
   00897    0.4156   -8393.5990  0.3818 
   00898    0.4280   -8440.2646  0.3848 
   00899    0.4144   -8450.8228  0.3852 
   00900    0.4144   -8462.5026  0.3877 
   00901    0.4188   -8418.2625  0.3849 
   00902    0.4280   -8438.3099  0.3875 
   00903    0.4136   -8423.7999  0.3872 
   00904    0.4064   -8430.1085  0.3880 
   00905    0.4020   -8470.3026  0.3879 
   00906    0.4224   -8455.8717  0.3856 
   00907    0.4204   -8483.2863  0.3837 
   00908    0.4060   -8494.8573  0.3803 
   00909    0.4136   -8439.9274  0.3764 
   00910    0.4232   -8468.4028  0.3763 
   00911    0.4296   -8502.8097  0.3806 
   00912    0.4164   -8548.3047  0.3777 
   00913    0.4216   -8545.2936  0.3836 
   00914    0.3948   -8558.5190  0.3827 
   00915    0.4028   -8530.0563  0.3839 
   00916    0.4244   -8528.4258  0.3880 
   00917    0.4076   -8530.7335  0.3889 
   00918    0.4180   -8493.0627  0.3896 
   00919    0.4092   -8493.5724  0.3892 
   00920    0.4108   -8469.6435  0.3897 
   00921    0.4100   -8468.9350  0.3893 
   00922    0.4124   -8488.4339  0.3937 
   00923    0.4080   -8470.4018  0.4019 
   00924    0.4128   -8445.1671  0.4018 
   00925    0.4136   -8477.4291  0.4069 
   00926    0.4080   -8458.5157  0.4075 
   00927    0.4092   -8454.3541  0.4072 
   00928    0.4204   -8483.3563  0.4124 
   00929    0.4096   -8452.6883  0.4105 
   00930    0.4092   -8490.3970  0.4097 
   00931    0.4100   -8507.0292  0.4063 
   00932    0.4048   -8463.0975  0.4089 
   00933    0.4116   -8503.2485  0.4074 
   00934    0.4228   -8472.3149  0.4033 
   00935    0.4176   -8490.2566  0.4065 
   00936    0.4236   -8484.7150  0.4035 
   00937    0.4284   -8489.4587  0.4019 
   00938    0.4200   -8444.4983  0.4085 
   00939    0.4308   -8480.1351  0.4076 
   00940    0.4268   -8540.2575  0.4066 
   00941    0.4000   -8529.5092  0.4115 
   00942    0.4040   -8500.9984  0.4015 
   00943    0.3984   -8510.1260  0.3996 
   00944    0.4116   -8495.0459  0.4041 
   00945    0.3972   -8567.7372  0.4041 
   00946    0.4124   -8592.5626  0.3993 
   00947    0.4148   -8608.9768  0.3956 
   00948    0.4248   -8582.7515  0.4031 
   00949    0.3972   -8582.9891  0.4054 
   00950    0.4068   -8605.8072  0.3986 
   00951    0.3988   -8571.0765  0.4012 
   00952    0.4056   -8549.6576  0.3988 
   00953    0.4172   -8529.7643  0.4071 
   00954    0.4120   -8523.1989  0.4067 
   00955    0.4080   -8486.5880  0.4073 
   00956    0.4072   -8477.5582  0.4077 
   00957    0.4204   -8455.5922  0.4072 
   00958    0.4296   -8490.2403  0.4037 
   00959    0.4140   -8480.4645  0.4022 
   00960    0.4088   -8467.3754  0.4045 
   00961    0.4244   -8474.8526  0.4046 
   00962    0.3880   -8469.4136  0.4086 
   00963    0.4088   -8503.1442  0.4002 
   00964    0.4044   -8523.1885  0.3980 
   00965    0.4216   -8501.2132  0.3962 
   00966    0.4028   -8544.4385  0.3939 
   00967    0.4208   -8530.5317  0.3935 
   00968    0.4096   -8529.5733  0.3940 
   00969    0.4056   -8514.4414  0.3903 
   00970    0.4280   -8500.1504  0.3890 
   00971    0.4032   -8507.2541  0.3890 
   00972    0.3968   -8502.8494  0.3908 
   00973    0.4076   -8472.7257  0.3921 
   00974    0.4160   -8478.0079  0.3943 
   00975    0.4128   -8475.0980  0.3976 
   00976    0.4136   -8518.8404  0.3926 
   00977    0.4024   -8482.8780  0.3976 
   00978    0.4092   -8493.1944  0.4023 
   00979    0.4028   -8511.1271  0.3975 
   00980    0.4064   -8483.2491  0.3972 
   00981    0.4152   -8533.8122  0.3935 
   00982    0.4060   -8568.6231  0.3891 
   00983    0.4004   -8505.7171  0.3876 
   00984    0.4092   -8492.0330  0.3875 
   00985    0.4032   -8505.6026  0.3892 
   00986    0.3948   -8499.6112  0.3896 
   00987    0.4100   -8522.7000  0.3919 
   00988    0.4064   -8523.5524  0.3935 
   00989    0.4376   -8474.1053  0.3972 
   00990    0.4344   -8450.0577  0.3973 
   00991    0.4092   -8457.9095  0.3997 
   00992    0.4220   -8499.4032  0.3994 
   00993    0.4244   -8513.5159  0.4042 
   00994    0.4104   -8437.9244  0.3988 
   00995    0.4148   -8482.8807  0.4120 
   00996    0.4144   -8485.6385  0.4089 
   00997    0.4096   -8510.3005  0.4047 
   00998    0.4040   -8535.7849  0.4045 
   00999    0.4084   -8508.3219  0.4057 
   01000    0.4080   -8511.3054  0.4008 
