#=====================================================
# File created:        Wed-29-Oct-2025-at-10-11-28PM
# Size of lattice:     50x50
# Number of MC steps:  1000
# Reduced temperature: 0.500
# Run time (s):        32.286543
#=====================================================
# MC step:  Ratio:     Energy:   Order:
#=====================================================
   00000    0.5000   -2511.6126  0.2621 
   00001    0.6760   -3762.3969  0.2841 
   00002    0.6116   -4522.0976  0.2988 
   00003    0.5832   -4999.5764  0.2963 
   00004    0.5568   -5431.3584  0.3000 
   00005    0.5660   -5831.3753  0.3084 
   00006    0.5116   -6187.5349  0.3069 
   00007    0.5176   -6363.6197  0.3063 
   00008    0.5084   -6567.2624  0.3011 
   00009    0.5020   -6786.8916  0.3016 
   00010    0.4692   -6914.6899  0.3067 
   00011    0.4860   -7006.9334  0.3018 
   00012    0.4748   -7103.3638  0.2991 
   00013    0.4604   -7189.7918  0.2962 
   00014    0.4540   -7208.4340  0.2904 
   00015    0.4596   -7264.8053  0.2888 
   00016    0.4532   -7340.2089  0.2927 
   00017    0.4644   -7373.5525  0.2914 
   00018    0.4508   -7443.4476  0.2924 
   00019    0.4408   -7472.8962  0.2962 
   00020    0.4632   -7478.5730  0.2996 
   00021    0.4600   -7524.2236  0.3041 
   00022    0.4560   -7584.1625  0.3070 
   00023    0.4432   -7623.3488  0.2992 
   00024    0.4576   -7671.0715  0.3001 
   00025    0.4468   -7705.8334  0.2987 
   00026    0.4520   -7726.1412  0.2945 
   00027    0.4272   -7745.3914  0.2983 
   00028    0.4272   -7723.7254  0.2995 
   00029    0.4488   -7760.3634  0.3066 
   00030    0.4332   -7806.2679  0.3169 
   00031    0.4156   -7821.0075  0.3135 
   00032    0.4340   -7814.2053  0.3149 
   00033    0.4432   -7831.8825  0.3213 
   00034    0.4344   -7833.5094  0.3257 
   00035    0.4508   -7848.6107  0.3326 
   00036    0.4440   -7864.8233  0.3356 
   00037    0.4208   -7853.1215  0.3350 
   00038    0.4480   -7839.3054  0.3491 
   00039    0.4220   -7881.2141  0.3514 
   00040    0.4332   -7875.1749  0.3613 
   00041    0.4340   -7933.4478  0.3650 
   00042    0.4432   -7984.3045  0.3673 
   00043    0.4216   -8002.6226  0.3642 
   00044    0.4228   -8004.8387  0.3656 
   00045    0.4420   -8050.8920  0.3685 
   00046    0.4248   -8042.9200  0.3707 
   00047    0.4348   -8048.1589  0.3710 
   00048    0.4172   -8003.3237  0.3725 
   00049    0.4436   -7977.3902  0.3681 
   00050    0.4348   -7990.2014  0.3667 
   00051    0.4300   -7994.0195  0.3614 
   00052    0.4320   -7978.5057  0.3645 
   00053    0.4308   -8012.4097  0.3666 
   00054    0.4340   -8002.0032  0.3720 
   00055    0.4300   -7981.1544  0.3769 
   00056    0.4052   -7971.8390  0.3773 
   00057    0.4148   -8002.2111  0.3757 
   00058    0.4172   -8008.3241  0.3690 
   00059    0.4288   -7985.5139  0.3735 
   00060    0.4304   -8038.0243  0.3748 
   00061    0.4508   -8024.0870  0.3795 
   00062    0.4288   -8044.9029  0.3827 
   00063    0.4348   -8099.2191  0.3824 
   00064    0.4280   -8028.4788  0.3833 
   00065    0.4380   -8037.7923  0.3719 
   00066    0.4276   -8041.0577  0.3681 
   00067    0.4372   -8085.6728  0.3697 
   00068    0.4332   -8075.6413  0.3741 
   00069    0.4352   -8071.9307  0.3767 
   00070    0.4260   -8037.1578  0.3793 
   00071    0.4396   -8049.3002  0.3797 
   00072    0.4456   -8074.5559  0.3795 
   00073    0.4324   -8133.3371  0.3796 
   00074    0.4280   -8145.5939  0.3825 
   00075    0.4352   -8162.7725  0.3828 
   00076    0.4144   -8159.0481  0.3798 
   00077    0.4320   -8143.8912  0.3818 
   00078    0.4304   -8125.4065  0.3826 
   00079    0.4172   -8104.6034  0.3770 
   00080    0.4436   -8120.8927  0.3775 
   00081    0.4180   -8162.0422  0.3764 
   00082    0.4084   -8162.5088  0.3740 
   00083    0.4192   -8121.5934  0.3796 
   00084    0.4504   -8154.6871  0.3779 
   00085    0.4308   -8178.9434  0.3811 
   00086    0.4312   -8158.6419  0.3750 
   00087    0.4192   -8189.1455  0.3746 
   00088    0.4276   -8226.0629  0.3822 
   00089    0.4168   -8169.2455  0.3840 
   00090    0.4048   -8115.7981  0.3842 
   00091    0.4136   -8151.5080  0.3888 
   00092    0.4264   -8113.4197  0.3944 
   00093    0.4396   -8110.0494  0.3933 
   00094    0.4364   -8119.2773  0.3896 
   00095    0.4332   -8172.8351  0.3882 
   00096    0.4132   -8197.4709  0.3914 
   00097    0.4256   -8199.0673  0.3937 
   00098    0.4300   -8195.1867  0.3999 
   00099    0.4004   -8197.9804  0.4000 
   00100    0.4508   -8227.2910  0.3966 
   00101    0.4236   -8244.4142  0.4024 
   00102    0.4168   -8223.8719  0.4092 
   00103    0.4232   -8277.1683  0.4121 
   00104    0.4188   -8282.5555  0.4135 
   00105    0.4216   -8302.2622  0.4199 
   00106    0.4020   -8284.4549  0.4174 
   00107    0.4296   -8280.9864  0.4222 
   00108    0.4308   -8278.4884  0.4259 
   00109    0.4176   -8250.3132  0.4210 
   00110    0.4316   -8267.4050  0.4224 
   00111    0.4276   -8245.6367  0.4199 
   00112    0.4336   -8272.1938  0.4148 
   00113    0.4224   -8305.3841  0.4140 
   00114    0.4196   -8281.7131  0.4119 
   00115    0.4076   -8272.8570  0.4126 
   00116    0.4320   -8298.6829  0.4114 
   00117    0.4308   -8277.4036  0.4190 
   00118    0.4148   -8250.2394  0.4135 
   00119    0.4232   -8230.6738  0.4181 
   00120    0.4332   -8246.9631  0.4250 
   00121    0.4308   -8269.2235  0.4314 
   00122    0.4256   -8239.8891  0.4256 
   00123    0.4296   -8262.3367  0.4295 
   00124    0.4232   -8287.3625  0.4288 
   00125    0.3980   -8281.2830  0.4420 
   00126    0.4288   -8283.8361  0.4429 
   00127    0.4204   -8322.0845  0.4401 
   00128    0.4388   -8358.2804  0.4426 
   00129    0.4200   -8288.6925  0.4456 
   00130    0.4160   -8383.9706  0.4452 
   00131    0.4016   -8353.3029  0.4481 
   00132    0.4360   -8342.9138  0.4465 
   00133    0.4232   -8374.3444  0.4489 
   00134    0.4128   -8361.2414  0.4405 
   00135    0.4316   -8398.3157  0.4391 
   00136    0.4172   -8396.6570  0.4377 
   00137    0.4296   -8356.0859  0.4309 
   00138    0.4152   -8320.3144  0.4328 
   00139    0.4124   -8281.1740  0.4357 
   00140    0.4340   -8339.1529  0.4351 
   00141    0.4144   -8354.9702  0.4365 
   00142    0.4168   -8352.9108  0.4352 
   00143    0.4004   -8363.9504  0.4384 
   00144    0.4232   -8296.8456  0.4345 
   00145    0.4168   -8288.5667  0.4335 
   00146    0.4192   -8274.4460  0.4389 
   00147    0.4156   -8320.3905  0.4382 
   00148    0.4168   -8350.3045  0.4435 
   00149    0.4192   -8351.0534  0.4427 
   00150    0.4164   -8356.5495  0.4400 
   00151    0.4192   -8315.1871  0.4394 
   00152    0.4280   -8272.9302  0.4529 
   00153    0.4064   -8324.7810  0.4506 
   00154    0.4064   -8346.6806  0.4485 
   00155    0.4176   -8308.1794  0.4446 
   00156    0.4148   -8302.5612  0.4495 
   00157    0.4360   -8294.2595  0.4445 
   00158    0.4212   -8371.7657  0.4438 
   00159    0.4044   -8374.2994  0.4578 
   00160    0.4028   -8373.5081  0.4587 
   00161    0.4044   -8376.2505  0.4582 
   00162    0.4096   -8384.0053  0.4597 
   00163    0.4488   -8367.2568  0.4569 
   00164    0.4412   -8354.2712  0.4569 
   00165    0.4152   -8360.6013  0.4583 
   00166    0.4344   -8390.4928  0.4573 
   00167    0.4092   -8405.4077  0.4571 
   00168    0.4192   -8381.8651  0.4491 
   00169    0.4108   -8411.2148  0.4484 
   00170    0.4228   -8389.4588  0.4540 
   00171    0.4144   -8353.2601  0.4501 
   00172    0.4116   -8313.0516  0.4571 
   00173    0.4228   -8330.7302  0.4527 
   00174    0.4300   -8357.0659  0.4536 
   00175    0.4108   -8377.8805  0.4475 
   00176    0.4280   -8325.7161  0.4532 
   00177    0.4272   -8322.6811  0.4538 
   00178    0.4252   -8329.0116  0.4538 
   00179    0.4116   -8336.6612  0.4672 
   00180    0.4228   -8341.6312  0.4631 
   00181    0.4232   -8379.1563  0.4692 
   00182    0.4188   -8336.4234  0.4708 
   00183    0.4320   -8354.4040  0.4754 
   00184    0.4288   -8339.4071  0.4836 
   00185    0.4200   -8398.3399  0.4748 
   00186    0.3960   -8363.2630  0.4738 
   00187    0.4160   -8369.2508  0.4698 
   00188    0.4148   -8384.9296  0.4700 
   00189    0.4388   -8379.4988  0.4694 
   00190    0.4000   -8366.8027  0.4690 
   00191    0.4240   -8386.4200  0.4713 
   00192    0.4144   -8374.7080  0.4714 
   00193    0.4204   -8359.5565  0.4780 
   00194    0.4180   -8336.2979  0.4778 
   00195    0.4132   -8376.3157  0.4805 
   00196    0.4264   -8383.6768  0.4829 
   00197    0.4116   -8395.0400  0.4865 
   00198    0.4076   -8363.9278  0.4842 
   00199    0.4168   -8328.9093  0.4823 
   00200    0.4272   -8384.9824  0.4864 
   00201    0.4228   -8433.8274  0.4950 
   00202    0.4188   -8458.8513  0.5035 
   00203    0.4164   -8447.3799  0.4992 
   00204    0.4152   -8413.7016  0.4994 
   00205    0.4008   -8387.3619  0.4911 
   00206    0.4096   -8349.8436  0.4913 
   00207    0.4072   -8400.4831  0.4897 
   00208    0.4032   -8408.9216  0.4908 
   00209    0.4204   -8454.7305  0.4879 
   00210    0.4188   -8456.9653  0.4925 
   00211    0.4188   -8421.9882  0.5035 
   00212    0.4152   -8432.6704  0.5028 
   00213    0.4124   -8464.2495  0.5118 
   00214    0.4072   -8448.5796  0.5063 
   00215    0.4000   -8478.3129  0.5041 
   00216    0.4196   -8454.3927  0.5087 
   00217    0.4228   -8490.1883  0.5126 
   00218    0.4048   -8474.8971  0.5131 
   00219    0.4424   -8515.0404  0.5145 
   00220    0.4188   -8519.7479  0.5064 
   00221    0.4044   -8474.3658  0.5032 
   00222    0.4032   -8473.1567  0.4973 
   00223    0.4168   -8469.6108  0.4933 
   00224    0.4008   -8465.3182  0.4904 
   00225    0.4064   -8475.6993  0.4949 
   00226    0.4084   -8479.8615  0.4949 
   00227    0.4168   -8524.0863  0.4978 
   00228    0.4116   -8494.7720  0.4985 
   00229    0.4144   -8414.5841  0.4992 
   00230    0.4244   -8478.2041  0.5028 
   00231    0.4072   -8441.3591  0.5084 
   00232    0.4056   -8446.5888  0.4999 
   00233    0.4128   -8402.8107  0.4921 
   00234    0.4132   -8424.4613  0.4971 
   00235    0.4072   -8448.3876  0.4965 
   00236    0.4084   -8408.5369  0.4902 
   00237    0.4224   -8456.0548  0.4887 
   00238    0.4252   -8454.0662  0.4848 
   00239    0.4124   -8390.5605  0.4857 
   00240    0.4132   -8412.7621  0.4886 
   00241    0.4232   -8437.7604  0.4950 
   00242    0.4084   -8465.6862  0.5037 
   00243    0.4192   -8485.6976  0.5005 
   00244    0.4124   -8475.3737  0.4992 
   00245    0.4076   -8447.0701  0.4989 
   00246    0.4064   -8475.0823  0.5022 
   00247    0.4192   -8462.7290  0.5058 
   00248    0.3832   -8486.0198  0.5012 
   00249    0.4056   -8499.8320  0.4999 
   00250    0.3808   -8490.9569  0.4982 
   00251    0.4096   -8484.7709  0.5013 
   00252    0.4164   -8474.8674  0.5070 
   00253    0.4028   -8485.6503  0.5091 
   00254    0.4176   -8475.2932  0.5147 
   00255    0.4108   -8475.0706  0.5117 
   00256    0.4120   -8523.0634  0.5088 
   00257    0.4076   -8444.8975  0.5025 
   00258    0.4028   -8449.3455  0.5024 
   00259    0.4320   -8454.4501  0.5085 
   00260    0.4172   -8476.8192  0.5072 
   00261    0.3908   -8446.6344  0.5106 
   00262    0.3972   -8465.9370  0.5170 
   00263    0.4008   -8494.3832  0.5158 
   00264    0.4252   -8488.8767  0.5136 
   00265    0.4184   -8473.5411  0.5163 
   00266    0.4212   -8479.8196  0.5205 
   00267    0.4136   -8524.8082  0.5228 
   00268    0.4036   -8548.1414  0.5256 
   00269    0.4032   -8536.2813  0.5245 
   00270    0.4024   -8483.7851  0.5245 
   00271    0.4024   -8538.5404  0.5297 
   00272    0.4028   -8505.6527  0.5310 
   00273    0.4160   -8508.1220  0.5260 
   00274    0.3996   -8484.2211  0.5294 
   00275    0.4128   -8480.6183  0.5237 
   00276    0.4120   -8484.6034  0.5250 
   00277    0.4092   -8460.7349  0.5249 
   00278    0.4008   -8459.9802  0.5245 
   00279    0.4040   -8485.5704  0.5270 
   00280    0.4152   -8521.2291  0.5254 
   00281    0.4064   -8536.9000  0.5356 
   00282    0.4128   -8517.5370  0.5267 
   00283    0.4028   -8486.3868  0.5206 
   00284    0.4156   -8443.0506  0.5201 
   00285    0.4172   -8404.2293  0.5238 
   00286    0.4220   -8390.1943  0.5260 
   00287    0.4156   -8436.4105  0.5313 
   00288    0.4268   -8459.0996  0.5321 
   00289    0.4240   -8511.6089  0.5295 
   00290    0.4096   -8475.5029  0.5328 
   00291    0.4072   -8482.1541  0.5314 
   00292    0.4124   -8452.8596  0.5335 
   00293    0.4260   -8487.3228  0.5328 
   00294    0.4276   -8467.1125  0.5348 
   00295    0.3992   -8481.8883  0.5370 
   00296    0.4008   -8512.7166  0.5387 
   00297    0.4228   -8429.2502  0.5331 
   00298    0.4152   -8424.5882  0.5349 
   00299    0.3856   -8386.8520  0.5324 
   00300    0.4148   -8381.0272  0.5300 
   00301    0.4328   -8404.2919  0.5346 
   00302    0.4256   -8434.7303  0.5356 
   00303    0.4164   -8455.3404  0.5310 
   00304    0.4120   -8457.8194  0.5332 
   00305    0.4300   -8431.8423  0.5341 
   00306    0.3984   -8426.7788  0.5383 
   00307    0.4096   -8454.8872  0.5405 
   00308    0.4324   -8456.5043  0.5413 
   00309    0.4136   -8465.4646  0.5394 
   00310    0.4128   -8528.1832  0.5419 
   00311    0.4168   -8584.9826  0.5446 
   00312    0.3968   -8563.2798  0.5373 
   00313    0.3996   -8589.8940  0.5412 
   00314    0.4192   -8576.2480  0.5501 
   00315    0.4096   -8531.4741  0.5424 
   00316    0.4168   -8514.7472  0.5502 
   00317    0.4136   -8494.7130  0.5515 
   00318    0.4060   -8492.1350  0.5449 
   00319    0.4172   -8521.8522  0.5471 
   00320    0.4312   -8502.7840  0.5499 
   00321    0.3936   -8529.5739  0.5476 
   00322    0.4128   -8538.7482  0.5514 
   00323    0.4136   -8540.2264  0.5562 
   00324    0.3856   -8516.9695  0.5515 
   00325    0.3956   -8523.8436  0.5503 
   00326    0.4204   -8561.7437  0.5473 
   00327    0.4156   -8543.8762  0.5394 
   00328    0.4148   -8489.5898  0.5388 
   00329    0.3984   -8490.8148  0.5380 
   00330    0.4072   -8459.8678  0.5429 
   00331    0.4132   -8466.1279  0.5483 
   00332    0.4120   -8478.1784  0.5512 
   00333    0.4228   -8491.7241  0.5505 
   00334    0.3936   -8536.2055  0.5522 
   00335    0.4240   -8531.5855  0.5573 
   00336    0.3960   -8509.2245  0.5609 
   00337    0.4184   -8515.3735  0.5624 
   00338    0.4148   -8499.1256  0.5603 
   00339    0.4184   -8530.9625  0.5579 
   00340    0.4116   -8544.6069  0.5598 
   00341    0.4060   -8504.7916  0.5684 
   00342    0.3916   -8507.1586  0.5672 
   00343    0.4180   -8527.0047  0.5711 
   00344    0.4000   -8546.0570  0.5730 
   00345    0.4220   -8489.1740  0.5710 
   00346    0.4112   -8520.7304  0.5797 
   00347    0.3992   -8515.9425  0.5723 
   00348    0.4060   -8495.0104  0.5698 
   00349    0.4124   -8494.6634  0.5750 
   00350    0.4104   -8486.0764  0.5620 
   00351    0.3948   -8508.4757  0.5545 
   00352    0.4136   -8457.9127  0.5513 
   00353    0.4136   -8429.1029  0.5480 
   00354    0.4316   -8400.3103  0.5441 
   00355    0.4368   -8438.6773  0.5454 
   00356    0.3976   -8479.3651  0.5503 
   00357    0.4148   -8430.1048  0.5567 
   00358    0.3984   -8459.7419  0.5578 
   00359    0.4056   -8485.6200  0.5607 
   00360    0.4180   -8466.1158  0.5727 
   00361    0.4312   -8527.1065  0.5823 
   00362    0.4040   -8567.7649  0.5853 
   00363    0.4064   -8544.3489  0.5870 
   00364    0.3964   -8582.6843  0.5894 
   00365    0.4092   -8579.1695  0.5968 
   00366    0.4188   -8569.8046  0.6002 
   00367    0.4008   -8576.3567  0.6084 
   00368    0.4152   -8559.5073  0.6073 
   00369    0.4012   -8522.5315  0.6077 
   00370    0.4268   -8526.1222  0.6104 
   00371    0.4148   -8539.6199  0.6097 
   00372    0.4116   -8571.6560  0.6179 
   00373    0.3936   -8562.3907  0.6219 
   00374    0.4052   -8540.6175  0.6144 
   00375    0.4224   -8600.9647  0.6127 
   00376    0.4132   -8561.6024  0.6077 
   00377    0.4200   -8550.8075  0.6054 
   00378    0.3916   -8513.8559  0.6078 
   00379    0.4184   -8488.0229  0.6122 
   00380    0.4120   -8511.4135  0.6143 
   00381    0.4156   -8526.5354  0.6178 
   00382    0.3972   -8530.7338  0.6248 
   00383    0.4096   -8535.2586  0.6287 
   00384    0.4060   -8547.1249  0.6326 
   00385    0.4288   -8545.0539  0.6326 
   00386    0.4020   -8577.1093  0.6361 
   00387    0.4236   -8525.6162  0.6339 
   00388    0.3908   -8515.7357  0.6301 
   00389    0.4312   -8516.5758  0.6272 
   00390    0.4184   -8553.2090  0.6279 
   00391    0.4128   -8542.9420  0.6323 
   00392    0.3984   -8560.7491  0.6344 
   00393    0.4096   -8550.4688  0.6299 
   00394    0.4204   -8570.1511  0.6298 
   00395    0.3928   -8576.7397  0.6372 
   00396    0.4208   -8542.5301  0.6341 
   00397    0.4248   -8547.9641  0.6374 
   00398    0.4028   -8567.7776  0.6375 
   00399    0.4036   -8568.7432  0.6396 
   00400    0.3940   -8562.6625  0.6435 
   00401    0.4068   -8523.5270  0.6417 
   00402    0.4060   -8536.1436  0.6397 
   00403    0.4240   -8536.4255  0.6382 
   00404    0.4160   -8518.3897  0.6336 
   00405    0.4020   -8482.3273  0.6343 
   00406    0.3976   -8481.3446  0.6393 
   00407    0.4220   -8518.8585  0.6372 
   00408    0.3908   -8521.0539  0.6326 
   00409    0.4188   -8565.0549  0.6344 
   00410    0.4236   -8549.5784  0.6271 
   00411    0.4260   -8578.6051  0.6239 
   00412    0.4064   -8565.4003  0.6187 
   00413    0.4100   -8541.4092  0.6241 
   00414    0.3932   -8538.3718  0.6234 
   00415    0.4032   -8525.4819  0.6230 
   00416    0.4116   -8580.3390  0.6293 
   00417    0.4144   -8594.9867  0.6292 
   00418    0.4012   -8634.9680  0.6318 
   00419    0.4036   -8595.0130  0.6285 
   00420    0.4096   -8574.8248  0.6280 
   00421    0.4280   -8563.5791  0.6275 
   00422    0.4084   -8505.5325  0.6249 
   00423    0.4224   -8541.1134  0.6234 
   00424    0.4120   -8552.9572  0.6195 
   00425    0.4112   -8537.3417  0.6266 
   00426    0.4100   -8504.0932  0.6214 
   00427    0.4140   -8488.8641  0.6228 
   00428    0.3996   -8508.4803  0.6184 
   00429    0.4124   -8500.1272  0.6181 
   00430    0.4048   -8551.9409  0.6215 
   00431    0.4104   -8505.8618  0.6271 
   00432    0.4080   -8492.0846  0.6295 
   00433    0.4056   -8533.4911  0.6285 
   00434    0.4180   -8540.2589  0.6320 
   00435    0.4172   -8543.2827  0.6375 
   00436    0.4176   -8538.2868  0.6417 
   00437    0.4080   -8512.0093  0.6354 
   00438    0.4068   -8562.2874  0.6347 
   00439    0.4064   -8528.4412  0.6344 
   00440    0.4172   -8484.3590  0.6406 
   00441    0.3952   -8560.2674  0.6416 
   00442    0.4004   -8556.8668  0.6403 
   00443    0.4180   -8572.5153  0.6412 
   00444    0.4012   -8579.2453  0.6408 
   00445    0.4164   -8600.5262  0.6444 
   00446    0.4312   -8584.2508  0.6454 
   00447    0.4172   -8594.0003  0.6473 
   00448    0.4012   -8572.1586  0.6429 
   00449    0.4112   -8569.4888  0.6446 
   00450    0.4116   -8537.9617  0.6463 
   00451    0.4176   -8524.3702  0.6439 
   00452    0.4160   -8513.7313  0.6426 
   00453    0.4180   -8539.4489  0.6458 
   00454    0.4184   -8510.1417  0.6440 
   00455    0.4004   -8530.1897  0.6434 
   00456    0.4284   -8465.6202  0.6373 
   00457    0.4160   -8460.3483  0.6380 
   00458    0.4116   -8492.2588  0.6389 
   00459    0.4016   -8515.1202  0.6377 
   00460    0.4024   -8535.3803  0.6348 
   00461    0.4132   -8542.4996  0.6385 
   00462    0.3944   -8546.9840  0.6381 
   00463    0.4012   -8497.4963  0.6396 
   00464    0.4280   -8481.8708  0.6371 
   00465    0.4188   -8542.8254  0.6389 
   00466    0.4140   -8562.4840  0.6390 
   00467    0.4036   -8533.0779  0.6415 
   00468    0.4180   -8531.0266  0.6421 
   00469    0.4124   -8545.8573  0.6397 
   00470    0.4196   -8571.6626  0.6407 
   00471    0.3896   -8548.0356  0.6378 
   00472    0.4104   -8502.3606  0.6342 
   00473    0.4152   -8471.4197  0.6338 
   00474    0.4216   -8498.4228  0.6341 
   00475    0.4128   -8542.1386  0.6323 
   00476    0.4200   -8521.7378  0.6347 
   00477    0.4240   -8553.9685  0.6400 
   00478    0.4044   -8527.3025  0.6391 
   00479    0.4120   -8553.8034  0.6373 
   00480    0.4148   -8513.3384  0.6379 
   00481    0.4112   -8550.8014  0.6417 
   00482    0.4028   -8619.2131  0.6409 
   00483    0.3972   -8586.9513  0.6411 
   00484    0.4092   -8566.0759  0.6408 
   00485    0.4116   -8583.7732  0.6376 
   00486    0.4024   -8581.9469  0.6377 
   00487    0.3952   -8573.0132  0.6389 
   00488    0.3952   -8570.7752  0.6437 
   00489    0.4352   -8542.5215  0.6507 
   00490    0.3868   -8564.9034  0.6525 
   00491    0.4064   -8573.8648  0.6569 
   00492    0.4288   -8539.9190  0.6547 
   00493    0.4152   -8499.6007  0.6562 
   00494    0.4032   -8498.5605  0.6519 
   00495    0.4136   -8501.4999  0.6555 
   00496    0.4092   -8512.9791  0.6596 
   00497    0.4104   -8550.9775  0.6629 
   00498    0.4108   -8548.2580  0.6618 
   00499    0.4040   -8543.9463  0.6622 
   00500    0.4264   -8556.2338  0.6605 
   00501    0.4104   -8544.7423  0.6540 
   00502    0.4052   -8554.1015  0.6498 
   00503    0.4148   -8544.5901  0.6486 
   00504    0.4016   -8543.1896  0.6463 
   00505    0.4016   -8586.8582  0.6549 
   00506    0.4196   -8574.7949  0.6516 
   00507    0.3952   -8548.7643  0.6503 
   00508    0.4048   -8620.3316  0.6551 
   00509    0.3980   -8615.9400  0.6546 
   00510    0.3984   -8631.9013  0.6602 
   00511    0.3880   -8618.6930  0.6619 
   00512    0.4072   -8603.8607  0.6626 
   00513    0.4180   -8610.9484  0.6623 
   00514    0.4144   -8612.5548  0.6619 
   00515    0.4032   -8555.7348  0.6606 
   00516    0.4144   -8528.2304  0.6582 
   00517    0.4044   -8528.1749  0.6678 
   00518    0.4236   -8573.2143  0.6729 
   00519    0.3892   -8551.6322  0.6758 
   00520    0.3932   -8567.4350  0.6699 
   00521    0.4260   -8486.7609  0.6713 
   00522    0.4104   -8479.0198  0.6715 
   00523    0.4028   -8498.8468  0.6680 
   00524    0.4308   -8513.1820  0.6632 
   00525    0.4008   -8541.5346  0.6608 
   00526    0.4224   -8518.0957  0.6595 
   00527    0.4108   -8556.6782  0.6573 
   00528    0.4080   -8537.7417  0.6557 
   00529    0.4048   -8493.8527  0.6556 
   00530    0.4068   -8510.7021  0.6594 
   00531    0.4100   -8525.8232  0.6620 
   00532    0.4220   -8538.9104  0.6637 
   00533    0.4204   -8515.6711  0.6589 
   00534    0.4032   -8556.5610  0.6563 
   00535    0.4120   -8560.6578  0.6544 
   00536    0.4200   -8499.5854  0.6509 
   00537    0.4072   -8517.7013  0.6518 
   00538    0.4132   -8530.7029  0.6492 
   00539    0.4116   -8508.2420  0.6488 
   00540    0.3908   -8507.7169  0.6466 
   00541    0.4024   -8512.1976  0.6498 
   00542    0.4068   -8487.9764  0.6494 
   00543    0.3932   -8474.8102  0.6502 
   00544    0.4108   -8462.5068  0.6541 
   00545    0.4156   -8443.5097  0.6555 
   00546    0.4056   -8466.9980  0.6571 
   00547    0.4096   -8495.6888  0.6546 
   00548    0.3928   -8469.6187  0.6547 
   00549    0.4000   -8454.7680  0.6525 
   00550    0.4360   -8455.4621  0.6520 
   00551    0.4200   -8449.5285  0.6593 
   00552    0.4160   -8458.8345  0.6619 
   00553    0.4148   -8504.8555  0.6648 
   00554    0.4320   -8516.6984  0.6680 
   00555    0.4124   -8508.1022  0.6675 
   00556    0.4112   -8498.8385  0.6689 
   00557    0.4364   -8451.3066  0.6690 
   00558    0.4108   -8497.3477  0.6720 
   00559    0.4168   -8553.9140  0.6783 
   00560    0.4164   -8541.0581  0.6785 
   00561    0.4220   -8547.2342  0.6785 
   00562    0.4092   -8538.9884  0.6784 
   00563    0.3972   -8543.5590  0.6766 
   00564    0.3892   -8520.8043  0.6752 
   00565    0.4008   -8509.6844  0.6681 
   00566    0.4212   -8554.2007  0.6782 
   00567    0.4008   -8498.2984  0.6716 
   00568    0.3996   -8534.3344  0.6709 
   00569    0.3976   -8548.3067  0.6618 
   00570    0.4004   -8563.4151  0.6649 
   00571    0.4208   -8567.1712  0.6603 
   00572    0.4060   -8560.9367  0.6520 
   00573    0.4196   -8538.1403  0.6531 
   00574    0.4176   -8518.6531  0.6515 
   00575    0.4228   -8530.6596  0.6555 
   00576    0.4044   -8515.8711  0.6590 
   00577    0.4116   -8548.0977  0.6658 
   00578    0.4100   -8528.5809  0.6651 
   00579    0.4012   -8555.7389  0.6660 
   00580    0.3916   -8574.1005  0.6710 
   00581    0.4032   -8577.8001  0.6691 
   00582    0.4072   -8602.0236  0.6764 
   00583    0.4132   -8608.1606  0.6751 
   00584    0.4004   -8590.8311  0.6768 
   00585    0.4112   -8529.3597  0.6727 
   00586    0.4168   -8543.7394  0.6708 
   00587    0.4016   -8568.5745  0.6682 
   00588    0.4204   -8547.7094  0.6679 
   00589    0.3936   -8564.4897  0.6702 
   00590    0.3936   -8549.7153  0.6734 
   00591    0.4124   -8574.0555  0.6702 
   00592    0.4108   -8547.7267  0.6668 
   00593    0.3928   -8544.7876  0.6690 
   00594    0.4188   -8559.1616  0.6675 
   00595    0.4116   -8563.8801  0.6686 
   00596    0.4172   -8593.2856  0.6713 
   00597    0.4204   -8577.9062  0.6709 
   00598    0.3984   -8567.3342  0.6739 
   00599    0.4160   -8590.9624  0.6755 
   00600    0.4172   -8539.2438  0.6738 
   00601    0.4032   -8536.8590  0.6730 
   00602    0.4116   -8532.3138  0.6747 
   00603    0.4064   -8543.3978  0.6770 
   00604    0.4168   -8563.1961  0.6714 
   00605    0.3952   -8516.9242  0.6691 
   00606    0.4108   -8472.3776  0.6634 
   00607    0.4068   -8457.2607  0.6688 
   00608    0.4156   -8469.6599  0.6723 
   00609    0.4220   -8481.9059  0.6726 
   00610    0.4100   -8488.8022  0.6711 
   00611    0.4112   -8488.2566  0.6713 
   00612    0.4040   -8442.1745  0.6709 
   00613    0.4216   -8490.5335  0.6733 
   00614    0.4124   -8517.2843  0.6748 
   00615    0.4048   -8542.6899  0.6771 
   00616    0.4060   -8551.2036  0.6771 
   00617    0.4144   -8541.0767  0.6817 
   00618    0.4056   -8570.0296  0.6822 
   00619    0.4144   -8559.4526  0.6809 
   00620    0.4004   -8563.0904  0.6866 
   00621    0.4140   -8514.4013  0.6827 
   00622    0.4052   -8563.8441  0.6856 
   00623    0.4176   -8583.9482  0.6875 
   00624    0.4096   -8561.6029  0.6858 
   00625    0.4156   -8579.6910  0.6826 
   00626    0.4144   -8565.7329  0.6870 
   00627    0.4128   -8536.2309  0.6839 
   00628    0.4096   -8529.6376  0.6812 
   00629    0.4160   -8517.7786  0.6845 
   00630    0.4204   -8540.2603  0.6873 
   00631    0.3900   -8522.4230  0.6841 
   00632    0.4052   -8457.0143  0.6783 
   00633    0.4080   -8553.0065  0.6845 
   00634    0.3992   -8556.4539  0.6865 
   00635    0.4032   -8528.1420  0.6862 
   00636    0.3948   -8545.5482  0.6799 
   00637    0.4064   -8544.4872  0.6826 
   00638    0.4180   -8576.4856  0.6818 
   00639    0.4148   -8590.7721  0.6797 
   00640    0.3840   -8599.1647  0.6830 
   00641    0.4100   -8556.0409  0.6838 
   00642    0.4128   -8538.9601  0.6840 
   00643    0.4092   -8557.7991  0.6838 
   00644    0.4084   -8580.4541  0.6840 
   00645    0.4092   -8511.4063  0.6862 
   00646    0.4192   -8549.7030  0.6840 
   00647    0.3952   -8536.0083  0.6867 
   00648    0.4080   -8522.8605  0.6850 
   00649    0.4144   -8467.4310  0.6795 
   00650    0.4136   -8436.1426  0.6737 
   00651    0.4112   -8431.2626  0.6648 
   00652    0.4164   -8470.7395  0.6643 
   00653    0.4220   -8472.1529  0.6662 
   00654    0.4036   -8485.1349  0.6619 
   00655    0.4192   -8479.1674  0.6666 
   00656    0.4184   -8476.9867  0.6707 
   00657    0.4216   -8516.6444  0.6711 
   00658    0.4100   -8538.4360  0.6747 
   00659    0.3996   -8538.6080  0.6754 
   00660    0.4116   -8484.7813  0.6773 
   00661    0.4192   -8522.6237  0.6762 
   00662    0.4220   -8536.5598  0.6742 
   00663    0.4160   -8504.2749  0.6722 
   00664    0.4152   -8484.2136  0.6711 
   00665    0.4120   -8500.2646  0.6718 
   00666    0.4152   -8504.5129  0.6653 
   00667    0.4088   -8530.2664  0.6671 
   00668    0.4184   -8546.2879  0.6679 
   00669    0.4160   -8564.1335  0.6655 
   00670    0.4160   -8588.3540  0.6613 
   00671    0.4056   -8502.8258  0.6562 
   00672    0.4132   -8506.5311  0.6599 
   00673    0.4280   -8537.0706  0.6612 
   00674    0.4036   -8519.0570  0.6573 
   00675    0.4080   -8548.3487  0.6594 
   00676    0.4060   -8572.2283  0.6633 
   00677    0.4124   -8541.1831  0.6639 
   00678    0.4140   -8533.2903  0.6661 
   00679    0.4144   -8557.6584  0.6668 
   00680    0.4116   -8561.4867  0.6675 
   00681    0.4084   -8583.9005  0.6635 
   00682    0.3884   -8625.3221  0.6693 
   00683    0.4032   -8583.9380  0.6696 
   00684    0.4240   -8586.1739  0.6741 
   00685    0.4196   -8541.2238  0.6728 
   00686    0.4104   -8549.8617  0.6724 
   00687    0.3992   -8535.0165  0.6762 
   00688    0.4092   -8518.1576  0.6750 
   00689    0.4076   -8549.7388  0.6760 
   00690    0.4152   -8548.5158  0.6748 
   00691    0.4212   -8523.2164  0.6759 
   00692    0.3940   -8562.1381  0.6778 
   00693    0.4192   -8571.3193  0.6744 
   00694    0.4132   -8543.6165  0.6686 
   00695    0.3984   -8501.4112  0.6664 
   00696    0.4112   -8494.7461  0.6712 
   00697    0.3964   -8481.5747  0.6771 
   00698    0.4160   -8552.2704  0.6822 
   00699    0.4124   -8522.5065  0.6769 
   00700    0.4112   -8558.8996  0.6807 
   00701    0.3980   -8560.5263  0.6827 
   00702    0.4212   -8590.5278  0.6864 
   00703    0.4056   -8611.7333  0.6913 
   00704    0.4104   -8598.8922  0.6903 
   00705    0.4040   -8590.9861  0.6929 
   00706    0.4104   -8574.7400  0.6885 
   00707    0.4224   -8570.6165  0.6872 
   00708    0.4032   -8603.1561  0.6885 
   00709    0.4152   -8542.4062  0.6840 
   00710    0.4152   -8564.2604  0.6874 
   00711    0.4052   -8583.0803  0.6898 
   00712    0.3972   -8645.0888  0.6857 
   00713    0.4248   -8622.6296  0.6914 
   00714    0.3872   -8657.2535  0.6962 
   00715    0.3956   -8650.2985  0.6915 
   00716    0.4108   -8658.3726  0.6884 
   00717    0.4152   -8679.6344  0.6870 
   00718    0.3988   -8631.5685  0.6885 
   00719    0.4144   -8597.6888  0.6822 
   00720    0.3936   -8561.7864  0.6880 
   00721    0.4176   -8523.2573  0.6910 
   00722    0.4064   -8532.8409  0.6953 
   00723    0.4072   -8525.1195  0.6940 
   00724    0.4240   -8562.7732  0.6995 
   00725    0.4128   -8560.8737  0.6963 
   00726    0.4100   -8551.9526  0.7003 
   00727    0.4052   -8549.0157  0.6981 
   00728    0.4192   -8529.2186  0.7021 
   00729    0.4196   -8525.0689  0.7040 
   00730    0.4112   -8532.6510  0.7030 
   00731    0.4068   -8547.9155  0.7036 
   00732    0.4056   -8559.9065  0.7035 
   00733    0.4072   -8573.5334  0.7007 
   00734    0.4072   -8564.5002  0.6964 
   00735    0.4116   -8544.0494  0.6977 
   00736    0.4008   -8520.4230  0.6984 
   00737    0.4084   -8529.5637  0.6975 
   00738    0.4168   -8544.7333  0.6983 
   00739    0.4068   -8549.0896  0.6989 
   00740    0.4192   -8531.7879  0.6945 
   00741    0.4160   -8521.5219  0.6946 
   00742    0.4164   -8529.6892  0.6964 
   00743    0.4308   -8504.3907  0.6944 
   00744    0.4252   -8509.1449  0.6992 
   00745    0.4216   -8495.1311  0.6992 
   00746    0.4076   -8557.2514  0.7072 
   00747    0.4328   -8553.1037  0.7127 
   00748    0.4052   -8532.4138  0.7077 
   00749    0.4088   -8563.6679  0.7079 
   00750    0.4028   -8559.8104  0.7132 
   00751    0.4036   -8545.5928  0.7054 
   00752    0.3972   -8528.7198  0.7046 
   00753    0.3988   -8591.6492  0.7053 
   00754    0.4240   -8553.6098  0.7015 
   00755    0.4268   -8557.3022  0.7029 
   00756    0.4096   -8552.6696  0.7029 
   00757    0.4088   -8529.1586  0.7032 
   00758    0.4132   -8549.0057  0.7007 
   00759    0.4160   -8582.7484  0.7006 
   00760    0.3992   -8617.2986  0.7001 
   00761    0.3944   -8573.0952  0.6953 
   00762    0.4200   -8531.2816  0.6974 
   00763    0.4236   -8461.2377  0.6892 
   00764    0.4020   -8476.6280  0.6875 
   00765    0.4092   -8507.4667  0.6874 
   00766    0.3992   -8516.5260  0.6885 
   00767    0.4064   -8540.9706  0.6852 
   00768    0.4104   -8549.7878  0.6864 
   00769    0.4112   -8519.0613  0.6889 
   00770    0.4100   -8517.2868  0.6894 
   00771    0.3980   -8521.7100  0.6943 
   00772    0.4224   -8520.4671  0.6950 
   00773    0.4084   -8509.6379  0.6905 
   00774    0.4164   -8510.7022  0.6921 
   00775    0.4020   -8509.3103  0.6892 
   00776    0.4200   -8511.4799  0.6943 
   00777    0.4052   -8505.7491  0.6923 
   00778    0.4068   -8513.5412  0.6890 
   00779    0.4032   -8545.6463  0.6925 
   00780    0.3924   -8519.7591  0.6882 
   00781    0.3984   -8528.2873  0.6859 
   00782    0.4144   -8499.4167  0.6855 
   00783    0.4104   -8513.0447  0.6838 
   00784    0.4304   -8520.3335  0.6853 
   00785    0.4240   -8562.2160  0.6848 
   00786    0.3916   -8578.3362  0.6917 
   00787    0.3928   -8575.9476  0.6947 
   00788    0.4168   -8593.8967  0.6910 
   00789    0.3864   -8603.2184  0.6933 
   00790    0.4180   -8572.4918  0.6970 
   00791    0.4088   -8530.1050  0.6937 
   00792    0.4064   -8547.1801  0.6959 
   00793    0.4072   -8559.3495  0.6966 
   00794    0.4120   -8537.2043  0.6999 
   00795    0.3984   -8537.2325  0.7016 
   00796    0.4064   -8489.2586  0.6924 
   00797    0.4132   -8532.9433  0.6924 
   00798    0.3968   -8546.3244  0.6902 
   00799    0.4048   -8486.1876  0.6893 
   00800    0.4056   -8492.7308  0.6895 
   00801    0.4076   -8479.5949  0.6910 
   00802    0.4100   -8532.5801  0.6925 
   00803    0.4128   -8574.0935  0.6896 
   00804    0.3976   -8577.2518  0.6868 
   00805    0.3936   -8576.6255  0.6868 
   00806    0.4064   -8504.6377  0.6864 
   00807    0.4292   -8558.8008  0.6926 
   00808    0.4124   -8566.3607  0.6929 
   00809    0.3988   -8544.2240  0.6942 
   00810    0.3932   -8533.7504  0.6961 
   00811    0.4120   -8563.4889  0.6988 
   00812    0.4208   -8549.3389  0.6978 
   00813    0.4052   -8552.0800  0.6992 
   00814    0.4156   -8587.4222  0.7022 
   00815    0.4148   -8581.6071  0.7020 
   00816    0.4132   -8599.2883  0.7101 
   00817    0.4160   -8562.1453  0.7116 
   00818    0.4136   -8544.9120  0.7113 
   00819    0.4168   -8524.1689  0.7155 
   00820    0.4236   -8568.9758  0.7178 
   00821    0.3900   -8551.8728  0.7167 
   00822    0.4248   -8552.7226  0.7144 
   00823    0.3996   -8564.5851  0.7161 
   00824    0.4124   -8569.9649  0.7194 
   00825    0.3988   -8587.5427  0.7230 
   00826    0.4124   -8554.5282  0.7254 
   00827    0.4084   -8575.5773  0.7280 
   00828    0.4172   -8542.4605  0.7237 
   00829    0.4128   -8557.9728  0.7278 
   00830    0.4128   -8597.5539  0.7291 
   00831    0.3936   -8540.4725  0.7334 
   00832    0.4008   -8545.7067  0.7295 
   00833    0.3868   -8567.8043  0.7346 
   00834    0.4000   -8503.0653  0.7284 
   00835    0.4304   -8549.1502  0.7354 
   00836    0.4280   -8533.5927  0.7384 
   00837    0.4152   -8529.9643  0.7387 
   00838    0.4068   -8523.7825  0.7382 
   00839    0.4164   -8557.0870  0.7388 
   00840    0.3944   -8551.4201  0.7425 
   00841    0.4308   -8533.3273  0.7388 
   00842    0.4188   -8518.6656  0.7377 
   00843    0.4072   -8512.5747  0.7409 
   00844    0.3940   -8483.7403  0.7381 
   00845    0.4120   -8521.8649  0.7421 
   00846    0.4076   -8568.6935  0.7441 
   00847    0.4156   -8573.8241  0.7353 
   00848    0.4160   -8542.3697  0.7351 
   00849    0.4132   -8560.0362  0.7351 
   00850    0.4104   -8553.7524  0.7348 
   00851    0.4184   -8559.4027  0.7272 
   00852    0.4028   -8551.2418  0.7261 
   00853    0.4128   -8569.2037  0.7256 
   00854    0.4096   -8552.7632  0.7256 
   00855    0.4204   -8587.8263  0.7240 
   00856    0.4068   -8574.7260  0.7241 
   00857    0.4124   -8564.5314  0.7244 
   00858    0.4120   -8541.7791  0.7276 
   00859    0.4036   -8532.2291  0.7248 
   00860    0.4248   -8516.9617  0.7231 
   00861    0.4140   -8547.1043  0.7238 
   00862    0.3928   -8524.2582  0.7222 
   00863    0.4096   -8562.8147  0.7256 
   00864    0.4256   -8545.0960  0.7241 
   00865    0.3868   -8529.9221  0.7224 
   00866    0.4068   -8507.3252  0.7255 
   00867    0.4136   -8573.9742  0.7324 
   00868    0.4188   -8581.2499  0.7287 
   00869    0.4208   -8560.5888  0.7259 
   00870    0.3860   -8594.1041  0.7271 
   00871    0.3944   -8562.5640  0.7256 
   00872    0.3788   -8575.5368  0.7294 
   00873    0.4288   -8573.9551  0.7303 
   00874    0.4224   -8548.0379  0.7295 
   00875    0.3920   -8553.3302  0.7342 
   00876    0.4052   -8516.8091  0.7293 
   00877    0.3988   -8533.8520  0.7328 
   00878    0.4060   -8553.1294  0.7394 
   00879    0.4224   -8520.3548  0.7384 
   00880    0.3956   -8509.3099  0.7410 
   00881    0.4064   -8517.9362  0.7349 
   00882    0.4108   -8520.5417  0.7328 
   00883    0.4128   -8529.5096  0.7282 
   00884    0.4032   -8516.0739  0.7231 
   00885    0.4152   -8538.5998  0.7239 
   00886    0.4132   -8527.6044  0.7227 
   00887    0.4052   -8557.7150  0.7271 
   00888    0.3904   -8540.8083  0.7275 
   00889    0.4204   -8554.3337  0.7264 
   00890    0.4220   -8571.8143  0.7271 
   00891    0.4060   -8536.1442  0.7307 
   00892    0.4080   -8510.9167  0.7307 
   00893    0.3900   -8525.9799  0.7353 
   00894    0.4184   -8489.3262  0.7299 
   00895    0.4096   -8531.5268  0.7312 
   00896    0.4128   -8552.3872  0.7361 
   00897    0.4112   -8550.0374  0.7344 
   00898    0.4052   -8521.1571  0.7318 
   00899    0.4028   -8540.7030  0.7375 
   00900    0.4060   -8474.4924  0.7316 
   00901    0.4148   -8481.9580  0.7336 
   00902    0.4224   -8543.5146  0.7281 
   00903    0.4072   -8541.9028  0.7281 
   00904    0.4040   -8485.6953  0.7237 
   00905    0.4296   -8485.8201  0.7230 
   00906    0.4184   -8499.6432  0.7214 
   00907    0.4300   -8535.9474  0.7201 
   00908    0.4232   -8529.3329  0.7204 
   00909    0.4120   -8503.5125  0.7148 
   00910    0.4104   -8477.5042  0.7132 
   00911    0.4132   -8459.1211  0.7104 
   00912    0.4224   -8486.9006  0.7116 
   00913    0.4160   -8458.6488  0.7111 
   00914    0.4080   -8492.7153  0.7161 
   00915    0.4212   -8476.4292  0.7183 
   00916    0.4136   -8521.3539  0.7227 
   00917    0.4084   -8541.6276  0.7280 
   00918    0.4004   -8520.6925  0.7315 
   00919    0.4196   -8554.5532  0.7289 
   00920    0.4048   -8542.8251  0.7314 
   00921    0.4188   -8538.9437  0.7274 
   00922    0.4156   -8491.5059  0.7236 
   00923    0.4068   -8513.6824  0.7242 
   00924    0.4072   -8529.3416  0.7193 
   00925    0.4148   -8509.0199  0.7199 
   00926    0.4112   -8508.1658  0.7197 
   00927    0.4220   -8495.7374  0.7230 
   00928    0.4200   -8465.9323  0.7233 
   00929    0.4216   -8522.3247  0.7225 
   00930    0.4228   -8524.4536  0.7244 
   00931    0.3904   -8488.5510  0.7193 
   00932    0.4080   -8542.4800  0.7275 
   00933    0.4088   -8499.1100  0.7327 
   00934    0.4236   -8536.8761  0.7356 
   00935    0.4220   -8533.4572  0.7341 
   00936    0.4088   -8530.6923  0.7291 
   00937    0.4160   -8566.5076  0.7251 
   00938    0.4168   -8601.3906  0.7240 
   00939    0.4084   -8618.4427  0.7323 
   00940    0.4076   -8640.5342  0.7343 
   00941    0.4128   -8646.3091  0.7336 
   00942    0.3868   -8605.8286  0.7327 
   00943    0.4040   -8573.0933  0.7285 
   00944    0.4224   -8598.2005  0.7325 
   00945    0.4068   -8609.0746  0.7276 
   00946    0.4028   -8581.7785  0.7248 
   00947    0.3944   -8563.8813  0.7250 
   00948    0.4148   -8584.7949  0.7225 
   00949    0.3888   -8546.2991  0.7226 
   00950    0.4292   -8514.0911  0.7214 
   00951    0.4020   -8538.7027  0.7248 
   00952    0.4120   -8536.0153  0.7255 
   00953    0.4140   -8580.2120  0.7225 
   00954    0.4320   -8547.7295  0.7251 
   00955    0.3956   -8552.7485  0.7272 
   00956    0.3900   -8557.3772  0.7324 
   00957    0.4032   -8575.7668  0.7355 
   00958    0.4264   -8553.2476  0.7340 
   00959    0.4216   -8536.8548  0.7418 
   00960    0.4012   -8558.0374  0.7427 
   00961    0.3948   -8551.9824  0.7402 
   00962    0.3896   -8553.2294  0.7348 
   00963    0.4288   -8594.0489  0.7360 
   00964    0.4116   -8607.0968  0.7354 
   00965    0.3960   -8562.6572  0.7342 
   00966    0.4100   -8588.5682  0.7363 
   00967    0.4152   -8534.0109  0.7378 
   00968    0.4272   -8529.8780  0.7381 
   00969    0.4164   -8518.5018  0.7372 
   00970    0.4200   -8550.9816  0.7347 
   00971    0.3992   -8559.1649  0.7367 
   00972    0.4132   -8580.4048  0.7360 
   00973    0.4224   -8569.9360  0.7398 
   00974    0.4200   -8540.4557  0.7396 
   00975    0.4260   -8562.6601  0.7430 
   00976    0.4224   -8495.5575  0.7397 
   00977    0.4072   -8520.7960  0.7433 
   00978    0.4164   -8583.3608  0.7472 
   00979    0.4112   -8564.0959  0.7430 
   00980    0.3980   -8553.2951  0.7466 
   00981    0.4024   -8537.4239  0.7508 
   00982    0.3984   -8563.3351  0.7516 
   00983    0.4088   -8580.0227  0.7460 
   00984    0.4028   -8573.4489  0.7421 
   00985    0.4040   -8586.2563  0.7494 
   00986    0.4108   -8589.1697  0.7458 
   00987    0.4204   -8530.1905  0.7445 
   00988    0.4064   -8542.4419  0.7490 
   00989    0.4080   -8576.8174  0.7533 
   00990    0.4088   -8585.0805  0.7503 
   00991    0.4056   -8576.9584  0.7468 
   00992    0.4132   -8577.4645  0.7462 
   00993    0.4232   -8610.1154  0.7438 
   00994    0.4196   -8625.6608  0.7405 
   00995    0.4120   -8601.3114  0.7441 
   00996    0.4076   -8560.3735  0.7421 
   00997    0.4140   -8559.6676  0.7368 
   00998    0.4156   -8547.6129  0.7411 
   00999    0.4092   -8531.5626  0.7424 
   01000    0.4200   -8556.0425  0.7425 
