#=====================================================
# File created:        Wed-29-Oct-2025-at-10-15-22PM
# Size of lattice:     50x50
# Number of MC steps:  1000
# Reduced temperature: 0.500
# Run time (s):        32.790257
#=====================================================
# MC step:  Ratio:     Energy:   Order:
#=====================================================
   00000    0.5000   -2516.9212  0.2508 
   00001    0.6768   -3728.0683  0.2645 
   00002    0.6180   -4519.9476  0.2608 
   00003    0.5836   -5094.8080  0.2578 
   00004    0.5504   -5609.8280  0.2533 
   00005    0.5388   -5915.6554  0.2562 
   00006    0.5340   -6239.5507  0.2560 
   00007    0.5020   -6417.6751  0.2564 
   00008    0.4948   -6598.7248  0.2613 
   00009    0.4772   -6714.0790  0.2647 
   00010    0.4896   -6885.0647  0.2761 
   00011    0.4736   -7016.1655  0.2698 
   00012    0.4656   -7204.3932  0.2755 
   00013    0.4392   -7223.9336  0.2768 
   00014    0.4592   -7303.3729  0.2670 
   00015    0.4392   -7404.1968  0.2607 
   00016    0.4492   -7398.8113  0.2653 
   00017    0.4480   -7476.6314  0.2748 
   00018    0.4648   -7559.3266  0.2770 
   00019    0.4396   -7612.6937  0.2753 
   00020    0.4432   -7637.4882  0.2802 
   00021    0.4200   -7696.7252  0.2839 
   00022    0.4436   -7753.1354  0.2851 
   00023    0.4236   -7793.5636  0.2908 
   00024    0.4264   -7815.4443  0.2941 
   00025    0.4408   -7811.7267  0.2962 
   00026    0.4464   -7815.4125  0.2959 
   00027    0.4180   -7868.2451  0.2958 
   00028    0.4448   -7910.0630  0.2968 
   00029    0.4288   -7953.5997  0.3010 
   00030    0.4340   -8012.4055  0.2994 
   00031    0.4228   -8018.0654  0.2988 
   00032    0.4276   -8049.7361  0.2998 
   00033    0.4164   -8072.4142  0.3029 
   00034    0.4108   -8065.7756  0.3093 
   00035    0.4224   -8065.2129  0.3208 
   00036    0.4464   -8044.8875  0.3270 
   00037    0.4428   -8041.6816  0.3344 
   00038    0.4184   -8075.1604  0.3318 
   00039    0.4288   -8075.0396  0.3392 
   00040    0.4376   -8081.1859  0.3430 
   00041    0.4408   -8130.6044  0.3453 
   00042    0.4216   -8142.8185  0.3485 
   00043    0.4288   -8130.9893  0.3528 
   00044    0.4224   -8159.8856  0.3475 
   00045    0.4352   -8253.9738  0.3516 
   00046    0.4276   -8271.5481  0.3522 
   00047    0.4184   -8300.4622  0.3558 
   00048    0.4104   -8250.4215  0.3549 
   00049    0.4108   -8274.0185  0.3590 
   00050    0.4104   -8233.4088  0.3599 
   00051    0.4152   -8199.8204  0.3553 
   00052    0.4276   -8187.4030  0.3520 
   00053    0.4316   -8160.7253  0.3551 
   00054    0.4312   -8138.5232  0.3550 
   00055    0.4124   -8170.0015  0.3537 
   00056    0.4204   -8129.5467  0.3534 
   00057    0.4260   -8098.7950  0.3543 
   00058    0.4172   -8163.4788  0.3615 
   00059    0.4340   -8164.9395  0.3560 
   00060    0.4352   -8206.4121  0.3561 
   00061    0.4264   -8196.1961  0.3549 
   00062    0.4220   -8203.9398  0.3643 
   00063    0.4264   -8196.4305  0.3677 
   00064    0.4276   -8174.9314  0.3670 
   00065    0.4112   -8164.4796  0.3623 
   00066    0.4172   -8183.4571  0.3634 
   00067    0.4248   -8189.0276  0.3622 
   00068    0.4220   -8200.4872  0.3604 
   00069    0.4192   -8198.2016  0.3597 
   00070    0.4276   -8253.1016  0.3540 
   00071    0.4300   -8242.7468  0.3548 
   00072    0.4216   -8234.1562  0.3551 
   00073    0.4244   -8253.8215  0.3559 
   00074    0.4172   -8255.9093  0.3604 
   00075    0.4240   -8257.9653  0.3634 
   00076    0.4016   -8239.0842  0.3646 
   00077    0.4340   -8226.8055  0.3705 
   00078    0.4120   -8222.1247  0.3748 
   00079    0.4208   -8169.7028  0.3790 
   00080    0.4264   -8197.9010  0.3760 
   00081    0.4244   -8241.8174  0.3726 
   00082    0.4268   -8238.8460  0.3701 
   00083    0.4184   -8212.9544  0.3725 
   00084    0.4240   -8224.0305  0.3696 
   00085    0.4036   -8271.5228  0.3729 
   00086    0.4248   -8258.9645  0.3720 
   00087    0.4148   -8255.6939  0.3762 
   00088    0.4216   -8291.5818  0.3725 
   00089    0.4300   -8320.2556  0.3730 
   00090    0.4208   -8289.7449  0.3730 
   00091    0.4132   -8281.5223  0.3744 
   00092    0.4184   -8287.7028  0.3797 
   00093    0.4232   -8349.0191  0.3789 
   00094    0.4056   -8357.4856  0.3801 
   00095    0.4412   -8348.2352  0.3836 
   00096    0.4276   -8328.4363  0.3923 
   00097    0.4092   -8304.8733  0.3876 
   00098    0.4036   -8305.9157  0.3877 
   00099    0.4316   -8301.2482  0.3837 
   00100    0.4228   -8263.2550  0.3844 
   00101    0.4172   -8259.1394  0.3792 
   00102    0.4180   -8297.3160  0.3782 
   00103    0.4196   -8286.5236  0.3782 
   00104    0.4316   -8329.5805  0.3776 
   00105    0.3964   -8351.4852  0.3789 
   00106    0.4156   -8316.7065  0.3865 
   00107    0.4120   -8337.0497  0.3930 
   00108    0.4248   -8314.3680  0.3945 
   00109    0.4252   -8319.1289  0.3926 
   00110    0.4176   -8313.0973  0.3996 
   00111    0.4108   -8349.2726  0.4021 
   00112    0.4396   -8360.5911  0.4053 
   00113    0.4264   -8329.4341  0.4042 
   00114    0.4104   -8333.4994  0.4012 
   00115    0.4188   -8365.9535  0.4047 
   00116    0.3972   -8380.7404  0.4055 
   00117    0.4088   -8398.3837  0.4143 
   00118    0.4104   -8405.2417  0.4104 
   00119    0.4140   -8402.4550  0.4115 
   00120    0.4168   -8442.9640  0.4150 
   00121    0.4216   -8394.7388  0.4173 
   00122    0.3956   -8398.6460  0.4220 
   00123    0.4132   -8381.3857  0.4253 
   00124    0.4028   -8437.1532  0.4276 
   00125    0.3992   -8456.8888  0.4323 
   00126    0.4120   -8427.7853  0.4314 
   00127    0.3936   -8426.2521  0.4374 
   00128    0.4160   -8409.3616  0.4381 
   00129    0.4120   -8406.1609  0.4346 
   00130    0.4164   -8424.8932  0.4371 
   00131    0.4236   -8430.9606  0.4388 
   00132    0.4192   -8394.4010  0.4419 
   00133    0.4172   -8409.3944  0.4436 
   00134    0.3916   -8406.4016  0.4435 
   00135    0.4212   -8412.9469  0.4453 
   00136    0.4144   -8385.3019  0.4371 
   00137    0.4088   -8357.6073  0.4408 
   00138    0.4192   -8410.9737  0.4382 
   00139    0.4140   -8411.7708  0.4384 
   00140    0.4148   -8436.1105  0.4338 
   00141    0.4048   -8454.0773  0.4264 
   00142    0.4300   -8476.7349  0.4329 
   00143    0.4232   -8468.0024  0.4279 
   00144    0.4124   -8439.0532  0.4277 
   00145    0.3996   -8388.1634  0.4283 
   00146    0.4048   -8382.1772  0.4302 
   00147    0.3968   -8392.8604  0.4284 
   00148    0.4172   -8402.2436  0.4271 
   00149    0.4124   -8393.0235  0.4223 
   00150    0.4052   -8387.0750  0.4224 
   00151    0.4200   -8357.6580  0.4241 
   00152    0.4104   -8337.6871  0.4284 
   00153    0.4296   -8372.2655  0.4277 
   00154    0.4064   -8400.3495  0.4290 
   00155    0.4232   -8394.4123  0.4240 
   00156    0.4148   -8386.9079  0.4276 
   00157    0.4144   -8428.0990  0.4326 
   00158    0.4088   -8424.0562  0.4414 
   00159    0.4336   -8405.4340  0.4371 
   00160    0.4284   -8422.7844  0.4390 
   00161    0.4200   -8401.1444  0.4310 
   00162    0.4232   -8393.9328  0.4280 
   00163    0.4288   -8365.5158  0.4250 
   00164    0.4336   -8376.1178  0.4222 
   00165    0.4404   -8376.5738  0.4211 
   00166    0.4120   -8398.6340  0.4243 
   00167    0.3988   -8445.5074  0.4259 
   00168    0.4068   -8464.3179  0.4266 
   00169    0.4272   -8440.7699  0.4278 
   00170    0.4188   -8474.2102  0.4388 
   00171    0.4156   -8425.5927  0.4406 
   00172    0.4160   -8462.9322  0.4427 
   00173    0.4260   -8482.3926  0.4419 
   00174    0.4176   -8482.2244  0.4462 
   00175    0.4264   -8470.0778  0.4495 
   00176    0.4192   -8401.1933  0.4481 
   00177    0.4300   -8373.3119  0.4501 
   00178    0.4212   -8381.8110  0.4544 
   00179    0.4048   -8359.4263  0.4541 
   00180    0.4220   -8376.7905  0.4611 
   00181    0.4200   -8391.4523  0.4594 
   00182    0.4240   -8453.6560  0.4548 
   00183    0.4076   -8469.9495  0.4582 
   00184    0.3944   -8476.5004  0.4546 
   00185    0.4204   -8476.5389  0.4508 
   00186    0.4124   -8497.8429  0.4570 
   00187    0.4212   -8466.9197  0.4519 
   00188    0.4076   -8465.2555  0.4477 
   00189    0.4132   -8456.8315  0.4468 
   00190    0.4312   -8478.2976  0.4486 
   00191    0.4216   -8470.8072  0.4480 
   00192    0.4176   -8484.1413  0.4452 
   00193    0.4240   -8520.3092  0.4491 
   00194    0.4188   -8508.2555  0.4449 
   00195    0.3964   -8471.5493  0.4451 
   00196    0.4008   -8477.1733  0.4412 
   00197    0.4036   -8453.2207  0.4430 
   00198    0.4224   -8455.5241  0.4446 
   00199    0.3980   -8420.9237  0.4382 
   00200    0.4208   -8423.5262  0.4340 
   00201    0.4112   -8422.0793  0.4355 
   00202    0.4064   -8400.6303  0.4367 
   00203    0.4096   -8377.1394  0.4320 
   00204    0.4188   -8395.3073  0.4267 
   00205    0.4044   -8376.3004  0.4322 
   00206    0.4136   -8436.2427  0.4290 
   00207    0.4104   -8417.4042  0.4288 
   00208    0.4092   -8477.2966  0.4327 
   00209    0.4064   -8491.5634  0.4339 
   00210    0.4112   -8486.6187  0.4362 
   00211    0.4036   -8466.3554  0.4365 
   00212    0.4104   -8516.0410  0.4377 
   00213    0.4168   -8486.3632  0.4424 
   00214    0.4052   -8487.1538  0.4472 
   00215    0.4048   -8465.7379  0.4409 
   00216    0.4140   -8504.1941  0.4415 
   00217    0.4024   -8461.3813  0.4353 
   00218    0.3972   -8473.4704  0.4290 
   00219    0.4024   -8479.4438  0.4281 
   00220    0.4356   -8456.8209  0.4293 
   00221    0.4280   -8485.9379  0.4319 
   00222    0.4088   -8488.9115  0.4287 
   00223    0.4080   -8473.3854  0.4355 
   00224    0.4212   -8466.3737  0.4326 
   00225    0.4216   -8464.2809  0.4310 
   00226    0.4284   -8408.8666  0.4284 
   00227    0.4248   -8411.3993  0.4169 
   00228    0.4008   -8447.7530  0.4141 
   00229    0.4244   -8424.3386  0.4106 
   00230    0.4044   -8413.2431  0.4122 
   00231    0.4192   -8393.8460  0.4126 
   00232    0.3932   -8368.0536  0.4094 
   00233    0.4080   -8359.0242  0.4034 
   00234    0.4096   -8405.7848  0.3989 
   00235    0.4048   -8385.0260  0.3997 
   00236    0.4320   -8417.4138  0.4008 
   00237    0.4184   -8419.6243  0.3999 
   00238    0.4080   -8385.8714  0.4012 
   00239    0.4160   -8378.5884  0.4036 
   00240    0.4056   -8418.4120  0.4047 
   00241    0.4076   -8426.4127  0.4099 
   00242    0.4044   -8451.8156  0.4140 
   00243    0.4076   -8453.5922  0.4195 
   00244    0.4144   -8442.5259  0.4174 
   00245    0.4140   -8445.0380  0.4183 
   00246    0.4208   -8394.7869  0.4197 
   00247    0.4184   -8423.2461  0.4205 
   00248    0.4112   -8471.8770  0.4099 
   00249    0.4044   -8432.4903  0.4066 
   00250    0.4180   -8438.3972  0.4012 
   00251    0.4184   -8448.9498  0.4096 
   00252    0.4232   -8452.9563  0.4075 
   00253    0.4216   -8415.0672  0.4150 
   00254    0.4196   -8400.4565  0.4097 
   00255    0.4120   -8394.3066  0.4134 
   00256    0.4140   -8377.9299  0.4122 
   00257    0.4060   -8372.3425  0.4124 
   00258    0.4244   -8393.5047  0.4077 
   00259    0.4184   -8389.2366  0.4112 
   00260    0.4280   -8390.9151  0.4158 
   00261    0.4144   -8405.9902  0.4245 
   00262    0.4172   -8405.5476  0.4218 
   00263    0.4164   -8361.7871  0.4310 
   00264    0.4280   -8362.3149  0.4376 
   00265    0.4228   -8399.6890  0.4324 
   00266    0.4168   -8400.3421  0.4314 
   00267    0.4228   -8358.2736  0.4242 
   00268    0.4172   -8363.4579  0.4254 
   00269    0.3976   -8388.3037  0.4286 
   00270    0.4140   -8456.1004  0.4336 
   00271    0.3944   -8501.3173  0.4346 
   00272    0.4120   -8492.4867  0.4287 
   00273    0.3988   -8530.7139  0.4266 
   00274    0.4136   -8572.1218  0.4327 
   00275    0.4192   -8540.8816  0.4301 
   00276    0.4008   -8493.2577  0.4304 
   00277    0.4200   -8466.8969  0.4301 
   00278    0.4112   -8456.1424  0.4285 
   00279    0.4196   -8460.2496  0.4240 
   00280    0.4096   -8434.4395  0.4248 
   00281    0.4076   -8417.1237  0.4210 
   00282    0.4316   -8381.4278  0.4297 
   00283    0.4208   -8377.4984  0.4293 
   00284    0.4184   -8458.5981  0.4346 
   00285    0.3956   -8470.6670  0.4351 
   00286    0.3988   -8505.2714  0.4299 
   00287    0.4140   -8448.2745  0.4235 
   00288    0.4228   -8472.2240  0.4264 
   00289    0.4016   -8468.7440  0.4280 
   00290    0.4040   -8484.3004  0.4317 
   00291    0.4260   -8507.8985  0.4378 
   00292    0.4108   -8493.1981  0.4366 
   00293    0.4228   -8478.1550  0.4294 
   00294    0.3876   -8516.4002  0.4241 
   00295    0.3832   -8518.7658  0.4205 
   00296    0.4056   -8512.6195  0.4213 
   00297    0.4092   -8476.1614  0.4223 
   00298    0.4236   -8462.1832  0.4245 
   00299    0.4036   -8425.3832  0.4201 
   00300    0.4068   -8421.8593  0.4216 
   00301    0.4148   -8430.8222  0.4267 
   00302    0.4248   -8455.8271  0.4215 
   00303    0.4248   -8474.1038  0.4197 
   00304    0.4056   -8475.4017  0.4238 
   00305    0.4328   -8474.9902  0.4247 
   00306    0.3960   -8429.4705  0.4222 
   00307    0.4160   -8399.0576  0.4222 
   00308    0.4088   -8436.9843  0.4190 
   00309    0.4040   -8432.0966  0.4202 
   00310    0.3988   -8430.6069  0.4239 
   00311    0.4164   -8413.8618  0.4300 
   00312    0.4064   -8444.4393  0.4338 
   00313    0.4124   -8453.8246  0.4362 
   00314    0.4372   -8464.4116  0.4303 
   00315    0.4132   -8435.7684  0.4243 
   00316    0.4148   -8458.1209  0.4272 
   00317    0.4096   -8475.7763  0.4301 
   00318    0.4256   -8491.5023  0.4254 
   00319    0.4032   -8461.2598  0.4242 
   00320    0.4184   -8470.5310  0.4258 
   00321    0.3940   -8480.4106  0.4309 
   00322    0.4048   -8461.6881  0.4273 
   00323    0.4280   -8444.0607  0.4247 
   00324    0.4240   -8450.1290  0.4218 
   00325    0.4180   -8504.2518  0.4181 
   00326    0.4032   -8470.3802  0.4207 
   00327    0.4216   -8491.9122  0.4168 
   00328    0.4136   -8506.7918  0.4175 
   00329    0.4096   -8513.2538  0.4132 
   00330    0.4092   -8520.2688  0.4118 
   00331    0.3992   -8502.0692  0.4100 
   00332    0.3944   -8534.7526  0.4136 
   00333    0.4076   -8529.6956  0.4135 
   00334    0.4104   -8552.9770  0.4108 
   00335    0.4196   -8539.2844  0.4107 
   00336    0.4248   -8505.9320  0.4129 
   00337    0.4232   -8454.7555  0.4109 
   00338    0.4216   -8489.2938  0.4107 
   00339    0.4256   -8499.3059  0.4176 
   00340    0.4184   -8459.9534  0.4208 
   00341    0.4244   -8454.2205  0.4107 
   00342    0.4076   -8449.0818  0.4097 
   00343    0.4084   -8466.9337  0.4108 
   00344    0.4128   -8477.1959  0.4086 
   00345    0.4100   -8451.7156  0.4129 
   00346    0.4124   -8463.5589  0.4150 
   00347    0.4084   -8492.9458  0.4168 
   00348    0.4036   -8479.8966  0.4204 
   00349    0.4072   -8499.1017  0.4204 
   00350    0.4264   -8448.3749  0.4172 
   00351    0.4052   -8415.3641  0.4138 
   00352    0.3868   -8402.1957  0.4094 
   00353    0.4168   -8440.3079  0.4082 
   00354    0.4328   -8456.8667  0.4060 
   00355    0.4080   -8428.0405  0.4040 
   00356    0.4048   -8451.2921  0.4012 
   00357    0.4168   -8469.2584  0.4033 
   00358    0.4160   -8446.8170  0.4018 
   00359    0.4060   -8509.1144  0.4039 
   00360    0.4116   -8486.0144  0.4045 
   00361    0.4000   -8474.0423  0.3997 
   00362    0.4032   -8467.4712  0.3979 
   00363    0.4144   -8457.5835  0.3959 
   00364    0.4276   -8546.8482  0.4036 
   00365    0.4164   -8521.3651  0.4077 
   00366    0.4012   -8502.7231  0.4104 
   00367    0.3960   -8506.0749  0.4063 
   00368    0.4064   -8520.5387  0.4072 
   00369    0.4072   -8523.1821  0.4054 
   00370    0.4128   -8514.6612  0.4074 
   00371    0.3980   -8495.2943  0.4042 
   00372    0.4180   -8511.9317  0.4058 
   00373    0.4104   -8509.5867  0.4032 
   00374    0.3996   -8544.3801  0.3979 
   00375    0.4160   -8518.8000  0.3929 
   00376    0.4060   -8488.9870  0.3902 
   00377    0.4164   -8471.7045  0.3928 
   00378    0.4064   -8458.0757  0.3931 
   00379    0.4140   -8428.8695  0.4006 
   00380    0.4072   -8468.7150  0.4019 
   00381    0.4228   -8448.8185  0.4017 
   00382    0.4044   -8475.0842  0.4013 
   00383    0.4228   -8464.8755  0.3995 
   00384    0.4148   -8479.8929  0.3934 
   00385    0.4060   -8469.0319  0.3910 
   00386    0.4188   -8487.4507  0.3883 
   00387    0.4136   -8474.2413  0.3893 
   00388    0.4096   -8446.0522  0.3915 
   00389    0.4160   -8450.4535  0.3894 
   00390    0.4004   -8434.4925  0.3900 
   00391    0.4032   -8462.8870  0.3922 
   00392    0.4052   -8446.9178  0.3984 
   00393    0.4180   -8430.2314  0.3967 
   00394    0.3948   -8455.3234  0.3979 
   00395    0.4036   -8416.8692  0.3925 
   00396    0.4064   -8403.8456  0.3997 
   00397    0.4036   -8448.9454  0.4039 
   00398    0.4140   -8465.4476  0.4058 
   00399    0.4184   -8442.7587  0.4033 
   00400    0.3984   -8425.6329  0.3969 
   00401    0.4092   -8470.9390  0.4018 
   00402    0.4080   -8523.0596  0.4024 
   00403    0.4160   -8529.8163  0.4041 
   00404    0.4192   -8539.8866  0.4125 
   00405    0.4172   -8495.1229  0.4114 
   00406    0.4008   -8556.6796  0.4128 
   00407    0.4096   -8571.7896  0.4119 
   00408    0.4148   -8584.6022  0.4067 
   00409    0.4076   -8508.2025  0.4088 
   00410    0.4092   -8504.6462  0.4032 
   00411    0.4164   -8466.8984  0.4067 
   00412    0.4256   -8453.9935  0.4023 
   00413    0.4048   -8484.2042  0.4069 
   00414    0.4200   -8484.3947  0.4101 
   00415    0.4136   -8518.3118  0.4118 
   00416    0.4168   -8546.5305  0.4129 
   00417    0.4144   -8592.6874  0.4138 
   00418    0.4072   -8543.9280  0.4137 
   00419    0.3944   -8523.6270  0.4149 
   00420    0.4256   -8518.2248  0.4130 
   00421    0.4000   -8486.4177  0.4108 
   00422    0.4312   -8468.0028  0.4109 
   00423    0.4088   -8465.2343  0.4180 
   00424    0.4140   -8433.6047  0.4204 
   00425    0.4140   -8433.2437  0.4213 
   00426    0.4172   -8444.1711  0.4197 
   00427    0.4140   -8446.7457  0.4211 
   00428    0.4040   -8490.1298  0.4230 
   00429    0.4172   -8512.0798  0.4203 
   00430    0.4240   -8492.2566  0.4149 
   00431    0.4004   -8518.6003  0.4108 
   00432    0.4172   -8521.6202  0.4115 
   00433    0.4068   -8495.2553  0.4110 
   00434    0.4144   -8517.5143  0.4183 
   00435    0.4044   -8536.9934  0.4190 
   00436    0.4068   -8509.3347  0.4173 
   00437    0.3956   -8541.2480  0.4147 
   00438    0.3908   -8532.3867  0.4099 
   00439    0.3828   -8506.0557  0.4081 
   00440    0.4064   -8446.9086  0.4067 
   00441    0.4188   -8475.9140  0.4010 
   00442    0.4116   -8429.8765  0.4029 
   00443    0.4216   -8522.1360  0.4000 
   00444    0.4224   -8466.1925  0.3987 
   00445    0.4232   -8513.2675  0.4017 
   00446    0.4152   -8474.5556  0.4055 
   00447    0.3992   -8476.1214  0.4061 
   00448    0.3968   -8484.9991  0.4111 
   00449    0.4020   -8534.5392  0.3989 
   00450    0.4128   -8541.3442  0.3978 
   00451    0.4108   -8520.9039  0.3930 
   00452    0.4192   -8524.5640  0.3928 
   00453    0.4168   -8489.2666  0.3885 
   00454    0.4020   -8504.3805  0.3837 
   00455    0.4352   -8487.0477  0.3848 
   00456    0.4304   -8435.3413  0.3805 
   00457    0.4212   -8487.2769  0.3815 
   00458    0.4176   -8487.2718  0.3800 
   00459    0.4108   -8488.3799  0.3792 
   00460    0.3976   -8510.1924  0.3808 
   00461    0.4084   -8500.8948  0.3799 
   00462    0.4184   -8448.9767  0.3748 
   00463    0.4208   -8456.4899  0.3757 
   00464    0.4128   -8470.0918  0.3795 
   00465    0.4096   -8509.5609  0.3848 
   00466    0.4052   -8512.2468  0.3846 
   00467    0.4000   -8514.5375  0.3797 
   00468    0.4176   -8465.7200  0.3765 
   00469    0.4032   -8453.5912  0.3803 
   00470    0.3980   -8438.4006  0.3824 
   00471    0.4156   -8447.7948  0.3887 
   00472    0.4196   -8441.4160  0.3883 
   00473    0.4172   -8481.3900  0.3909 
   00474    0.4140   -8477.4175  0.3870 
   00475    0.4152   -8506.7358  0.3882 
   00476    0.4164   -8527.5902  0.3810 
   00477    0.4168   -8498.4172  0.3794 
   00478    0.3992   -8488.2840  0.3812 
   00479    0.4064   -8452.4865  0.3848 
   00480    0.4148   -8469.0550  0.3876 
   00481    0.4024   -8459.4927  0.3868 
   00482    0.4300   -8430.1341  0.3860 
   00483    0.4316   -8473.8177  0.3894 
   00484    0.4072   -8506.1824  0.3881 
   00485    0.3896   -8503.2023  0.3892 
   00486    0.4108   -8522.5758  0.3933 
   00487    0.4020   -8469.8755  0.3892 
   00488    0.4116   -8468.3898  0.3983 
   00489    0.4112   -8496.6995  0.3975 
   00490    0.4060   -8464.4601  0.3902 
   00491    0.3812   -8477.7997  0.3923 
   00492    0.4224   -8439.8798  0.3892 
   00493    0.4004   -8422.0008  0.3817 
   00494    0.4232   -8419.4042  0.3766 
   00495    0.4252   -8382.9427  0.3759 
   00496    0.4080   -8428.7449  0.3742 
   00497    0.4096   -8436.5223  0.3732 
   00498    0.4132   -8425.6433  0.3716 
   00499    0.4276   -8473.6680  0.3794 
   00500    0.4088   -8475.6834  0.3732 
   00501    0.4256   -8467.3897  0.3758 
   00502    0.4108   -8505.9842  0.3810 
   00503    0.4144   -8511.1641  0.3812 
   00504    0.4020   -8495.2153  0.3770 
   00505    0.4160   -8472.2352  0.3717 
   00506    0.3928   -8456.5320  0.3738 
   00507    0.3992   -8477.7660  0.3715 
   00508    0.3944   -8501.5583  0.3772 
   00509    0.3848   -8538.5902  0.3776 
   00510    0.4128   -8563.7172  0.3812 
   00511    0.4276   -8524.0745  0.3842 
   00512    0.4156   -8557.7587  0.3864 
   00513    0.4012   -8568.6358  0.3861 
   00514    0.3876   -8558.2650  0.3856 
   00515    0.4108   -8583.9972  0.3906 
   00516    0.4252   -8571.3665  0.3898 
   00517    0.4104   -8559.5297  0.3814 
   00518    0.4192   -8536.1969  0.3823 
   00519    0.4228   -8519.3013  0.3806 
   00520    0.4044   -8539.3354  0.3792 
   00521    0.3992   -8526.1937  0.3799 
   00522    0.4208   -8522.8815  0.3899 
   00523    0.4048   -8521.1892  0.3856 
   00524    0.4100   -8516.7476  0.3795 
   00525    0.4144   -8532.8724  0.3788 
   00526    0.4012   -8519.3067  0.3800 
   00527    0.4148   -8484.8705  0.3865 
   00528    0.4152   -8494.2521  0.3848 
   00529    0.3948   -8505.8325  0.3891 
   00530    0.3980   -8504.1534  0.3902 
   00531    0.4052   -8468.9965  0.3889 
   00532    0.4216   -8473.2562  0.3933 
   00533    0.4100   -8483.9762  0.3945 
   00534    0.3952   -8467.0320  0.3969 
   00535    0.4200   -8499.9724  0.3946 
   00536    0.4164   -8487.4011  0.3951 
   00537    0.4208   -8465.9586  0.4008 
   00538    0.4112   -8475.7096  0.3981 
   00539    0.4204   -8498.7825  0.3957 
   00540    0.3996   -8442.3639  0.3909 
   00541    0.4208   -8420.1257  0.3847 
   00542    0.4268   -8432.8012  0.3909 
   00543    0.4152   -8470.7125  0.3973 
   00544    0.4224   -8484.3112  0.4024 
   00545    0.4044   -8479.3846  0.3970 
   00546    0.4228   -8451.8730  0.4040 
   00547    0.3964   -8462.6360  0.4028 
   00548    0.4120   -8478.1073  0.4039 
   00549    0.4000   -8493.2566  0.4069 
   00550    0.4016   -8507.6447  0.4066 
   00551    0.4248   -8499.3030  0.4072 
   00552    0.4152   -8475.9700  0.4065 
   00553    0.4120   -8457.0204  0.4040 
   00554    0.4116   -8430.1934  0.4053 
   00555    0.4168   -8410.4116  0.4086 
   00556    0.4088   -8380.6945  0.4036 
   00557    0.4284   -8357.7913  0.4051 
   00558    0.4172   -8390.2214  0.4125 
   00559    0.4244   -8371.3762  0.4151 
   00560    0.4236   -8388.7093  0.4159 
   00561    0.4016   -8414.5775  0.4176 
   00562    0.4080   -8446.8681  0.4181 
   00563    0.4076   -8466.9083  0.4163 
   00564    0.4088   -8419.2935  0.4093 
   00565    0.4012   -8383.0206  0.4096 
   00566    0.3912   -8439.0442  0.4076 
   00567    0.4152   -8435.7134  0.4078 
   00568    0.4140   -8427.7653  0.4070 
   00569    0.4004   -8418.8615  0.4098 
   00570    0.4072   -8471.4561  0.4095 
   00571    0.4064   -8494.2765  0.4104 
   00572    0.4104   -8460.5875  0.4028 
   00573    0.4400   -8428.2662  0.4056 
   00574    0.4296   -8430.0377  0.4028 
   00575    0.4012   -8420.6101  0.3988 
   00576    0.4172   -8422.6950  0.3956 
   00577    0.3928   -8421.5592  0.3912 
   00578    0.4080   -8447.4598  0.3848 
   00579    0.4032   -8450.7532  0.3834 
   00580    0.4148   -8423.6288  0.3839 
   00581    0.4032   -8439.3802  0.3765 
   00582    0.4124   -8458.9710  0.3718 
   00583    0.4224   -8475.1791  0.3726 
   00584    0.4264   -8445.8156  0.3705 
   00585    0.4256   -8462.0002  0.3776 
   00586    0.4116   -8475.1324  0.3767 
   00587    0.4196   -8525.7524  0.3707 
   00588    0.4200   -8476.4828  0.3663 
   00589    0.4252   -8454.0421  0.3607 
   00590    0.4228   -8440.3539  0.3618 
   00591    0.4140   -8439.0678  0.3621 
   00592    0.4060   -8465.5607  0.3580 
   00593    0.4164   -8456.2821  0.3576 
   00594    0.4036   -8459.2717  0.3560 
   00595    0.4104   -8467.4252  0.3609 
   00596    0.4216   -8435.3780  0.3590 
   00597    0.4108   -8433.7449  0.3586 
   00598    0.4252   -8469.8070  0.3648 
   00599    0.4068   -8494.5890  0.3706 
   00600    0.3892   -8522.7095  0.3671 
   00601    0.4036   -8508.9938  0.3696 
   00602    0.3996   -8531.4880  0.3756 
   00603    0.4096   -8547.9624  0.3808 
   00604    0.4212   -8544.5729  0.3860 
   00605    0.4116   -8513.6726  0.3935 
   00606    0.4280   -8504.6275  0.3960 
   00607    0.4064   -8496.0663  0.3939 
   00608    0.4084   -8495.2776  0.3913 
   00609    0.3956   -8466.9767  0.3931 
   00610    0.4144   -8496.2464  0.3959 
   00611    0.4152   -8472.5457  0.3974 
   00612    0.4160   -8480.0574  0.4046 
   00613    0.3960   -8503.3420  0.4052 
   00614    0.4236   -8491.2617  0.4047 
   00615    0.4160   -8508.5644  0.4032 
   00616    0.4028   -8445.7813  0.3956 
   00617    0.4176   -8498.0455  0.3963 
   00618    0.4192   -8506.3763  0.3941 
   00619    0.3948   -8520.9433  0.3917 
   00620    0.4040   -8490.2755  0.3903 
   00621    0.4188   -8471.7176  0.3979 
   00622    0.4056   -8494.1648  0.3965 
   00623    0.4160   -8488.3211  0.3961 
   00624    0.4136   -8485.0832  0.3935 
   00625    0.4072   -8481.6005  0.3965 
   00626    0.4040   -8481.5144  0.3924 
   00627    0.4036   -8490.9783  0.3865 
   00628    0.4216   -8446.5727  0.3803 
   00629    0.4244   -8461.2437  0.3845 
   00630    0.4096   -8444.8423  0.3894 
   00631    0.4192   -8478.2067  0.3905 
   00632    0.4032   -8429.6037  0.3880 
   00633    0.4100   -8418.2187  0.3861 
   00634    0.4140   -8407.8518  0.3889 
   00635    0.4088   -8425.7476  0.3870 
   00636    0.4132   -8408.6688  0.3900 
   00637    0.4264   -8465.8755  0.3966 
   00638    0.4160   -8459.1835  0.3953 
   00639    0.4160   -8412.6484  0.3977 
   00640    0.4164   -8371.8327  0.3996 
   00641    0.4304   -8389.0857  0.3947 
   00642    0.4148   -8345.4605  0.3879 
   00643    0.4204   -8379.9801  0.3890 
   00644    0.4120   -8387.8231  0.3890 
   00645    0.4100   -8388.1641  0.3845 
   00646    0.4200   -8352.9916  0.3842 
   00647    0.4072   -8327.4601  0.3819 
   00648    0.4164   -8389.7246  0.3855 
   00649    0.4172   -8412.3529  0.3918 
   00650    0.4152   -8455.0807  0.3852 
   00651    0.4408   -8480.7013  0.3853 
   00652    0.3996   -8499.2464  0.3832 
   00653    0.4108   -8507.1598  0.3755 
   00654    0.4108   -8502.5066  0.3739 
   00655    0.4168   -8479.2501  0.3808 
   00656    0.4240   -8509.6753  0.3848 
   00657    0.4024   -8456.3196  0.3919 
   00658    0.4112   -8410.7950  0.3830 
   00659    0.4112   -8398.3077  0.3821 
   00660    0.4148   -8423.2968  0.3885 
   00661    0.4072   -8442.4742  0.3870 
   00662    0.4128   -8447.6811  0.3850 
   00663    0.3968   -8456.6587  0.3867 
   00664    0.3992   -8465.1079  0.3900 
   00665    0.4272   -8450.5501  0.3959 
   00666    0.4004   -8429.0181  0.3937 
   00667    0.4064   -8490.7252  0.3869 
   00668    0.4048   -8491.6041  0.3894 
   00669    0.4012   -8450.7626  0.3846 
   00670    0.4232   -8486.3343  0.3801 
   00671    0.4104   -8454.7687  0.3828 
   00672    0.3920   -8456.6934  0.3843 
   00673    0.4120   -8491.1193  0.3825 
   00674    0.4036   -8483.2206  0.3786 
   00675    0.3980   -8511.1147  0.3793 
   00676    0.4264   -8441.3062  0.3812 
   00677    0.4372   -8413.2565  0.3850 
   00678    0.4076   -8385.7266  0.3883 
   00679    0.4172   -8423.8356  0.3977 
   00680    0.4332   -8396.3136  0.4014 
   00681    0.4232   -8407.0925  0.3999 
   00682    0.4136   -8435.8469  0.3942 
   00683    0.4068   -8482.9404  0.3959 
   00684    0.4124   -8487.6903  0.3955 
   00685    0.4124   -8478.2832  0.4024 
   00686    0.4064   -8492.7320  0.4003 
   00687    0.4112   -8522.3871  0.4031 
   00688    0.4092   -8477.4029  0.4009 
   00689    0.4124   -8458.3020  0.3935 
   00690    0.4116   -8450.3951  0.3890 
   00691    0.4016   -8493.1968  0.3912 
   00692    0.4168   -8497.0837  0.3886 
   00693    0.3968   -8560.9538  0.3881 
   00694    0.4344   -8545.8235  0.3865 
   00695    0.4076   -8534.2181  0.3845 
   00696    0.4080   -8554.1341  0.3879 
   00697    0.4084   -8564.0708  0.3909 
   00698    0.4064   -8567.9338  0.3879 
   00699    0.4072   -8533.1308  0.3805 
   00700    0.4380   -8545.2096  0.3833 
   00701    0.3992   -8491.4316  0.3810 
   00702    0.3892   -8424.3739  0.3764 
   00703    0.3940   -8458.8764  0.3777 
   00704    0.4068   -8426.1876  0.3810 
   00705    0.4276   -8425.7229  0.3771 
   00706    0.4144   -8458.9268  0.3750 
   00707    0.4216   -8432.5041  0.3782 
   00708    0.4124   -8477.9725  0.3778 
   00709    0.4188   -8527.5682  0.3830 
   00710    0.4216   -8487.7517  0.3823 
   00711    0.4048   -8521.2509  0.3868 
   00712    0.3964   -8508.4214  0.3845 
   00713    0.4180   -8479.0045  0.3834 
   00714    0.4204   -8482.0564  0.3843 
   00715    0.4060   -8480.0747  0.3887 
   00716    0.4228   -8536.6620  0.3977 
   00717    0.4124   -8523.7584  0.3939 
   00718    0.4228   -8513.0122  0.3969 
   00719    0.3976   -8531.4861  0.4022 
   00720    0.4064   -8530.5069  0.4042 
   00721    0.3960   -8507.8727  0.3985 
   00722    0.4088   -8511.5390  0.4013 
   00723    0.4092   -8564.4928  0.4027 
   00724    0.4116   -8536.8933  0.3961 
   00725    0.4164   -8496.4133  0.4011 
   00726    0.4100   -8464.0876  0.4039 
   00727    0.4184   -8481.4600  0.4030 
   00728    0.4044   -8425.1313  0.4001 
   00729    0.4060   -8452.3126  0.3924 
   00730    0.4176   -8450.2806  0.3923 
   00731    0.4296   -8425.3120  0.3976 
   00732    0.4012   -8472.8542  0.3928 
   00733    0.4044   -8502.9735  0.3972 
   00734    0.4108   -8511.2337  0.3982 
   00735    0.4144   -8511.2698  0.4009 
   00736    0.3948   -8498.7207  0.4053 
   00737    0.4020   -8493.7126  0.4005 
   00738    0.4016   -8505.0170  0.4026 
   00739    0.4032   -8499.4814  0.4037 
   00740    0.3888   -8485.7875  0.4007 
   00741    0.4100   -8470.4930  0.4085 
   00742    0.4176   -8490.6558  0.4063 
   00743    0.4072   -8517.3141  0.4101 
   00744    0.4092   -8479.7120  0.4101 
   00745    0.4000   -8531.3536  0.4160 
   00746    0.3708   -8546.2894  0.4154 
   00747    0.4084   -8569.9903  0.4152 
   00748    0.4076   -8558.5700  0.4152 
   00749    0.4080   -8543.2189  0.4098 
   00750    0.4192   -8498.8371  0.4130 
   00751    0.4092   -8503.4545  0.4108 
   00752    0.4116   -8482.1138  0.4102 
   00753    0.3976   -8495.8250  0.4123 
   00754    0.4008   -8529.4838  0.4122 
   00755    0.4132   -8496.0271  0.4160 
   00756    0.4056   -8515.0007  0.4192 
   00757    0.4256   -8542.4721  0.4191 
   00758    0.4128   -8512.9011  0.4174 
   00759    0.4072   -8495.9414  0.4181 
   00760    0.4276   -8535.2507  0.4193 
   00761    0.4140   -8514.3378  0.4163 
   00762    0.3928   -8518.3666  0.4196 
   00763    0.4348   -8534.9246  0.4185 
   00764    0.4232   -8532.1047  0.4206 
   00765    0.4084   -8520.7895  0.4193 
   00766    0.3996   -8565.0580  0.4165 
   00767    0.4236   -8542.9707  0.4145 
   00768    0.4068   -8533.6947  0.4142 
   00769    0.4000   -8521.1657  0.4168 
   00770    0.4188   -8554.0498  0.4172 
   00771    0.3956   -8536.5576  0.4178 
   00772    0.4180   -8534.0230  0.4168 
   00773    0.4060   -8536.7912  0.4233 
   00774    0.4164   -8536.2758  0.4151 
   00775    0.4068   -8528.7449  0.4182 
   00776    0.4180   -8488.6594  0.4136 
   00777    0.4128   -8481.0315  0.4163 
   00778    0.4116   -8444.9075  0.4161 
   00779    0.4308   -8441.7859  0.4228 
   00780    0.4260   -8507.7532  0.4217 
   00781    0.4108   -8513.2695  0.4233 
   00782    0.4156   -8523.6610  0.4284 
   00783    0.4100   -8510.4632  0.4325 
   00784    0.4060   -8516.6384  0.4267 
   00785    0.4184   -8450.8105  0.4265 
   00786    0.4192   -8486.3503  0.4251 
   00787    0.3828   -8522.0395  0.4299 
   00788    0.4104   -8550.1983  0.4315 
   00789    0.4000   -8561.4559  0.4367 
   00790    0.3964   -8556.2786  0.4355 
   00791    0.3936   -8536.3279  0.4376 
   00792    0.4212   -8534.8407  0.4429 
   00793    0.4028   -8566.1093  0.4440 
   00794    0.4224   -8575.6556  0.4408 
   00795    0.4052   -8576.4029  0.4407 
   00796    0.3872   -8541.1977  0.4441 
   00797    0.4132   -8570.1188  0.4456 
   00798    0.4092   -8566.4885  0.4452 
   00799    0.3916   -8599.5746  0.4483 
   00800    0.4032   -8572.5904  0.4514 
   00801    0.3988   -8596.0250  0.4521 
   00802    0.3952   -8609.9998  0.4518 
   00803    0.4104   -8617.7865  0.4520 
   00804    0.4116   -8631.4804  0.4517 
   00805    0.4216   -8614.0104  0.4510 
   00806    0.4128   -8608.6025  0.4551 
   00807    0.4108   -8573.9286  0.4522 
   00808    0.4148   -8541.7693  0.4581 
   00809    0.4432   -8507.1504  0.4648 
   00810    0.4220   -8495.9713  0.4680 
   00811    0.4168   -8529.8469  0.4645 
   00812    0.4148   -8538.8404  0.4620 
   00813    0.4092   -8553.6761  0.4600 
   00814    0.4048   -8557.5209  0.4602 
   00815    0.4188   -8566.5439  0.4602 
   00816    0.4184   -8584.6904  0.4522 
   00817    0.4116   -8584.1179  0.4494 
   00818    0.3944   -8540.5221  0.4499 
   00819    0.4004   -8523.1809  0.4564 
   00820    0.4116   -8520.1507  0.4579 
   00821    0.4036   -8517.5311  0.4573 
   00822    0.4084   -8485.5965  0.4622 
   00823    0.4044   -8448.0755  0.4582 
   00824    0.4036   -8490.1216  0.4609 
   00825    0.4132   -8507.1321  0.4600 
   00826    0.4292   -8490.3149  0.4636 
   00827    0.3940   -8495.5009  0.4640 
   00828    0.4044   -8526.4614  0.4639 
   00829    0.4072   -8541.6902  0.4644 
   00830    0.4180   -8527.5755  0.4665 
   00831    0.4088   -8582.7680  0.4707 
   00832    0.3968   -8591.1193  0.4700 
   00833    0.4052   -8576.8485  0.4695 
   00834    0.4052   -8548.7857  0.4708 
   00835    0.3916   -8579.6867  0.4724 
   00836    0.4116   -8543.2150  0.4702 
   00837    0.4184   -8572.6041  0.4719 
   00838    0.4120   -8565.0195  0.4716 
   00839    0.4308   -8519.1056  0.4726 
   00840    0.3948   -8523.8251  0.4728 
   00841    0.4100   -8546.3352  0.4688 
   00842    0.4172   -8571.0018  0.4709 
   00843    0.4108   -8577.7404  0.4715 
   00844    0.4076   -8546.1613  0.4729 
   00845    0.4168   -8528.7042  0.4741 
   00846    0.3988   -8510.1680  0.4738 
   00847    0.4316   -8535.7343  0.4761 
   00848    0.3944   -8553.0046  0.4831 
   00849    0.4152   -8539.6834  0.4879 
   00850    0.4148   -8551.2782  0.4803 
   00851    0.4148   -8532.1587  0.4806 
   00852    0.4080   -8530.9004  0.4726 
   00853    0.4124   -8518.9021  0.4717 
   00854    0.4028   -8499.1687  0.4750 
   00855    0.3964   -8447.7314  0.4786 
   00856    0.4216   -8480.5666  0.4803 
   00857    0.4112   -8488.9100  0.4827 
   00858    0.4180   -8519.9285  0.4795 
   00859    0.4208   -8522.9054  0.4852 
   00860    0.3984   -8523.9533  0.4913 
   00861    0.4204   -8520.2788  0.4860 
   00862    0.4020   -8536.4791  0.4835 
   00863    0.4128   -8505.3817  0.4816 
   00864    0.4136   -8472.7170  0.4815 
   00865    0.4172   -8505.6454  0.4828 
   00866    0.3992   -8472.5188  0.4841 
   00867    0.3996   -8494.6736  0.4793 
   00868    0.4016   -8542.9919  0.4827 
   00869    0.4004   -8508.3773  0.4866 
   00870    0.4112   -8521.0799  0.4806 
   00871    0.4028   -8573.5534  0.4771 
   00872    0.4204   -8570.1547  0.4724 
   00873    0.4092   -8577.5308  0.4710 
   00874    0.4128   -8568.8246  0.4723 
   00875    0.3984   -8519.9267  0.4753 
   00876    0.4256   -8508.7491  0.4721 
   00877    0.3968   -8512.2247  0.4769 
   00878    0.4200   -8524.8791  0.4732 
   00879    0.4196   -8528.4860  0.4683 
   00880    0.4016   -8557.7867  0.4711 
   00881    0.4120   -8568.3663  0.4714 
   00882    0.4092   -8533.4853  0.4787 
   00883    0.4012   -8502.1542  0.4769 
   00884    0.3992   -8494.3638  0.4745 
   00885    0.4228   -8450.1874  0.4715 
   00886    0.3860   -8472.9548  0.4723 
   00887    0.4184   -8461.2497  0.4678 
   00888    0.4196   -8473.0162  0.4718 
   00889    0.4116   -8457.5801  0.4686 
   00890    0.4264   -8485.2363  0.4647 
   00891    0.4140   -8505.8954  0.4649 
   00892    0.4152   -8483.7562  0.4640 
   00893    0.4188   -8469.2788  0.4667 
   00894    0.4088   -8468.8361  0.4601 
   00895    0.4236   -8432.6817  0.4629 
   00896    0.4168   -8478.2071  0.4682 
   00897    0.4104   -8493.8297  0.4696 
   00898    0.4168   -8484.9387  0.4644 
   00899    0.4228   -8501.6121  0.4650 
   00900    0.4236   -8486.5164  0.4599 
   00901    0.4164   -8460.7111  0.4583 
   00902    0.3848   -8489.6665  0.4556 
   00903    0.4220   -8469.0798  0.4521 
   00904    0.4004   -8516.5291  0.4537 
   00905    0.4108   -8542.8326  0.4520 
   00906    0.4116   -8565.0017  0.4482 
   00907    0.4288   -8518.8558  0.4476 
   00908    0.4068   -8506.5241  0.4515 
   00909    0.4028   -8504.9996  0.4544 
   00910    0.4260   -8476.6290  0.4485 
   00911    0.4196   -8463.5117  0.4428 
   00912    0.4056   -8463.8090  0.4487 
   00913    0.4184   -8435.1586  0.4473 
   00914    0.4100   -8451.7547  0.4501 
   00915    0.4272   -8440.2903  0.4528 
   00916    0.4008   -8471.8286  0.4609 
   00917    0.4072   -8476.7586  0.4684 
   00918    0.4136   -8511.5448  0.4666 
   00919    0.4052   -8516.2060  0.4697 
   00920    0.4100   -8504.2665  0.4772 
   00921    0.3968   -8501.2518  0.4778 
   00922    0.3928   -8476.6214  0.4774 
   00923    0.4040   -8523.1444  0.4800 
   00924    0.4004   -8500.8684  0.4844 
   00925    0.4148   -8523.9550  0.4868 
   00926    0.4136   -8531.5826  0.4809 
   00927    0.3956   -8509.7287  0.4779 
   00928    0.4336   -8501.5744  0.4817 
   00929    0.4104   -8480.9443  0.4829 
   00930    0.4140   -8474.1728  0.4823 
   00931    0.4180   -8471.1155  0.4826 
   00932    0.4072   -8480.9658  0.4831 
   00933    0.4060   -8504.9393  0.4791 
   00934    0.4092   -8516.7395  0.4855 
   00935    0.4004   -8494.6324  0.4743 
   00936    0.4264   -8519.5636  0.4794 
   00937    0.4244   -8508.4230  0.4767 
   00938    0.4220   -8547.3907  0.4676 
   00939    0.4036   -8508.8073  0.4726 
   00940    0.4276   -8544.2535  0.4759 
   00941    0.4084   -8527.1949  0.4701 
   00942    0.4244   -8563.8704  0.4684 
   00943    0.4080   -8527.0598  0.4686 
   00944    0.3984   -8531.2511  0.4666 
   00945    0.4116   -8501.2958  0.4626 
   00946    0.4108   -8527.0644  0.4621 
   00947    0.4048   -8551.4512  0.4601 
   00948    0.3888   -8533.1561  0.4578 
   00949    0.4208   -8505.5308  0.4584 
   00950    0.4100   -8496.7122  0.4541 
   00951    0.4116   -8530.9415  0.4532 
   00952    0.4264   -8518.3014  0.4498 
   00953    0.4256   -8513.4843  0.4515 
   00954    0.4108   -8485.3114  0.4507 
   00955    0.3988   -8495.6252  0.4469 
   00956    0.3988   -8524.2613  0.4457 
   00957    0.4108   -8492.5441  0.4438 
   00958    0.4100   -8526.1664  0.4522 
   00959    0.4300   -8552.7092  0.4518 
   00960    0.4024   -8588.9430  0.4526 
   00961    0.4308   -8607.8349  0.4490 
   00962    0.4172   -8616.0177  0.4523 
   00963    0.3996   -8619.2705  0.4502 
   00964    0.3996   -8605.4662  0.4485 
   00965    0.3944   -8638.8137  0.4492 
   00966    0.4084   -8638.3702  0.4503 
   00967    0.4136   -8646.8961  0.4514 
   00968    0.4104   -8627.8479  0.4490 
   00969    0.4056   -8630.1282  0.4507 
   00970    0.3840   -8601.6330  0.4477 
   00971    0.4172   -8546.7576  0.4417 
   00972    0.4220   -8550.8994  0.4419 
   00973    0.4096   -8561.1134  0.4372 
   00974    0.4088   -8578.6283  0.4406 
   00975    0.3996   -8585.4585  0.4456 
   00976    0.4072   -8534.1319  0.4443 
   00977    0.4212   -8520.7540  0.4506 
   00978    0.4272   -8504.2976  0.4536 
   00979    0.3920   -8538.5710  0.4585 
   00980    0.4116   -8559.9638  0.4655 
   00981    0.4076   -8526.3627  0.4617 
   00982    0.4020   -8495.3790  0.4614 
   00983    0.4168   -8489.5157  0.4560 
   00984    0.4216   -8492.2654  0.4515 
   00985    0.4080   -8423.3414  0.4458 
   00986    0.4220   -8459.4118  0.4462 
   00987    0.4156   -8484.7021  0.4461 
   00988    0.3964   -8486.5037  0.4465 
   00989    0.3960   -8488.7370  0.4457 
   00990    0.4132   -8473.7742  0.4421 
   00991    0.4032   -8475.4619  0.4356 
   00992    0.4212   -8453.8998  0.4303 
   00993    0.4088   -8493.3122  0.4286 
   00994    0.4284   -8523.7636  0.4327 
   00995    0.4124   -8524.5379  0.4316 
   00996    0.4104   -8570.3548  0.4364 
   00997    0.4232   -8530.0788  0.4410 
   00998    0.4200   -8549.4966  0.4437 
   00999    0.4168   -8516.6573  0.4403 
   01000    0.4172   -8491.2183  0.4434 
