#=====================================================
# File created:        Wed-29-Oct-2025-at-10-10-55PM
# Size of lattice:     50x50
# Number of MC steps:  1000
# Reduced temperature: 0.500
# Run time (s):        32.134237
#=====================================================
# MC step:  Ratio:     Energy:   Order:
#=====================================================
   00000    0.5000   -2465.6023  0.2653 
   00001    0.6832   -3629.7334  0.2784 
   00002    0.6184   -4406.4260  0.2910 
   00003    0.5884   -5006.3301  0.2995 
   00004    0.5532   -5459.7504  0.3092 
   00005    0.5404   -5806.2011  0.3030 
   00006    0.5328   -6131.6294  0.3040 
   00007    0.5096   -6386.5965  0.3073 
   00008    0.5132   -6600.7063  0.3109 
   00009    0.4972   -6765.1331  0.3151 
   00010    0.4632   -6907.6242  0.3099 
   00011    0.4672   -7024.6040  0.3151 
   00012    0.4496   -7139.8200  0.3157 
   00013    0.4668   -7238.1411  0.3103 
   00014    0.4620   -7273.1334  0.3055 
   00015    0.4548   -7329.4348  0.3110 
   00016    0.4568   -7397.0876  0.3157 
   00017    0.4416   -7466.1261  0.3154 
   00018    0.4484   -7536.9606  0.3117 
   00019    0.4440   -7529.5326  0.3216 
   00020    0.4428   -7573.8473  0.3191 
   00021    0.4488   -7586.7570  0.3141 
   00022    0.4500   -7591.4073  0.3150 
   00023    0.4564   -7626.6040  0.3243 
   00024    0.4420   -7646.9199  0.3249 
   00025    0.4512   -7716.5086  0.3182 
   00026    0.4412   -7731.6731  0.3206 
   00027    0.4384   -7714.1072  0.3201 
   00028    0.4512   -7781.5408  0.3179 
   00029    0.4560   -7724.6361  0.3188 
   00030    0.4356   -7722.6089  0.3114 
   00031    0.4604   -7803.2368  0.3075 
   00032    0.4452   -7818.1575  0.3129 
   00033    0.4224   -7832.7284  0.3125 
   00034    0.4180   -7886.0684  0.3066 
   00035    0.4248   -7875.7949  0.3075 
   00036    0.4408   -7888.9219  0.3075 
   00037    0.4284   -7905.8261  0.3066 
   00038    0.4372   -7878.7914  0.3026 
   00039    0.4436   -7949.3687  0.2975 
   00040    0.4264   -7984.6177  0.2934 
   00041    0.4328   -8005.3729  0.2988 
   00042    0.4336   -8023.6526  0.3057 
   00043    0.4056   -8012.4237  0.3035 
   00044    0.4388   -7986.3458  0.3088 
   00045    0.4312   -7937.8177  0.3156 
   00046    0.4340   -7945.2215  0.3183 
   00047    0.4236   -7992.9774  0.3201 
   00048    0.4252   -8037.9927  0.3211 
   00049    0.4324   -8060.4097  0.3134 
   00050    0.4360   -8028.2426  0.3153 
   00051    0.4424   -8004.4433  0.3164 
   00052    0.4256   -8020.3724  0.3084 
   00053    0.4292   -8017.3320  0.3043 
   00054    0.4188   -8066.0945  0.3084 
   00055    0.4280   -8090.9293  0.3062 
   00056    0.4172   -8070.8658  0.3045 
   00057    0.4304   -8119.4896  0.3006 
   00058    0.4164   -8131.3419  0.3069 
   00059    0.4300   -8152.1597  0.3136 
   00060    0.4100   -8197.2852  0.3174 
   00061    0.4308   -8169.7552  0.3222 
   00062    0.4300   -8174.2258  0.3236 
   00063    0.4268   -8190.8509  0.3216 
   00064    0.4380   -8165.6119  0.3225 
   00065    0.4156   -8163.9908  0.3215 
   00066    0.4224   -8176.7336  0.3250 
   00067    0.4384   -8175.7669  0.3182 
   00068    0.4300   -8170.9652  0.3197 
   00069    0.4252   -8163.8235  0.3171 
   00070    0.4160   -8201.6208  0.3190 
   00071    0.4448   -8148.3825  0.3215 
   00072    0.4128   -8176.1636  0.3244 
   00073    0.4352   -8225.9722  0.3285 
   00074    0.4372   -8246.2716  0.3320 
   00075    0.4240   -8227.7432  0.3340 
   00076    0.4060   -8268.6607  0.3316 
   00077    0.4304   -8267.2490  0.3353 
   00078    0.4252   -8278.4654  0.3338 
   00079    0.4148   -8274.0574  0.3354 
   00080    0.4076   -8229.8809  0.3414 
   00081    0.4176   -8288.4111  0.3518 
   00082    0.4256   -8278.3122  0.3499 
   00083    0.4204   -8301.9167  0.3451 
   00084    0.4128   -8302.2664  0.3417 
   00085    0.4204   -8309.7318  0.3488 
   00086    0.4184   -8286.8026  0.3453 
   00087    0.4300   -8315.8291  0.3518 
   00088    0.4040   -8296.1726  0.3529 
   00089    0.4116   -8310.4015  0.3482 
   00090    0.4356   -8272.1054  0.3492 
   00091    0.4280   -8234.6709  0.3539 
   00092    0.4256   -8215.4996  0.3555 
   00093    0.4140   -8193.3176  0.3591 
   00094    0.4220   -8212.0507  0.3590 
   00095    0.4220   -8240.0781  0.3624 
   00096    0.4260   -8200.9760  0.3682 
   00097    0.4256   -8198.5671  0.3597 
   00098    0.4324   -8168.7765  0.3553 
   00099    0.4176   -8163.4347  0.3493 
   00100    0.4360   -8171.4554  0.3478 
   00101    0.4312   -8222.5685  0.3505 
   00102    0.4268   -8188.6821  0.3530 
   00103    0.4492   -8190.9447  0.3589 
   00104    0.4232   -8229.5736  0.3646 
   00105    0.4212   -8216.2100  0.3635 
   00106    0.4376   -8271.6679  0.3643 
   00107    0.4240   -8311.1034  0.3612 
   00108    0.4180   -8339.4749  0.3656 
   00109    0.4344   -8365.9299  0.3706 
   00110    0.4172   -8339.4852  0.3709 
   00111    0.4232   -8325.7573  0.3692 
   00112    0.4320   -8317.5902  0.3759 
   00113    0.4296   -8284.6428  0.3770 
   00114    0.4096   -8305.8248  0.3701 
   00115    0.3972   -8306.5506  0.3619 
   00116    0.4316   -8289.3568  0.3580 
   00117    0.4088   -8309.4377  0.3576 
   00118    0.4116   -8316.8217  0.3580 
   00119    0.4016   -8320.2213  0.3653 
   00120    0.4080   -8337.0579  0.3646 
   00121    0.4300   -8326.3428  0.3634 
   00122    0.4032   -8319.0383  0.3560 
   00123    0.4268   -8320.0706  0.3616 
   00124    0.4224   -8318.4325  0.3583 
   00125    0.4388   -8299.1641  0.3551 
   00126    0.3972   -8311.4764  0.3578 
   00127    0.4108   -8309.1651  0.3514 
   00128    0.4152   -8327.3973  0.3535 
   00129    0.4224   -8314.0494  0.3532 
   00130    0.4156   -8289.0041  0.3545 
   00131    0.4192   -8307.1846  0.3447 
   00132    0.4080   -8296.5406  0.3431 
   00133    0.4068   -8308.6454  0.3413 
   00134    0.4204   -8258.6996  0.3399 
   00135    0.4368   -8256.2361  0.3395 
   00136    0.3996   -8275.6554  0.3435 
   00137    0.4092   -8322.2368  0.3373 
   00138    0.4220   -8351.1698  0.3411 
   00139    0.4128   -8351.5457  0.3449 
   00140    0.4348   -8363.9276  0.3425 
   00141    0.4228   -8379.5611  0.3434 
   00142    0.4332   -8441.2656  0.3398 
   00143    0.4176   -8468.9790  0.3467 
   00144    0.4304   -8439.3254  0.3552 
   00145    0.4128   -8443.5282  0.3594 
   00146    0.3908   -8452.7280  0.3638 
   00147    0.4108   -8451.7088  0.3648 
   00148    0.3952   -8451.9360  0.3597 
   00149    0.4184   -8465.0951  0.3641 
   00150    0.3908   -8461.3785  0.3627 
   00151    0.4320   -8403.2378  0.3633 
   00152    0.4092   -8419.4343  0.3696 
   00153    0.4120   -8397.1974  0.3725 
   00154    0.4176   -8365.8649  0.3700 
   00155    0.4312   -8355.3729  0.3754 
   00156    0.4232   -8380.7028  0.3797 
   00157    0.4156   -8372.8046  0.3803 
   00158    0.4264   -8380.4658  0.3833 
   00159    0.4180   -8405.7350  0.3854 
   00160    0.4288   -8374.1958  0.3922 
   00161    0.4356   -8331.3534  0.3886 
   00162    0.4208   -8384.8486  0.3896 
   00163    0.4240   -8367.3851  0.3888 
   00164    0.4144   -8395.9326  0.3824 
   00165    0.4160   -8396.2844  0.3849 
   00166    0.4288   -8360.1472  0.3871 
   00167    0.3968   -8335.6011  0.3869 
   00168    0.3956   -8292.2511  0.3888 
   00169    0.4312   -8325.3684  0.3867 
   00170    0.4112   -8364.0092  0.3849 
   00171    0.4116   -8406.2678  0.3854 
   00172    0.4152   -8374.8522  0.3799 
   00173    0.3992   -8406.8028  0.3859 
   00174    0.4204   -8412.0664  0.3875 
   00175    0.3928   -8406.6413  0.3913 
   00176    0.4156   -8473.9630  0.4031 
   00177    0.4008   -8411.0270  0.4045 
   00178    0.4200   -8439.7395  0.4050 
   00179    0.4184   -8352.8630  0.4031 
   00180    0.4076   -8409.3534  0.3997 
   00181    0.4116   -8377.9914  0.3992 
   00182    0.3996   -8419.0622  0.4068 
   00183    0.3940   -8401.8494  0.4078 
   00184    0.4092   -8400.0338  0.4108 
   00185    0.4264   -8414.2535  0.4133 
   00186    0.4156   -8383.8789  0.4017 
   00187    0.4136   -8360.3695  0.4070 
   00188    0.4204   -8405.2434  0.4118 
   00189    0.4148   -8435.6634  0.4175 
   00190    0.3992   -8448.0128  0.4250 
   00191    0.4104   -8438.6692  0.4246 
   00192    0.4124   -8450.5229  0.4143 
   00193    0.4020   -8436.3632  0.4121 
   00194    0.4060   -8432.8973  0.4066 
   00195    0.4272   -8436.6388  0.4044 
   00196    0.4208   -8446.6350  0.4047 
   00197    0.4220   -8434.0911  0.4053 
   00198    0.4144   -8363.8823  0.4063 
   00199    0.4012   -8362.7777  0.4007 
   00200    0.4340   -8329.0296  0.4012 
   00201    0.4324   -8308.8627  0.3948 
   00202    0.4256   -8325.7762  0.3963 
   00203    0.4172   -8355.7360  0.4001 
   00204    0.4204   -8409.9240  0.4056 
   00205    0.4120   -8408.8085  0.4032 
   00206    0.4132   -8368.5895  0.4059 
   00207    0.4292   -8401.0738  0.4072 
   00208    0.4236   -8408.4196  0.4053 
   00209    0.4144   -8365.0904  0.4023 
   00210    0.4056   -8387.3755  0.4096 
   00211    0.4156   -8403.1084  0.4138 
   00212    0.4296   -8361.5129  0.4119 
   00213    0.4352   -8424.2306  0.4102 
   00214    0.4244   -8442.4723  0.4153 
   00215    0.4048   -8456.2336  0.4187 
   00216    0.4196   -8424.6811  0.4140 
   00217    0.4216   -8416.0673  0.4223 
   00218    0.4100   -8412.1856  0.4234 
   00219    0.4248   -8437.4000  0.4231 
   00220    0.3976   -8438.7158  0.4309 
   00221    0.3916   -8415.6696  0.4352 
   00222    0.4232   -8419.3739  0.4390 
   00223    0.4068   -8493.9263  0.4358 
   00224    0.4224   -8530.6715  0.4343 
   00225    0.4140   -8535.2543  0.4379 
   00226    0.4036   -8527.8686  0.4388 
   00227    0.4028   -8498.5652  0.4464 
   00228    0.4088   -8567.4879  0.4419 
   00229    0.4184   -8500.5553  0.4406 
   00230    0.4212   -8523.1004  0.4384 
   00231    0.4064   -8522.9318  0.4397 
   00232    0.4132   -8507.6334  0.4406 
   00233    0.4064   -8450.5014  0.4382 
   00234    0.4084   -8497.2673  0.4390 
   00235    0.4088   -8495.3493  0.4369 
   00236    0.4208   -8482.7337  0.4361 
   00237    0.4292   -8440.8119  0.4337 
   00238    0.4256   -8482.8699  0.4364 
   00239    0.4208   -8502.9441  0.4357 
   00240    0.3976   -8494.8919  0.4417 
   00241    0.4088   -8491.0305  0.4413 
   00242    0.4252   -8507.9629  0.4414 
   00243    0.4032   -8493.8245  0.4399 
   00244    0.3940   -8498.2160  0.4380 
   00245    0.4188   -8479.9870  0.4324 
   00246    0.4064   -8479.5700  0.4354 
   00247    0.4196   -8481.7345  0.4266 
   00248    0.4040   -8532.0306  0.4273 
   00249    0.4072   -8515.9888  0.4294 
   00250    0.4264   -8501.1571  0.4226 
   00251    0.4092   -8499.2199  0.4259 
   00252    0.4124   -8501.1183  0.4246 
   00253    0.4164   -8461.9689  0.4206 
   00254    0.4040   -8497.5059  0.4160 
   00255    0.4204   -8458.3751  0.4199 
   00256    0.4036   -8454.3380  0.4251 
   00257    0.4128   -8497.1933  0.4259 
   00258    0.4160   -8492.2898  0.4228 
   00259    0.4208   -8461.0495  0.4255 
   00260    0.4052   -8459.1049  0.4280 
   00261    0.4052   -8438.1246  0.4292 
   00262    0.4148   -8426.9941  0.4354 
   00263    0.4264   -8475.8072  0.4350 
   00264    0.4084   -8497.5421  0.4318 
   00265    0.3952   -8524.1461  0.4313 
   00266    0.4012   -8552.9523  0.4283 
   00267    0.4328   -8507.8211  0.4284 
   00268    0.4192   -8474.7510  0.4295 
   00269    0.4420   -8465.8650  0.4276 
   00270    0.4080   -8458.1081  0.4282 
   00271    0.3996   -8458.1347  0.4288 
   00272    0.3988   -8481.2987  0.4316 
   00273    0.3876   -8489.9378  0.4266 
   00274    0.4216   -8490.8450  0.4272 
   00275    0.4116   -8446.9377  0.4229 
   00276    0.4052   -8451.9931  0.4223 
   00277    0.4092   -8444.7318  0.4159 
   00278    0.4108   -8439.9356  0.4164 
   00279    0.4220   -8468.5063  0.4161 
   00280    0.4232   -8488.6234  0.4103 
   00281    0.4212   -8477.3865  0.4130 
   00282    0.3976   -8457.0693  0.4124 
   00283    0.4276   -8400.0142  0.4166 
   00284    0.4060   -8418.8590  0.4203 
   00285    0.4268   -8403.2424  0.4176 
   00286    0.4212   -8408.3860  0.4205 
   00287    0.3848   -8395.0682  0.4207 
   00288    0.4192   -8423.8732  0.4190 
   00289    0.4200   -8460.7454  0.4207 
   00290    0.4168   -8502.7101  0.4232 
   00291    0.4156   -8482.9451  0.4224 
   00292    0.4388   -8528.2581  0.4199 
   00293    0.4044   -8456.4274  0.4167 
   00294    0.4188   -8450.1690  0.4138 
   00295    0.4024   -8458.6019  0.4173 
   00296    0.4136   -8439.6029  0.4103 
   00297    0.4268   -8473.2360  0.4056 
   00298    0.4160   -8490.8728  0.4068 
   00299    0.4144   -8483.9485  0.4082 
   00300    0.4332   -8420.5221  0.4111 
   00301    0.3972   -8417.9526  0.4096 
   00302    0.4080   -8474.1367  0.4149 
   00303    0.3988   -8448.0591  0.4179 
   00304    0.4000   -8484.3173  0.4169 
   00305    0.4004   -8491.0683  0.4133 
   00306    0.4096   -8449.3171  0.4116 
   00307    0.3928   -8449.4069  0.4094 
   00308    0.4092   -8443.4730  0.4032 
   00309    0.4040   -8470.1094  0.4009 
   00310    0.4052   -8470.4400  0.3980 
   00311    0.4044   -8482.1142  0.3984 
   00312    0.3952   -8455.7415  0.3997 
   00313    0.4140   -8481.6205  0.4031 
   00314    0.4188   -8476.5759  0.3991 
   00315    0.4060   -8501.5965  0.3999 
   00316    0.4244   -8509.4213  0.3954 
   00317    0.4196   -8496.4989  0.3944 
   00318    0.4192   -8487.2311  0.3923 
   00319    0.4052   -8465.0997  0.3965 
   00320    0.4044   -8511.3324  0.4002 
   00321    0.4088   -8505.8972  0.4054 
   00322    0.4136   -8506.2735  0.4063 
   00323    0.4208   -8489.2498  0.3962 
   00324    0.4008   -8492.9791  0.3979 
   00325    0.4104   -8521.8039  0.4042 
   00326    0.4040   -8490.7791  0.4089 
   00327    0.4224   -8486.3391  0.4065 
   00328    0.4080   -8502.8812  0.4085 
   00329    0.4248   -8482.6167  0.4093 
   00330    0.4024   -8479.5722  0.4061 
   00331    0.4040   -8499.1543  0.4162 
   00332    0.4060   -8526.7785  0.4131 
   00333    0.4180   -8502.4554  0.4080 
   00334    0.4096   -8507.1207  0.4115 
   00335    0.4168   -8529.4225  0.4138 
   00336    0.4100   -8507.1472  0.4165 
   00337    0.4160   -8472.1262  0.4141 
   00338    0.4096   -8456.0622  0.4084 
   00339    0.4136   -8503.6357  0.4084 
   00340    0.4068   -8492.7945  0.4153 
   00341    0.3968   -8524.4024  0.4204 
   00342    0.4008   -8506.5045  0.4265 
   00343    0.3992   -8500.9387  0.4242 
   00344    0.4184   -8505.3075  0.4251 
   00345    0.4004   -8507.3278  0.4242 
   00346    0.4280   -8506.3187  0.4259 
   00347    0.4236   -8499.0868  0.4253 
   00348    0.4076   -8558.2341  0.4266 
   00349    0.4040   -8586.6451  0.4249 
   00350    0.4044   -8515.3392  0.4197 
   00351    0.4104   -8548.7714  0.4246 
   00352    0.3988   -8518.2510  0.4276 
   00353    0.4148   -8533.7875  0.4307 
   00354    0.4052   -8545.5274  0.4261 
   00355    0.3940   -8537.7943  0.4224 
   00356    0.4152   -8513.0273  0.4183 
   00357    0.3908   -8536.3406  0.4135 
   00358    0.3988   -8526.9743  0.4149 
   00359    0.4016   -8544.6731  0.4179 
   00360    0.3964   -8527.1506  0.4218 
   00361    0.4168   -8541.1846  0.4248 
   00362    0.4112   -8544.8282  0.4280 
   00363    0.4104   -8500.8758  0.4241 
   00364    0.4120   -8502.3604  0.4243 
   00365    0.4124   -8469.9670  0.4271 
   00366    0.4244   -8523.3271  0.4320 
   00367    0.3992   -8524.0353  0.4327 
   00368    0.4176   -8501.1743  0.4268 
   00369    0.4348   -8498.6535  0.4252 
   00370    0.4064   -8498.4428  0.4232 
   00371    0.4068   -8488.9913  0.4241 
   00372    0.4232   -8472.9604  0.4273 
   00373    0.4340   -8446.9017  0.4290 
   00374    0.4056   -8470.8406  0.4262 
   00375    0.4216   -8452.7160  0.4208 
   00376    0.4048   -8479.0490  0.4196 
   00377    0.4228   -8443.2380  0.4163 
   00378    0.4096   -8471.6274  0.4163 
   00379    0.4184   -8447.9333  0.4142 
   00380    0.4036   -8484.9350  0.4148 
   00381    0.4124   -8468.2421  0.4149 
   00382    0.4148   -8401.8978  0.4187 
   00383    0.4220   -8449.3131  0.4235 
   00384    0.4116   -8472.2318  0.4231 
   00385    0.4004   -8499.6594  0.4166 
   00386    0.4172   -8500.0153  0.4142 
   00387    0.4172   -8467.2697  0.4102 
   00388    0.4104   -8445.2760  0.4115 
   00389    0.4140   -8452.1874  0.4108 
   00390    0.4244   -8460.9463  0.4090 
   00391    0.4172   -8496.1208  0.4130 
   00392    0.4224   -8439.2893  0.4144 
   00393    0.4276   -8495.1421  0.4123 
   00394    0.4060   -8449.5557  0.4135 
   00395    0.4144   -8447.6556  0.4207 
   00396    0.4144   -8467.7989  0.4213 
   00397    0.4324   -8448.7243  0.4271 
   00398    0.3868   -8460.7649  0.4226 
   00399    0.4184   -8524.4050  0.4295 
   00400    0.4116   -8455.9951  0.4277 
   00401    0.4096   -8457.5789  0.4349 
   00402    0.4056   -8467.9974  0.4370 
   00403    0.4044   -8449.5244  0.4368 
   00404    0.3932   -8477.6907  0.4357 
   00405    0.4068   -8476.6918  0.4386 
   00406    0.4228   -8475.5579  0.4410 
   00407    0.4164   -8449.3957  0.4480 
   00408    0.4048   -8490.3322  0.4481 
   00409    0.4176   -8460.2958  0.4488 
   00410    0.4168   -8513.0098  0.4498 
   00411    0.4088   -8509.3753  0.4485 
   00412    0.4252   -8528.9992  0.4516 
   00413    0.4092   -8512.0640  0.4529 
   00414    0.4040   -8544.4379  0.4502 
   00415    0.4180   -8520.8623  0.4513 
   00416    0.3884   -8519.2680  0.4493 
   00417    0.4184   -8548.9166  0.4555 
   00418    0.4236   -8560.2613  0.4522 
   00419    0.4096   -8547.8177  0.4497 
   00420    0.4160   -8587.8308  0.4562 
   00421    0.4088   -8555.4699  0.4530 
   00422    0.4068   -8561.4310  0.4540 
   00423    0.4156   -8545.2144  0.4477 
   00424    0.4156   -8517.1843  0.4481 
   00425    0.4096   -8487.3419  0.4480 
   00426    0.4100   -8498.8155  0.4547 
   00427    0.4240   -8512.5704  0.4623 
   00428    0.4116   -8504.8286  0.4575 
   00429    0.3976   -8491.9553  0.4513 
   00430    0.4088   -8528.4445  0.4570 
   00431    0.4016   -8514.8294  0.4592 
   00432    0.4076   -8518.3926  0.4619 
   00433    0.4084   -8511.1585  0.4632 
   00434    0.4232   -8505.8978  0.4532 
   00435    0.4308   -8505.7245  0.4521 
   00436    0.4076   -8475.2954  0.4572 
   00437    0.4164   -8467.4909  0.4524 
   00438    0.4252   -8471.6521  0.4408 
   00439    0.4088   -8507.0766  0.4407 
   00440    0.4104   -8512.9007  0.4433 
   00441    0.4216   -8475.4782  0.4422 
   00442    0.4248   -8524.7455  0.4374 
   00443    0.4144   -8493.0910  0.4394 
   00444    0.4000   -8478.0871  0.4309 
   00445    0.4232   -8488.4538  0.4333 
   00446    0.4200   -8507.5239  0.4308 
   00447    0.4148   -8504.4475  0.4323 
   00448    0.3964   -8512.0420  0.4292 
   00449    0.4228   -8519.4570  0.4298 
   00450    0.4108   -8536.2925  0.4297 
   00451    0.4052   -8528.8233  0.4311 
   00452    0.4136   -8547.6646  0.4303 
   00453    0.4240   -8569.0900  0.4243 
   00454    0.4076   -8536.4383  0.4297 
   00455    0.4060   -8546.9470  0.4338 
   00456    0.4128   -8547.2854  0.4287 
   00457    0.4024   -8519.9764  0.4308 
   00458    0.3960   -8503.3070  0.4333 
   00459    0.4064   -8516.2098  0.4369 
   00460    0.4116   -8522.3992  0.4387 
   00461    0.3960   -8499.9361  0.4425 
   00462    0.4124   -8508.2504  0.4455 
   00463    0.4188   -8561.0230  0.4441 
   00464    0.4072   -8510.9380  0.4457 
   00465    0.4268   -8477.6525  0.4472 
   00466    0.4144   -8482.0017  0.4461 
   00467    0.3988   -8535.2591  0.4429 
   00468    0.4248   -8459.6335  0.4370 
   00469    0.4180   -8449.9714  0.4302 
   00470    0.4120   -8422.1087  0.4251 
   00471    0.4232   -8412.8110  0.4194 
   00472    0.4124   -8415.3911  0.4221 
   00473    0.3940   -8407.2697  0.4263 
   00474    0.4236   -8434.3745  0.4199 
   00475    0.4032   -8456.3498  0.4197 
   00476    0.4096   -8478.7697  0.4203 
   00477    0.3904   -8500.8729  0.4147 
   00478    0.4116   -8495.3769  0.4155 
   00479    0.4012   -8473.8584  0.4141 
   00480    0.4188   -8468.6806  0.4168 
   00481    0.4016   -8446.7496  0.4140 
   00482    0.4216   -8471.4656  0.4212 
   00483    0.4108   -8479.8734  0.4269 
   00484    0.4024   -8503.9807  0.4201 
   00485    0.4076   -8515.4917  0.4124 
   00486    0.4096   -8512.0033  0.4067 
   00487    0.4088   -8488.2789  0.4066 
   00488    0.4196   -8491.1440  0.4134 
   00489    0.4220   -8468.7836  0.4107 
   00490    0.4032   -8463.3296  0.4131 
   00491    0.3924   -8439.6334  0.4054 
   00492    0.4096   -8440.0497  0.4029 
   00493    0.4140   -8473.9780  0.4113 
   00494    0.4176   -8500.2090  0.4120 
   00495    0.4236   -8469.8077  0.4133 
   00496    0.4264   -8485.7020  0.4106 
   00497    0.4120   -8467.9317  0.4105 
   00498    0.4200   -8449.5201  0.4138 
   00499    0.4052   -8437.5904  0.4121 
   00500    0.4188   -8469.5254  0.4066 
   00501    0.4076   -8486.7318  0.4049 
   00502    0.4164   -8430.2255  0.4018 
   00503    0.4204   -8462.9952  0.4071 
   00504    0.3972   -8502.9398  0.4147 
   00505    0.4156   -8494.3961  0.4091 
   00506    0.4012   -8474.2084  0.4090 
   00507    0.4160   -8473.2309  0.4158 
   00508    0.4052   -8488.6057  0.4114 
   00509    0.4260   -8522.2196  0.4076 
   00510    0.4196   -8531.5944  0.4076 
   00511    0.4188   -8533.4683  0.4112 
   00512    0.4040   -8521.7486  0.4103 
   00513    0.4208   -8530.9117  0.4144 
   00514    0.4040   -8485.2362  0.4115 
   00515    0.4104   -8445.3000  0.4118 
   00516    0.4120   -8449.3572  0.4166 
   00517    0.4096   -8454.4318  0.4155 
   00518    0.4044   -8454.9528  0.4206 
   00519    0.4212   -8506.9922  0.4219 
   00520    0.4200   -8479.6629  0.4236 
   00521    0.4120   -8512.2085  0.4256 
   00522    0.4260   -8484.0760  0.4232 
   00523    0.4232   -8468.0203  0.4242 
   00524    0.4288   -8407.5045  0.4266 
   00525    0.4104   -8427.9946  0.4286 
   00526    0.4068   -8429.4864  0.4275 
   00527    0.4016   -8456.0619  0.4311 
   00528    0.4176   -8535.2961  0.4368 
   00529    0.4148   -8519.3929  0.4346 
   00530    0.3960   -8500.7201  0.4396 
   00531    0.4072   -8457.4368  0.4386 
   00532    0.4116   -8468.5518  0.4421 
   00533    0.4064   -8506.7816  0.4397 
   00534    0.4156   -8501.3432  0.4332 
   00535    0.4224   -8538.4483  0.4381 
   00536    0.3928   -8517.9644  0.4412 
   00537    0.4160   -8502.7042  0.4469 
   00538    0.4024   -8490.6063  0.4487 
   00539    0.4108   -8455.4358  0.4423 
   00540    0.4120   -8471.1287  0.4398 
   00541    0.4144   -8488.2420  0.4401 
   00542    0.4256   -8465.5525  0.4410 
   00543    0.4104   -8499.4465  0.4425 
   00544    0.4192   -8498.6748  0.4411 
   00545    0.3992   -8545.0076  0.4448 
   00546    0.3944   -8544.0892  0.4443 
   00547    0.3932   -8572.4757  0.4506 
   00548    0.4276   -8531.1663  0.4463 
   00549    0.4128   -8586.9932  0.4472 
   00550    0.4104   -8591.4994  0.4394 
   00551    0.4232   -8580.1052  0.4375 
   00552    0.4172   -8536.0094  0.4366 
   00553    0.4052   -8489.8665  0.4402 
   00554    0.4060   -8475.7229  0.4411 
   00555    0.4144   -8474.9059  0.4442 
   00556    0.4028   -8464.5539  0.4517 
   00557    0.4344   -8523.4936  0.4460 
   00558    0.4144   -8530.1330  0.4513 
   00559    0.4128   -8489.4495  0.4452 
   00560    0.3980   -8522.4486  0.4532 
   00561    0.4188   -8559.7060  0.4560 
   00562    0.4208   -8593.0586  0.4562 
   00563    0.4016   -8588.9577  0.4580 
   00564    0.4084   -8582.5693  0.4580 
   00565    0.4064   -8625.1939  0.4637 
   00566    0.4052   -8586.4117  0.4681 
   00567    0.3932   -8593.1272  0.4668 
   00568    0.4060   -8520.7690  0.4674 
   00569    0.4100   -8473.4961  0.4648 
   00570    0.4140   -8542.0519  0.4652 
   00571    0.4000   -8476.0197  0.4716 
   00572    0.4344   -8511.5301  0.4685 
   00573    0.4252   -8519.7078  0.4676 
   00574    0.4036   -8455.2733  0.4735 
   00575    0.4144   -8448.3653  0.4720 
   00576    0.4248   -8457.7450  0.4676 
   00577    0.4180   -8501.4351  0.4714 
   00578    0.3984   -8528.5272  0.4753 
   00579    0.4124   -8514.7086  0.4737 
   00580    0.4084   -8507.0036  0.4714 
   00581    0.4012   -8460.8676  0.4785 
   00582    0.4200   -8461.9286  0.4799 
   00583    0.4080   -8507.8489  0.4807 
   00584    0.4068   -8492.4750  0.4808 
   00585    0.4212   -8469.4867  0.4791 
   00586    0.4216   -8482.1061  0.4868 
   00587    0.4024   -8477.2497  0.4959 
   00588    0.4160   -8457.9426  0.4895 
   00589    0.4048   -8452.4384  0.4899 
   00590    0.4076   -8453.6994  0.4848 
   00591    0.4012   -8457.1158  0.4816 
   00592    0.4168   -8474.1110  0.4793 
   00593    0.3960   -8506.6146  0.4781 
   00594    0.4136   -8478.8032  0.4771 
   00595    0.4224   -8480.5516  0.4778 
   00596    0.4244   -8502.2851  0.4753 
   00597    0.4112   -8564.5746  0.4794 
   00598    0.4056   -8557.0495  0.4838 
   00599    0.4168   -8578.6293  0.4849 
   00600    0.4040   -8576.3819  0.4796 
   00601    0.4092   -8577.2589  0.4773 
   00602    0.4276   -8537.4450  0.4791 
   00603    0.4228   -8563.2866  0.4761 
   00604    0.4096   -8542.0082  0.4766 
   00605    0.4032   -8575.0325  0.4718 
   00606    0.4124   -8585.5303  0.4686 
   00607    0.4220   -8562.6223  0.4641 
   00608    0.4144   -8559.0789  0.4632 
   00609    0.4052   -8560.0557  0.4651 
   00610    0.3908   -8575.7599  0.4657 
   00611    0.4120   -8609.3283  0.4663 
   00612    0.4168   -8604.7337  0.4657 
   00613    0.4360   -8618.5949  0.4631 
   00614    0.3932   -8589.9622  0.4574 
   00615    0.4036   -8541.5900  0.4551 
   00616    0.4028   -8542.2289  0.4561 
   00617    0.4100   -8498.8895  0.4609 
   00618    0.4080   -8508.8741  0.4602 
   00619    0.4032   -8507.9755  0.4632 
   00620    0.4028   -8448.7638  0.4575 
   00621    0.4052   -8499.8006  0.4579 
   00622    0.4112   -8473.6751  0.4561 
   00623    0.4132   -8457.4162  0.4519 
   00624    0.3992   -8495.4774  0.4485 
   00625    0.4104   -8527.0001  0.4538 
   00626    0.4120   -8521.8630  0.4526 
   00627    0.4192   -8512.1515  0.4493 
   00628    0.4220   -8538.5152  0.4518 
   00629    0.3984   -8529.0740  0.4483 
   00630    0.4048   -8485.9306  0.4485 
   00631    0.4060   -8520.9607  0.4481 
   00632    0.4044   -8505.4588  0.4521 
   00633    0.3996   -8514.6947  0.4527 
   00634    0.4196   -8574.1327  0.4558 
   00635    0.4168   -8559.5013  0.4579 
   00636    0.4068   -8574.9689  0.4575 
   00637    0.4072   -8517.8180  0.4604 
   00638    0.4252   -8474.7717  0.4588 
   00639    0.3912   -8462.8033  0.4608 
   00640    0.4244   -8453.2029  0.4546 
   00641    0.4152   -8416.5669  0.4484 
   00642    0.4068   -8442.4097  0.4493 
   00643    0.4120   -8444.9141  0.4478 
   00644    0.4212   -8486.9983  0.4565 
   00645    0.4088   -8503.5889  0.4546 
   00646    0.4004   -8519.0702  0.4553 
   00647    0.4184   -8489.5257  0.4587 
   00648    0.4068   -8513.2440  0.4614 
   00649    0.3924   -8509.8165  0.4674 
   00650    0.3924   -8497.9064  0.4698 
   00651    0.4192   -8515.3625  0.4741 
   00652    0.4204   -8499.6678  0.4776 
   00653    0.4060   -8517.2367  0.4768 
   00654    0.4140   -8486.1949  0.4738 
   00655    0.4200   -8531.8133  0.4746 
   00656    0.4068   -8513.5247  0.4790 
   00657    0.4036   -8542.0419  0.4763 
   00658    0.4116   -8544.9125  0.4775 
   00659    0.4064   -8571.0252  0.4780 
   00660    0.4172   -8580.6355  0.4788 
   00661    0.3984   -8546.3961  0.4834 
   00662    0.4120   -8507.7967  0.4814 
   00663    0.4152   -8537.2429  0.4792 
   00664    0.4128   -8512.6763  0.4742 
   00665    0.4056   -8450.2220  0.4710 
   00666    0.3840   -8474.6955  0.4705 
   00667    0.4160   -8499.5274  0.4721 
   00668    0.4088   -8505.8150  0.4796 
   00669    0.4000   -8552.5045  0.4839 
   00670    0.4128   -8507.9807  0.4910 
   00671    0.4068   -8516.6415  0.4976 
   00672    0.3984   -8502.9006  0.4872 
   00673    0.4168   -8501.9760  0.4846 
   00674    0.4080   -8460.2238  0.4818 
   00675    0.4172   -8462.3807  0.4758 
   00676    0.4208   -8528.5890  0.4791 
   00677    0.4128   -8498.4789  0.4842 
   00678    0.4276   -8500.3134  0.4938 
   00679    0.4164   -8534.7057  0.4893 
   00680    0.4048   -8529.8247  0.4930 
   00681    0.4060   -8554.4684  0.4942 
   00682    0.4040   -8523.8610  0.4928 
   00683    0.4108   -8450.3452  0.4850 
   00684    0.4068   -8460.8758  0.4870 
   00685    0.4056   -8413.4782  0.4842 
   00686    0.4260   -8441.6191  0.4864 
   00687    0.4088   -8472.1468  0.4788 
   00688    0.4096   -8473.9019  0.4866 
   00689    0.4096   -8443.7787  0.4890 
   00690    0.4140   -8420.6123  0.4892 
   00691    0.4112   -8418.8399  0.4878 
   00692    0.4180   -8452.7995  0.4824 
   00693    0.4236   -8464.7142  0.4811 
   00694    0.4100   -8436.4691  0.4817 
   00695    0.3956   -8465.3624  0.4789 
   00696    0.4160   -8466.3914  0.4836 
   00697    0.4200   -8457.4129  0.4934 
   00698    0.4092   -8444.5371  0.4906 
   00699    0.4116   -8499.7177  0.4865 
   00700    0.3980   -8510.1832  0.4896 
   00701    0.4076   -8482.7928  0.4849 
   00702    0.4060   -8534.6003  0.4937 
   00703    0.4344   -8524.8161  0.4982 
   00704    0.3996   -8484.7393  0.4908 
   00705    0.4072   -8502.3332  0.4959 
   00706    0.4312   -8506.3348  0.4947 
   00707    0.4316   -8499.9144  0.4942 
   00708    0.4060   -8513.2835  0.4912 
   00709    0.4024   -8498.6158  0.4915 
   00710    0.3904   -8505.2654  0.4869 
   00711    0.4056   -8484.3218  0.4891 
   00712    0.4200   -8445.2205  0.4918 
   00713    0.4312   -8457.8647  0.4894 
   00714    0.4200   -8415.7248  0.4893 
   00715    0.4200   -8425.5534  0.4879 
   00716    0.4064   -8436.6154  0.4841 
   00717    0.4232   -8477.8151  0.4908 
   00718    0.4152   -8523.5840  0.4974 
   00719    0.4180   -8483.7794  0.5009 
   00720    0.3912   -8498.8326  0.5048 
   00721    0.4108   -8540.3519  0.5075 
   00722    0.4028   -8530.0726  0.5087 
   00723    0.4132   -8525.0645  0.5015 
   00724    0.3980   -8527.6278  0.5022 
   00725    0.4308   -8529.4529  0.5021 
   00726    0.4060   -8489.1369  0.4978 
   00727    0.4168   -8497.5463  0.4973 
   00728    0.4080   -8501.7300  0.5020 
   00729    0.4172   -8500.3479  0.5007 
   00730    0.4032   -8501.7804  0.5006 
   00731    0.4128   -8515.3399  0.4946 
   00732    0.4360   -8498.0209  0.4966 
   00733    0.4180   -8536.3522  0.5023 
   00734    0.3964   -8501.2173  0.4941 
   00735    0.3892   -8527.5871  0.4969 
   00736    0.3988   -8540.5547  0.5046 
   00737    0.4104   -8542.8257  0.5087 
   00738    0.4104   -8565.3652  0.5077 
   00739    0.4068   -8582.5409  0.5048 
   00740    0.4076   -8583.4756  0.5031 
   00741    0.3948   -8594.2752  0.4981 
   00742    0.4104   -8627.7858  0.5043 
   00743    0.4008   -8597.4428  0.5040 
   00744    0.4240   -8608.7767  0.5085 
   00745    0.4004   -8550.7898  0.5112 
   00746    0.4188   -8548.7179  0.5106 
   00747    0.4176   -8548.4193  0.5085 
   00748    0.4168   -8520.5105  0.5030 
   00749    0.3952   -8578.8469  0.4976 
   00750    0.4304   -8584.6983  0.5006 
   00751    0.4068   -8584.9045  0.5009 
   00752    0.4152   -8521.2840  0.4984 
   00753    0.4312   -8481.5880  0.4891 
   00754    0.4268   -8510.3418  0.4882 
   00755    0.4060   -8519.6116  0.4912 
   00756    0.4052   -8490.8201  0.4916 
   00757    0.4040   -8490.0210  0.4902 
   00758    0.4184   -8488.6952  0.4943 
   00759    0.4112   -8488.6456  0.4982 
   00760    0.4268   -8481.6337  0.4959 
   00761    0.4248   -8519.1563  0.4966 
   00762    0.4024   -8483.2751  0.4973 
   00763    0.3988   -8463.2816  0.4972 
   00764    0.4008   -8455.6251  0.4983 
   00765    0.4012   -8442.8876  0.4981 
   00766    0.4192   -8459.5064  0.4999 
   00767    0.4148   -8443.6279  0.5047 
   00768    0.4132   -8457.8185  0.5029 
   00769    0.4192   -8442.8544  0.5000 
   00770    0.4112   -8456.1365  0.4955 
   00771    0.4172   -8501.2646  0.4939 
   00772    0.3860   -8501.6510  0.4974 
   00773    0.4152   -8506.4137  0.5004 
   00774    0.3976   -8513.1689  0.5069 
   00775    0.4128   -8475.0280  0.5004 
   00776    0.4064   -8450.1375  0.5012 
   00777    0.4116   -8466.9909  0.5009 
   00778    0.4152   -8523.8516  0.5048 
   00779    0.4128   -8554.2307  0.5063 
   00780    0.3916   -8544.7542  0.5042 
   00781    0.4228   -8509.1325  0.5123 
   00782    0.4300   -8507.5952  0.5172 
   00783    0.4088   -8484.7720  0.5152 
   00784    0.4088   -8506.7161  0.5163 
   00785    0.4200   -8525.7993  0.5168 
   00786    0.4020   -8540.4606  0.5161 
   00787    0.4272   -8538.3628  0.5194 
   00788    0.3864   -8531.8025  0.5147 
   00789    0.4180   -8551.9327  0.5158 
   00790    0.3932   -8553.8388  0.5115 
   00791    0.4116   -8590.5427  0.5123 
   00792    0.4200   -8570.3441  0.5117 
   00793    0.4200   -8580.0680  0.5167 
   00794    0.4068   -8598.8627  0.5193 
   00795    0.4056   -8625.2545  0.5208 
   00796    0.4064   -8619.3865  0.5231 
   00797    0.3852   -8559.7633  0.5215 
   00798    0.4060   -8538.2158  0.5256 
   00799    0.4036   -8517.1757  0.5319 
   00800    0.4156   -8513.8353  0.5377 
   00801    0.4244   -8467.4183  0.5333 
   00802    0.4136   -8443.7591  0.5319 
   00803    0.4124   -8455.2364  0.5315 
   00804    0.4308   -8453.6848  0.5333 
   00805    0.4052   -8448.1513  0.5313 
   00806    0.4060   -8468.6861  0.5311 
   00807    0.3916   -8501.2745  0.5397 
   00808    0.4064   -8482.7025  0.5389 
   00809    0.4096   -8514.7684  0.5397 
   00810    0.4052   -8537.1356  0.5374 
   00811    0.4244   -8540.2080  0.5407 
   00812    0.4072   -8550.2027  0.5374 
   00813    0.4112   -8561.6727  0.5439 
   00814    0.4080   -8567.2275  0.5482 
   00815    0.4064   -8575.0933  0.5417 
   00816    0.4112   -8565.0720  0.5429 
   00817    0.4128   -8608.1514  0.5383 
   00818    0.4172   -8577.6975  0.5440 
   00819    0.4060   -8554.0992  0.5416 
   00820    0.4104   -8558.5838  0.5417 
   00821    0.4012   -8580.6731  0.5428 
   00822    0.4244   -8558.6644  0.5416 
   00823    0.4104   -8557.4652  0.5425 
   00824    0.4036   -8576.5695  0.5455 
   00825    0.4208   -8575.7953  0.5413 
   00826    0.4116   -8538.9034  0.5399 
   00827    0.3932   -8557.8724  0.5408 
   00828    0.4004   -8555.0515  0.5396 
   00829    0.4044   -8566.0903  0.5394 
   00830    0.3936   -8547.7579  0.5401 
   00831    0.4228   -8531.1916  0.5391 
   00832    0.4152   -8592.8540  0.5370 
   00833    0.4004   -8578.5641  0.5344 
   00834    0.3940   -8563.2842  0.5420 
   00835    0.3988   -8582.3783  0.5431 
   00836    0.3920   -8569.9497  0.5422 
   00837    0.3928   -8571.7071  0.5457 
   00838    0.4036   -8576.0609  0.5448 
   00839    0.4244   -8556.7343  0.5489 
   00840    0.3968   -8560.4702  0.5472 
   00841    0.4044   -8572.2253  0.5421 
   00842    0.4180   -8536.8489  0.5423 
   00843    0.4100   -8548.7646  0.5438 
   00844    0.4124   -8532.7792  0.5463 
   00845    0.3924   -8555.1200  0.5472 
   00846    0.4024   -8558.2024  0.5488 
   00847    0.4164   -8550.1419  0.5533 
   00848    0.4140   -8540.6266  0.5499 
   00849    0.4188   -8546.0899  0.5514 
   00850    0.4096   -8536.1816  0.5561 
   00851    0.3976   -8522.2343  0.5527 
   00852    0.4216   -8559.3354  0.5572 
   00853    0.4176   -8506.6308  0.5517 
   00854    0.4140   -8520.5126  0.5558 
   00855    0.3976   -8545.3507  0.5634 
   00856    0.4172   -8566.8795  0.5678 
   00857    0.3988   -8553.2948  0.5681 
   00858    0.4160   -8548.4468  0.5659 
   00859    0.4292   -8511.6077  0.5644 
   00860    0.3964   -8512.0750  0.5640 
   00861    0.4060   -8466.9751  0.5686 
   00862    0.4316   -8508.4786  0.5715 
   00863    0.4144   -8544.6946  0.5746 
   00864    0.4144   -8533.1254  0.5803 
   00865    0.4316   -8535.3941  0.5848 
   00866    0.4100   -8490.9927  0.5822 
   00867    0.4108   -8449.4275  0.5875 
   00868    0.4156   -8496.2573  0.5835 
   00869    0.4232   -8468.2149  0.5817 
   00870    0.4188   -8513.9938  0.5788 
   00871    0.4052   -8552.7140  0.5788 
   00872    0.4176   -8516.8960  0.5770 
   00873    0.4048   -8455.7475  0.5807 
   00874    0.4224   -8513.7792  0.5805 
   00875    0.4120   -8488.2249  0.5825 
   00876    0.4144   -8461.6637  0.5843 
   00877    0.4196   -8491.1314  0.5832 
   00878    0.4124   -8541.5955  0.5848 
   00879    0.4028   -8560.3658  0.5854 
   00880    0.3976   -8553.8175  0.5899 
   00881    0.4076   -8537.2086  0.5862 
   00882    0.4212   -8495.1151  0.5848 
   00883    0.4088   -8475.7032  0.5892 
   00884    0.4144   -8489.2697  0.5882 
   00885    0.4308   -8485.5592  0.5869 
   00886    0.4192   -8503.4352  0.5897 
   00887    0.4100   -8496.6126  0.5886 
   00888    0.4184   -8512.6244  0.5939 
   00889    0.3976   -8533.0284  0.5946 
   00890    0.4208   -8503.7843  0.5956 
   00891    0.4048   -8524.2198  0.5980 
   00892    0.4084   -8481.5007  0.5977 
   00893    0.4228   -8508.8862  0.5990 
   00894    0.4036   -8525.7271  0.5970 
   00895    0.4016   -8518.1600  0.6026 
   00896    0.4068   -8523.7414  0.6057 
   00897    0.4204   -8499.2933  0.6062 
   00898    0.4164   -8508.4913  0.6032 
   00899    0.4252   -8489.0387  0.6053 
   00900    0.4048   -8476.7695  0.6000 
   00901    0.4108   -8523.8351  0.6016 
   00902    0.3992   -8517.2736  0.6052 
   00903    0.4060   -8538.0624  0.6051 
   00904    0.3904   -8516.5250  0.6060 
   00905    0.4040   -8571.2910  0.6077 
   00906    0.4016   -8557.9745  0.6077 
   00907    0.4152   -8568.8474  0.6114 
   00908    0.4072   -8541.6449  0.6048 
   00909    0.4052   -8587.3494  0.6040 
   00910    0.4012   -8583.0889  0.6005 
   00911    0.4084   -8560.2025  0.5991 
   00912    0.4068   -8574.4020  0.5938 
   00913    0.4104   -8529.8562  0.5989 
   00914    0.4072   -8549.7284  0.6026 
   00915    0.4020   -8541.0646  0.6096 
   00916    0.4048   -8544.7962  0.6082 
   00917    0.4060   -8574.0710  0.6068 
   00918    0.4016   -8579.2692  0.6109 
   00919    0.4364   -8583.0323  0.6101 
   00920    0.4060   -8536.9243  0.6058 
   00921    0.3992   -8506.2966  0.6051 
   00922    0.4228   -8511.1567  0.6054 
   00923    0.3972   -8523.4151  0.6098 
   00924    0.4108   -8539.8198  0.6140 
   00925    0.4100   -8476.5790  0.6118 
   00926    0.4188   -8497.4951  0.6103 
   00927    0.4096   -8509.4264  0.6116 
   00928    0.4032   -8553.2931  0.6164 
   00929    0.4136   -8585.1015  0.6157 
   00930    0.4128   -8571.3775  0.6164 
   00931    0.4108   -8570.6121  0.6092 
   00932    0.4088   -8561.0857  0.6090 
   00933    0.4196   -8585.5085  0.6101 
   00934    0.4084   -8591.3387  0.6091 
   00935    0.3972   -8557.2821  0.6093 
   00936    0.4184   -8510.7589  0.6112 
   00937    0.4172   -8541.8760  0.6136 
   00938    0.4044   -8514.9786  0.6166 
   00939    0.4192   -8508.4326  0.6174 
   00940    0.4144   -8514.8414  0.6257 
   00941    0.4348   -8511.3752  0.6271 
   00942    0.4132   -8501.5639  0.6291 
   00943    0.4124   -8539.8449  0.6286 
   00944    0.4108   -8562.2915  0.6319 
   00945    0.4160   -8546.5114  0.6325 
   00946    0.3928   -8520.2190  0.6303 
   00947    0.4032   -8496.0608  0.6273 
   00948    0.4152   -8501.8803  0.6298 
   00949    0.4152   -8517.7743  0.6289 
   00950    0.4020   -8525.3205  0.6305 
   00951    0.4116   -8514.0700  0.6341 
   00952    0.3968   -8522.5688  0.6343 
   00953    0.4036   -8506.5683  0.6318 
   00954    0.4100   -8485.5816  0.6307 
   00955    0.3996   -8491.5853  0.6305 
   00956    0.4176   -8492.0223  0.6308 
   00957    0.4056   -8454.7781  0.6296 
   00958    0.4100   -8473.2634  0.6224 
   00959    0.4104   -8487.1569  0.6242 
   00960    0.4024   -8457.2472  0.6219 
   00961    0.4356   -8457.7786  0.6220 
   00962    0.4288   -8490.0835  0.6286 
   00963    0.4092   -8493.7521  0.6321 
   00964    0.4020   -8498.0116  0.6323 
   00965    0.4192   -8509.4279  0.6337 
   00966    0.4112   -8490.7799  0.6291 
   00967    0.3992   -8554.2856  0.6292 
   00968    0.4064   -8556.2802  0.6346 
   00969    0.3980   -8572.0422  0.6366 
   00970    0.4120   -8522.4054  0.6315 
   00971    0.3980   -8534.6713  0.6295 
   00972    0.4156   -8574.1231  0.6276 
   00973    0.4008   -8546.4460  0.6264 
   00974    0.4192   -8550.9147  0.6268 
   00975    0.4172   -8550.3276  0.6256 
   00976    0.3992   -8538.6353  0.6267 
   00977    0.4012   -8534.5307  0.6227 
   00978    0.4068   -8533.8721  0.6201 
   00979    0.4112   -8522.0916  0.6174 
   00980    0.4180   -8571.5063  0.6200 
   00981    0.4096   -8612.5040  0.6208 
   00982    0.4080   -8529.2702  0.6204 
   00983    0.4140   -8551.3930  0.6221 
   00984    0.4056   -8546.9020  0.6250 
   00985    0.4232   -8559.7147  0.6230 
   00986    0.4108   -8566.5115  0.6208 
   00987    0.4152   -8538.4059  0.6273 
   00988    0.4108   -8534.9244  0.6271 
   00989    0.4252   -8539.8316  0.6284 
   00990    0.3976   -8508.8560  0.6207 
   00991    0.4068   -8523.9727  0.6245 
   00992    0.4188   -8563.9102  0.6189 
   00993    0.4268   -8577.7998  0.6170 
   00994    0.4044   -8571.3675  0.6246 
   00995    0.4040   -8545.4150  0.6269 
   00996    0.4104   -8575.8555  0.6227 
   00997    0.4040   -8526.0164  0.6211 
   00998    0.3940   -8577.6275  0.6225 
   00999    0.4100   -8559.8477  0.6245 
   01000    0.3976   -8553.1275  0.6246 
