#=====================================================
# File created:        Wed-29-Oct-2025-at-10-13-08PM
# Size of lattice:     50x50
# Number of MC steps:  1000
# Reduced temperature: 0.500
# Run time (s):        32.963192
#=====================================================
# MC step:  Ratio:     Energy:   Order:
#=====================================================
   00000    0.5000   -2476.5002  0.2552 
   00001    0.6752   -3706.6759  0.2674 
   00002    0.6228   -4500.2249  0.2691 
   00003    0.5884   -5092.5327  0.2753 
   00004    0.5692   -5552.4736  0.2760 
   00005    0.5216   -5894.3678  0.2761 
   00006    0.5248   -6124.6277  0.2837 
   00007    0.4868   -6310.9722  0.2805 
   00008    0.5120   -6510.8022  0.2793 
   00009    0.4808   -6645.5049  0.2746 
   00010    0.4756   -6814.8011  0.2770 
   00011    0.4660   -6987.3930  0.2795 
   00012    0.4700   -7110.2911  0.2815 
   00013    0.4668   -7152.7143  0.2809 
   00014    0.4644   -7216.3479  0.2784 
   00015    0.4732   -7298.4484  0.2723 
   00016    0.4688   -7403.1040  0.2717 
   00017    0.4640   -7434.0990  0.2730 
   00018    0.4516   -7459.6493  0.2741 
   00019    0.4448   -7554.7932  0.2740 
   00020    0.4312   -7594.1842  0.2715 
   00021    0.4468   -7640.3806  0.2707 
   00022    0.4512   -7689.5717  0.2653 
   00023    0.4540   -7750.1175  0.2658 
   00024    0.4424   -7802.4494  0.2676 
   00025    0.4444   -7815.9006  0.2684 
   00026    0.4296   -7826.9480  0.2747 
   00027    0.4272   -7850.1948  0.2709 
   00028    0.4336   -7869.0257  0.2719 
   00029    0.4304   -7839.8525  0.2739 
   00030    0.4212   -7856.6581  0.2824 
   00031    0.4296   -7887.7220  0.2730 
   00032    0.4312   -7941.2629  0.2795 
   00033    0.4348   -7970.4734  0.2761 
   00034    0.4248   -7976.8561  0.2865 
   00035    0.4348   -7943.6408  0.2850 
   00036    0.4368   -8010.0573  0.2815 
   00037    0.4176   -8080.8909  0.2862 
   00038    0.4280   -8099.0064  0.2859 
   00039    0.4472   -8097.9850  0.2831 
   00040    0.4136   -8114.9382  0.2781 
   00041    0.4260   -8145.8506  0.2736 
   00042    0.4036   -8149.4933  0.2731 
   00043    0.4264   -8131.7213  0.2763 
   00044    0.4336   -8135.7143  0.2737 
   00045    0.4200   -8106.2889  0.2740 
   00046    0.4332   -8168.7030  0.2673 
   00047    0.4300   -8165.6026  0.2649 
   00048    0.4136   -8123.6708  0.2618 
   00049    0.4196   -8133.8532  0.2633 
   00050    0.4384   -8118.2072  0.2629 
   00051    0.4192   -8177.9864  0.2630 
   00052    0.4372   -8194.3369  0.2643 
   00053    0.4172   -8180.9301  0.2597 
   00054    0.4280   -8150.2996  0.2561 
   00055    0.4252   -8220.9708  0.2588 
   00056    0.4236   -8218.7425  0.2633 
   00057    0.4388   -8257.8758  0.2588 
   00058    0.4312   -8247.1071  0.2557 
   00059    0.4256   -8255.5095  0.2515 
   00060    0.4340   -8233.9204  0.2565 
   00061    0.4128   -8224.2338  0.2607 
   00062    0.4248   -8260.6269  0.2625 
   00063    0.4120   -8285.1844  0.2587 
   00064    0.4272   -8246.4727  0.2603 
   00065    0.3988   -8246.1285  0.2624 
   00066    0.4180   -8248.5820  0.2668 
   00067    0.4280   -8275.7944  0.2626 
   00068    0.4240   -8246.7151  0.2636 
   00069    0.4252   -8266.3799  0.2700 
   00070    0.4244   -8295.8560  0.2696 
   00071    0.4316   -8294.1286  0.2688 
   00072    0.3992   -8285.5045  0.2697 
   00073    0.4284   -8275.2933  0.2690 
   00074    0.4184   -8261.7510  0.2704 
   00075    0.4236   -8310.4256  0.2687 
   00076    0.4256   -8241.7601  0.2699 
   00077    0.4088   -8241.6834  0.2773 
   00078    0.4124   -8309.6420  0.2810 
   00079    0.4108   -8325.6363  0.2775 
   00080    0.4120   -8337.0859  0.2732 
   00081    0.4296   -8344.3610  0.2743 
   00082    0.4036   -8331.1437  0.2728 
   00083    0.4048   -8313.3141  0.2768 
   00084    0.4280   -8310.0157  0.2772 
   00085    0.4212   -8273.5718  0.2810 
   00086    0.3984   -8249.8472  0.2762 
   00087    0.4288   -8276.1144  0.2733 
   00088    0.4252   -8265.4774  0.2805 
   00089    0.4240   -8234.4495  0.2789 
   00090    0.4220   -8221.9120  0.2799 
   00091    0.4272   -8241.1736  0.2905 
   00092    0.3976   -8217.1166  0.2860 
   00093    0.4244   -8250.4443  0.2832 
   00094    0.4116   -8297.8655  0.2854 
   00095    0.4096   -8303.1304  0.2809 
   00096    0.4140   -8338.8395  0.2872 
   00097    0.4044   -8338.6737  0.2909 
   00098    0.4084   -8363.9384  0.2896 
   00099    0.4068   -8323.9462  0.2935 
   00100    0.4160   -8277.4018  0.2952 
   00101    0.4188   -8298.3217  0.3015 
   00102    0.4084   -8316.2510  0.3049 
   00103    0.4244   -8312.9398  0.3098 
   00104    0.4316   -8341.2177  0.3106 
   00105    0.4140   -8356.0765  0.3056 
   00106    0.4172   -8350.8685  0.3017 
   00107    0.4192   -8316.8256  0.3100 
   00108    0.4360   -8346.0657  0.3017 
   00109    0.4216   -8296.2608  0.3013 
   00110    0.4280   -8330.7477  0.3063 
   00111    0.4288   -8302.4111  0.3027 
   00112    0.4228   -8293.6735  0.3064 
   00113    0.4200   -8294.6116  0.3052 
   00114    0.4160   -8282.6103  0.3002 
   00115    0.4052   -8311.2648  0.3076 
   00116    0.4224   -8334.4292  0.3050 
   00117    0.4280   -8378.6460  0.3051 
   00118    0.4052   -8406.3726  0.3043 
   00119    0.4280   -8418.9785  0.3098 
   00120    0.4236   -8409.4196  0.3119 
   00121    0.3888   -8424.0135  0.3072 
   00122    0.4060   -8372.6969  0.3097 
   00123    0.4284   -8395.4327  0.3096 
   00124    0.4076   -8414.4559  0.3118 
   00125    0.4120   -8443.5262  0.3024 
   00126    0.4220   -8391.1240  0.2979 
   00127    0.4216   -8413.0029  0.3015 
   00128    0.4056   -8348.7430  0.3044 
   00129    0.4276   -8306.9269  0.3086 
   00130    0.4108   -8306.3963  0.3015 
   00131    0.4156   -8321.6618  0.2942 
   00132    0.4332   -8385.0469  0.2947 
   00133    0.4076   -8385.4456  0.2999 
   00134    0.4160   -8376.4654  0.3001 
   00135    0.4284   -8381.1302  0.2989 
   00136    0.4220   -8383.4585  0.3046 
   00137    0.4168   -8386.1937  0.3024 
   00138    0.4232   -8377.5441  0.2972 
   00139    0.4168   -8369.9088  0.2974 
   00140    0.4216   -8352.3537  0.3001 
   00141    0.4188   -8361.7790  0.2971 
   00142    0.4228   -8350.3049  0.2953 
   00143    0.4200   -8357.3342  0.2931 
   00144    0.4020   -8379.0885  0.2887 
   00145    0.4188   -8315.0629  0.2900 
   00146    0.4124   -8318.0353  0.2884 
   00147    0.4064   -8340.6417  0.2856 
   00148    0.4276   -8362.0060  0.2879 
   00149    0.4240   -8356.8561  0.2831 
   00150    0.4100   -8356.6258  0.2854 
   00151    0.4168   -8358.3135  0.2901 
   00152    0.4064   -8325.3832  0.2861 
   00153    0.4024   -8356.6739  0.2836 
   00154    0.4052   -8379.5364  0.2815 
   00155    0.4144   -8410.5398  0.2815 
   00156    0.4236   -8393.9532  0.2857 
   00157    0.4220   -8385.5867  0.2850 
   00158    0.4080   -8380.0982  0.2874 
   00159    0.4272   -8361.7659  0.2879 
   00160    0.4148   -8364.2864  0.2905 
   00161    0.4136   -8334.7516  0.2897 
   00162    0.4164   -8348.6140  0.2942 
   00163    0.4448   -8357.7425  0.2903 
   00164    0.4168   -8325.3032  0.2919 
   00165    0.4176   -8283.9418  0.2969 
   00166    0.4044   -8296.4705  0.2919 
   00167    0.4048   -8285.6623  0.2891 
   00168    0.4104   -8272.0772  0.2868 
   00169    0.4268   -8292.2240  0.2826 
   00170    0.4204   -8318.5138  0.2865 
   00171    0.4228   -8310.1098  0.2789 
   00172    0.4204   -8298.7868  0.2761 
   00173    0.4012   -8291.4550  0.2740 
   00174    0.4148   -8337.3120  0.2784 
   00175    0.4092   -8335.1249  0.2782 
   00176    0.4152   -8306.6657  0.2780 
   00177    0.4416   -8339.5110  0.2748 
   00178    0.4152   -8374.4980  0.2745 
   00179    0.4064   -8338.7540  0.2720 
   00180    0.4176   -8346.2293  0.2739 
   00181    0.4132   -8408.9683  0.2697 
   00182    0.4104   -8418.6207  0.2728 
   00183    0.4056   -8386.7000  0.2706 
   00184    0.4188   -8379.1657  0.2689 
   00185    0.4156   -8397.8896  0.2724 
   00186    0.4132   -8461.9819  0.2720 
   00187    0.4212   -8470.8781  0.2747 
   00188    0.4124   -8442.1584  0.2738 
   00189    0.4128   -8438.0082  0.2724 
   00190    0.4376   -8438.7811  0.2704 
   00191    0.4228   -8399.4685  0.2688 
   00192    0.4148   -8391.5749  0.2702 
   00193    0.3980   -8378.3903  0.2650 
   00194    0.4236   -8386.5664  0.2662 
   00195    0.4056   -8385.6877  0.2635 
   00196    0.4084   -8333.4887  0.2645 
   00197    0.4144   -8353.1425  0.2696 
   00198    0.4156   -8390.2766  0.2681 
   00199    0.4200   -8404.5996  0.2732 
   00200    0.4112   -8433.0770  0.2728 
   00201    0.4060   -8468.9106  0.2740 
   00202    0.4236   -8441.8185  0.2795 
   00203    0.4196   -8441.1205  0.2843 
   00204    0.4104   -8379.0876  0.2852 
   00205    0.4244   -8397.1266  0.2841 
   00206    0.4236   -8424.2472  0.2814 
   00207    0.4272   -8393.9164  0.2821 
   00208    0.3972   -8376.5038  0.2820 
   00209    0.4212   -8372.8712  0.2793 
   00210    0.4156   -8382.8403  0.2779 
   00211    0.4268   -8342.5861  0.2829 
   00212    0.4024   -8361.3442  0.2861 
   00213    0.4080   -8394.3364  0.2768 
   00214    0.4292   -8405.9314  0.2816 
   00215    0.4128   -8430.0554  0.2787 
   00216    0.4144   -8419.9675  0.2770 
   00217    0.3928   -8434.6935  0.2734 
   00218    0.4024   -8437.1081  0.2737 
   00219    0.4072   -8399.2497  0.2794 
   00220    0.4068   -8387.5987  0.2820 
   00221    0.4168   -8411.2173  0.2786 
   00222    0.4176   -8442.5482  0.2748 
   00223    0.4220   -8438.1150  0.2754 
   00224    0.4316   -8416.4094  0.2736 
   00225    0.4120   -8432.3830  0.2712 
   00226    0.4128   -8450.9728  0.2692 
   00227    0.4160   -8441.5943  0.2704 
   00228    0.4064   -8467.1781  0.2673 
   00229    0.3984   -8460.2393  0.2703 
   00230    0.4056   -8397.8595  0.2651 
   00231    0.4156   -8408.8794  0.2709 
   00232    0.4180   -8389.5739  0.2761 
   00233    0.4164   -8412.9558  0.2768 
   00234    0.4052   -8434.2922  0.2742 
   00235    0.4088   -8458.0821  0.2730 
   00236    0.4196   -8473.9950  0.2763 
   00237    0.4096   -8420.1125  0.2723 
   00238    0.4180   -8464.5228  0.2719 
   00239    0.4164   -8443.0363  0.2697 
   00240    0.4040   -8457.2964  0.2716 
   00241    0.4184   -8458.7591  0.2777 
   00242    0.4220   -8479.4634  0.2768 
   00243    0.4224   -8484.7113  0.2719 
   00244    0.4228   -8445.8598  0.2725 
   00245    0.4080   -8458.4763  0.2769 
   00246    0.4028   -8496.4431  0.2781 
   00247    0.4092   -8463.8207  0.2728 
   00248    0.4132   -8471.2610  0.2696 
   00249    0.4248   -8435.0906  0.2797 
   00250    0.4032   -8485.7470  0.2861 
   00251    0.4044   -8458.8687  0.2862 
   00252    0.4076   -8403.7844  0.2853 
   00253    0.4100   -8444.3631  0.2885 
   00254    0.3896   -8416.8825  0.2874 
   00255    0.4124   -8392.8009  0.2877 
   00256    0.4256   -8395.2730  0.2836 
   00257    0.4220   -8423.3994  0.2770 
   00258    0.4272   -8442.6296  0.2809 
   00259    0.4276   -8458.5491  0.2833 
   00260    0.4156   -8393.1964  0.2912 
   00261    0.4032   -8406.8000  0.2906 
   00262    0.4356   -8435.4733  0.2808 
   00263    0.4072   -8410.3092  0.2800 
   00264    0.4172   -8435.1941  0.2799 
   00265    0.4164   -8418.5609  0.2790 
   00266    0.4204   -8423.6719  0.2784 
   00267    0.4244   -8439.0438  0.2856 
   00268    0.4120   -8433.4666  0.2897 
   00269    0.4224   -8381.7047  0.2906 
   00270    0.4060   -8415.7699  0.2942 
   00271    0.4100   -8468.2673  0.2927 
   00272    0.4108   -8457.8150  0.2942 
   00273    0.4056   -8422.8796  0.3031 
   00274    0.4132   -8447.5554  0.3083 
   00275    0.4048   -8450.9697  0.3120 
   00276    0.4076   -8433.2422  0.3122 
   00277    0.4084   -8413.3278  0.3194 
   00278    0.4156   -8430.8396  0.3151 
   00279    0.4040   -8487.6963  0.3147 
   00280    0.4032   -8464.8126  0.3172 
   00281    0.4208   -8439.7831  0.3168 
   00282    0.4016   -8453.9781  0.3165 
   00283    0.4340   -8446.2185  0.3197 
   00284    0.4120   -8427.3428  0.3243 
   00285    0.4020   -8479.7894  0.3245 
   00286    0.4108   -8489.5334  0.3258 
   00287    0.4204   -8448.3076  0.3331 
   00288    0.3856   -8476.9201  0.3344 
   00289    0.4192   -8430.8390  0.3395 
   00290    0.4220   -8415.4821  0.3430 
   00291    0.4176   -8412.9683  0.3402 
   00292    0.4104   -8382.6355  0.3315 
   00293    0.4112   -8450.5290  0.3317 
   00294    0.4176   -8465.7107  0.3311 
   00295    0.4056   -8459.8100  0.3277 
   00296    0.4168   -8450.9199  0.3239 
   00297    0.4140   -8463.3331  0.3175 
   00298    0.4156   -8428.8529  0.3083 
   00299    0.4020   -8433.3511  0.3103 
   00300    0.4112   -8449.3720  0.3145 
   00301    0.3996   -8472.8718  0.3030 
   00302    0.4180   -8452.6183  0.3021 
   00303    0.4056   -8426.8844  0.3069 
   00304    0.4052   -8440.1267  0.3096 
   00305    0.4152   -8423.5791  0.3051 
   00306    0.4128   -8449.6016  0.3033 
   00307    0.4048   -8467.1060  0.3005 
   00308    0.4124   -8436.6729  0.3061 
   00309    0.4008   -8405.4463  0.3051 
   00310    0.4128   -8442.5047  0.3091 
   00311    0.4160   -8430.4905  0.3080 
   00312    0.4032   -8430.0646  0.3004 
   00313    0.4096   -8464.6029  0.3042 
   00314    0.4160   -8482.2865  0.3097 
   00315    0.4116   -8511.4825  0.3014 
   00316    0.4228   -8462.0003  0.2988 
   00317    0.4204   -8467.7379  0.3010 
   00318    0.4308   -8465.8160  0.2983 
   00319    0.4000   -8468.2132  0.3001 
   00320    0.4336   -8451.6736  0.3091 
   00321    0.4076   -8457.7239  0.3120 
   00322    0.4000   -8485.6771  0.3154 
   00323    0.4292   -8504.1006  0.3129 
   00324    0.4216   -8467.0445  0.3098 
   00325    0.4008   -8431.3008  0.3096 
   00326    0.4148   -8463.5020  0.3052 
   00327    0.4160   -8437.2829  0.3113 
   00328    0.4320   -8408.1512  0.3137 
   00329    0.4056   -8433.9109  0.3111 
   00330    0.4076   -8446.4064  0.3116 
   00331    0.4144   -8484.4336  0.3149 
   00332    0.4148   -8442.0271  0.3176 
   00333    0.3912   -8473.4297  0.3144 
   00334    0.4180   -8440.0131  0.3216 
   00335    0.3976   -8426.1681  0.3295 
   00336    0.4312   -8425.2799  0.3309 
   00337    0.4112   -8446.1311  0.3364 
   00338    0.4128   -8435.8738  0.3366 
   00339    0.4028   -8436.2523  0.3338 
   00340    0.4244   -8442.7063  0.3335 
   00341    0.4216   -8359.0901  0.3351 
   00342    0.4184   -8375.4411  0.3328 
   00343    0.4300   -8391.3019  0.3277 
   00344    0.4140   -8401.1395  0.3413 
   00345    0.4084   -8427.0297  0.3415 
   00346    0.4280   -8414.5115  0.3393 
   00347    0.4284   -8436.3457  0.3351 
   00348    0.4128   -8421.1502  0.3347 
   00349    0.4160   -8454.8138  0.3325 
   00350    0.4172   -8478.7274  0.3316 
   00351    0.4184   -8473.9643  0.3385 
   00352    0.4056   -8462.0998  0.3512 
   00353    0.3988   -8466.6962  0.3508 
   00354    0.4124   -8448.3229  0.3484 
   00355    0.4184   -8444.9143  0.3596 
   00356    0.4124   -8455.6742  0.3582 
   00357    0.3884   -8379.0599  0.3560 
   00358    0.4024   -8361.7589  0.3573 
   00359    0.4160   -8417.1185  0.3554 
   00360    0.4172   -8443.6740  0.3585 
   00361    0.4128   -8491.3504  0.3649 
   00362    0.4216   -8519.5762  0.3766 
   00363    0.4176   -8481.1075  0.3731 
   00364    0.4036   -8482.3377  0.3721 
   00365    0.4000   -8510.1944  0.3705 
   00366    0.4260   -8482.1287  0.3687 
   00367    0.4276   -8483.9913  0.3650 
   00368    0.4052   -8478.3017  0.3707 
   00369    0.3972   -8458.4949  0.3629 
   00370    0.4176   -8484.9680  0.3633 
   00371    0.4176   -8513.0960  0.3651 
   00372    0.4144   -8486.9315  0.3658 
   00373    0.4004   -8464.3382  0.3676 
   00374    0.4188   -8407.6317  0.3701 
   00375    0.4140   -8430.9523  0.3754 
   00376    0.4084   -8465.5356  0.3860 
   00377    0.4172   -8481.2282  0.3786 
   00378    0.4036   -8481.7570  0.3766 
   00379    0.4016   -8417.8299  0.3773 
   00380    0.4272   -8434.3669  0.3807 
   00381    0.4088   -8425.5775  0.3807 
   00382    0.4180   -8406.5169  0.3768 
   00383    0.4160   -8407.2579  0.3764 
   00384    0.4244   -8473.6347  0.3799 
   00385    0.4012   -8476.6248  0.3774 
   00386    0.4064   -8504.0722  0.3762 
   00387    0.3976   -8426.3051  0.3794 
   00388    0.4112   -8428.0770  0.3804 
   00389    0.4156   -8437.3213  0.3818 
   00390    0.4112   -8464.3157  0.3839 
   00391    0.4356   -8453.8336  0.3814 
   00392    0.4104   -8467.6347  0.3846 
   00393    0.4212   -8458.6189  0.3912 
   00394    0.3960   -8424.4418  0.3865 
   00395    0.4248   -8408.4564  0.3919 
   00396    0.4248   -8402.2872  0.3945 
   00397    0.4008   -8384.5797  0.3972 
   00398    0.4248   -8368.6417  0.3887 
   00399    0.4340   -8400.3867  0.3882 
   00400    0.4164   -8399.6797  0.3973 
   00401    0.4032   -8434.4412  0.4071 
   00402    0.3996   -8429.7587  0.4083 
   00403    0.4156   -8454.2406  0.4078 
   00404    0.4008   -8439.3826  0.4068 
   00405    0.4212   -8462.0885  0.4125 
   00406    0.4084   -8458.0097  0.4204 
   00407    0.4184   -8461.9383  0.4194 
   00408    0.4128   -8430.3332  0.4207 
   00409    0.4304   -8447.1537  0.4240 
   00410    0.4004   -8469.1802  0.4221 
   00411    0.4152   -8488.5821  0.4260 
   00412    0.4036   -8483.8380  0.4259 
   00413    0.4108   -8479.7335  0.4229 
   00414    0.4156   -8492.5465  0.4177 
   00415    0.4224   -8472.7217  0.4137 
   00416    0.4048   -8471.7058  0.4135 
   00417    0.4208   -8494.0379  0.4142 
   00418    0.4132   -8496.7139  0.4202 
   00419    0.4196   -8457.9299  0.4206 
   00420    0.4280   -8444.7676  0.4268 
   00421    0.4316   -8467.5376  0.4236 
   00422    0.4200   -8441.7706  0.4223 
   00423    0.4120   -8412.0143  0.4241 
   00424    0.4312   -8405.6781  0.4168 
   00425    0.4244   -8401.9672  0.4194 
   00426    0.4192   -8453.7338  0.4184 
   00427    0.4140   -8433.3956  0.4178 
   00428    0.4108   -8403.6807  0.4169 
   00429    0.4144   -8389.1020  0.4183 
   00430    0.4208   -8402.3754  0.4192 
   00431    0.4176   -8405.2984  0.4237 
   00432    0.4168   -8433.6535  0.4245 
   00433    0.3992   -8449.1560  0.4201 
   00434    0.4044   -8420.6483  0.4140 
   00435    0.4044   -8402.2492  0.4130 
   00436    0.3916   -8392.8354  0.4156 
   00437    0.4044   -8387.4325  0.4230 
   00438    0.4132   -8403.2698  0.4244 
   00439    0.3948   -8401.2500  0.4233 
   00440    0.4116   -8380.0787  0.4280 
   00441    0.4132   -8389.6112  0.4352 
   00442    0.4168   -8393.5290  0.4386 
   00443    0.4076   -8394.5327  0.4351 
   00444    0.4044   -8394.5261  0.4394 
   00445    0.4296   -8397.0100  0.4405 
   00446    0.4168   -8356.3038  0.4370 
   00447    0.4176   -8345.1441  0.4392 
   00448    0.4224   -8385.8152  0.4449 
   00449    0.4156   -8405.4955  0.4516 
   00450    0.4148   -8406.9749  0.4524 
   00451    0.4060   -8405.6359  0.4515 
   00452    0.3980   -8432.8781  0.4550 
   00453    0.4060   -8479.3790  0.4542 
   00454    0.4092   -8453.1574  0.4542 
   00455    0.4048   -8458.0626  0.4512 
   00456    0.4284   -8455.5458  0.4534 
   00457    0.3832   -8448.2937  0.4504 
   00458    0.4296   -8476.3104  0.4528 
   00459    0.4068   -8436.6486  0.4480 
   00460    0.4176   -8399.4808  0.4463 
   00461    0.4116   -8413.0828  0.4457 
   00462    0.4160   -8445.1165  0.4488 
   00463    0.4044   -8434.8838  0.4510 
   00464    0.4208   -8450.0987  0.4516 
   00465    0.4120   -8472.4842  0.4553 
   00466    0.4104   -8498.9409  0.4571 
   00467    0.4144   -8479.4103  0.4578 
   00468    0.4216   -8471.3716  0.4565 
   00469    0.4076   -8490.0167  0.4499 
   00470    0.4092   -8479.8914  0.4475 
   00471    0.4096   -8494.3779  0.4430 
   00472    0.4188   -8474.3637  0.4424 
   00473    0.4136   -8496.7103  0.4395 
   00474    0.4236   -8465.7252  0.4335 
   00475    0.4096   -8436.4344  0.4405 
   00476    0.3928   -8438.4285  0.4323 
   00477    0.4296   -8442.7037  0.4263 
   00478    0.4132   -8448.4768  0.4249 
   00479    0.4228   -8466.4243  0.4258 
   00480    0.4128   -8439.8876  0.4174 
   00481    0.4264   -8422.1906  0.4149 
   00482    0.4196   -8445.7882  0.4105 
   00483    0.4284   -8446.1416  0.4104 
   00484    0.4096   -8454.3301  0.4105 
   00485    0.4100   -8477.4229  0.4104 
   00486    0.4068   -8415.4855  0.4019 
   00487    0.4304   -8447.4631  0.4071 
   00488    0.4192   -8449.9571  0.4025 
   00489    0.4352   -8447.1149  0.4050 
   00490    0.4216   -8466.7969  0.3994 
   00491    0.4092   -8501.6238  0.4039 
   00492    0.4024   -8509.7078  0.4028 
   00493    0.4108   -8484.2379  0.4058 
   00494    0.4232   -8440.7135  0.4095 
   00495    0.4104   -8493.1809  0.4120 
   00496    0.4208   -8462.5282  0.4180 
   00497    0.4124   -8443.4588  0.4250 
   00498    0.4124   -8460.5177  0.4268 
   00499    0.4148   -8429.8515  0.4252 
   00500    0.4152   -8438.6923  0.4207 
   00501    0.4204   -8436.9063  0.4164 
   00502    0.4204   -8485.0776  0.4201 
   00503    0.4240   -8537.9454  0.4239 
   00504    0.4092   -8477.0638  0.4300 
   00505    0.4084   -8439.2332  0.4314 
   00506    0.4048   -8512.9574  0.4353 
   00507    0.4076   -8482.4553  0.4353 
   00508    0.4400   -8471.4470  0.4342 
   00509    0.4188   -8474.4369  0.4348 
   00510    0.4052   -8472.1022  0.4310 
   00511    0.4060   -8448.4935  0.4313 
   00512    0.4076   -8448.1699  0.4298 
   00513    0.3956   -8443.5519  0.4333 
   00514    0.4176   -8464.3277  0.4292 
   00515    0.4072   -8495.1230  0.4270 
   00516    0.4156   -8514.8235  0.4291 
   00517    0.4128   -8519.4946  0.4324 
   00518    0.3952   -8570.1849  0.4346 
   00519    0.4160   -8523.4057  0.4368 
   00520    0.4116   -8503.3805  0.4298 
   00521    0.4056   -8495.7319  0.4330 
   00522    0.4180   -8512.4141  0.4315 
   00523    0.4248   -8494.0606  0.4250 
   00524    0.4172   -8491.7996  0.4252 
   00525    0.4088   -8479.3938  0.4262 
   00526    0.4296   -8529.9463  0.4325 
   00527    0.3988   -8549.2025  0.4340 
   00528    0.4176   -8508.6006  0.4379 
   00529    0.4108   -8518.4446  0.4366 
   00530    0.4088   -8488.9581  0.4340 
   00531    0.4068   -8556.0679  0.4277 
   00532    0.4128   -8520.8664  0.4309 
   00533    0.4076   -8530.5506  0.4351 
   00534    0.4200   -8513.7711  0.4314 
   00535    0.4080   -8541.1259  0.4329 
   00536    0.4108   -8527.9299  0.4411 
   00537    0.4256   -8497.7923  0.4352 
   00538    0.4036   -8558.3907  0.4430 
   00539    0.4208   -8551.8470  0.4495 
   00540    0.4068   -8527.5553  0.4463 
   00541    0.4052   -8552.7348  0.4450 
   00542    0.4116   -8559.6153  0.4409 
   00543    0.4028   -8554.1799  0.4431 
   00544    0.4196   -8533.3294  0.4548 
   00545    0.4160   -8479.6445  0.4559 
   00546    0.4100   -8473.6074  0.4553 
   00547    0.4292   -8463.0062  0.4560 
   00548    0.4340   -8461.8881  0.4542 
   00549    0.4116   -8433.3140  0.4554 
   00550    0.4252   -8467.0314  0.4598 
   00551    0.4164   -8522.6091  0.4606 
   00552    0.4032   -8505.6836  0.4661 
   00553    0.4188   -8462.8051  0.4600 
   00554    0.4336   -8455.5695  0.4563 
   00555    0.4008   -8460.6432  0.4535 
   00556    0.4064   -8433.3439  0.4529 
   00557    0.4148   -8479.7849  0.4541 
   00558    0.4192   -8538.5384  0.4581 
   00559    0.4060   -8560.6613  0.4699 
   00560    0.4188   -8570.8134  0.4663 
   00561    0.3952   -8555.0790  0.4742 
   00562    0.4216   -8573.3932  0.4743 
   00563    0.4160   -8511.8158  0.4699 
   00564    0.4212   -8518.9947  0.4735 
   00565    0.4128   -8540.9678  0.4763 
   00566    0.4084   -8511.1266  0.4723 
   00567    0.4236   -8521.7969  0.4718 
   00568    0.4012   -8516.4283  0.4722 
   00569    0.3980   -8514.1326  0.4753 
   00570    0.4020   -8552.3921  0.4781 
   00571    0.4092   -8533.0905  0.4730 
   00572    0.4308   -8505.6963  0.4688 
   00573    0.4216   -8477.2171  0.4642 
   00574    0.4180   -8516.8526  0.4674 
   00575    0.4124   -8510.9344  0.4600 
   00576    0.4020   -8511.3847  0.4604 
   00577    0.4116   -8519.9519  0.4595 
   00578    0.3752   -8532.6643  0.4578 
   00579    0.4248   -8540.3060  0.4588 
   00580    0.4184   -8516.4783  0.4542 
   00581    0.4068   -8480.8978  0.4439 
   00582    0.4088   -8442.0092  0.4381 
   00583    0.4140   -8509.9647  0.4348 
   00584    0.4316   -8522.9588  0.4329 
   00585    0.4116   -8481.8791  0.4257 
   00586    0.4188   -8469.3517  0.4172 
   00587    0.4260   -8502.6434  0.4190 
   00588    0.4116   -8427.9640  0.4244 
   00589    0.4136   -8464.8000  0.4278 
   00590    0.4128   -8460.8186  0.4327 
   00591    0.4164   -8453.4110  0.4353 
   00592    0.4108   -8460.4427  0.4325 
   00593    0.4104   -8485.0970  0.4344 
   00594    0.4032   -8490.6642  0.4358 
   00595    0.4152   -8467.6201  0.4395 
   00596    0.4196   -8488.5062  0.4349 
   00597    0.4024   -8521.0675  0.4353 
   00598    0.4056   -8492.4338  0.4343 
   00599    0.4004   -8520.0709  0.4410 
   00600    0.4132   -8507.0480  0.4391 
   00601    0.4160   -8463.6710  0.4398 
   00602    0.4080   -8443.0401  0.4338 
   00603    0.4180   -8462.9848  0.4368 
   00604    0.4088   -8451.9580  0.4341 
   00605    0.4068   -8444.5088  0.4415 
   00606    0.4128   -8384.4136  0.4430 
   00607    0.4040   -8432.8707  0.4446 
   00608    0.4152   -8464.4013  0.4496 
   00609    0.4208   -8462.6305  0.4463 
   00610    0.3992   -8478.1165  0.4500 
   00611    0.4072   -8466.5070  0.4536 
   00612    0.4040   -8462.1523  0.4535 
   00613    0.4044   -8485.8352  0.4508 
   00614    0.4104   -8500.0307  0.4585 
   00615    0.3948   -8534.2315  0.4575 
   00616    0.4248   -8509.2557  0.4616 
   00617    0.3964   -8505.3351  0.4661 
   00618    0.4036   -8548.3591  0.4654 
   00619    0.4044   -8564.3684  0.4706 
   00620    0.4024   -8538.1595  0.4749 
   00621    0.4044   -8531.4732  0.4796 
   00622    0.4100   -8504.3331  0.4816 
   00623    0.4072   -8487.1312  0.4859 
   00624    0.4000   -8486.8236  0.4854 
   00625    0.4172   -8460.6995  0.4872 
   00626    0.4148   -8451.6367  0.4898 
   00627    0.3980   -8462.0065  0.4904 
   00628    0.4084   -8457.6155  0.4893 
   00629    0.4160   -8462.1159  0.4941 
   00630    0.4088   -8471.9445  0.4943 
   00631    0.4316   -8478.1558  0.4849 
   00632    0.4100   -8486.4653  0.4866 
   00633    0.4128   -8486.8596  0.4905 
   00634    0.4120   -8515.0258  0.4973 
   00635    0.4196   -8535.0652  0.4947 
   00636    0.4024   -8527.5283  0.4995 
   00637    0.4136   -8510.6695  0.4980 
   00638    0.4124   -8494.5380  0.4961 
   00639    0.4184   -8446.4740  0.4884 
   00640    0.4068   -8421.9343  0.4948 
   00641    0.4280   -8430.5913  0.4882 
   00642    0.4088   -8455.7142  0.4804 
   00643    0.4256   -8475.0843  0.4835 
   00644    0.3920   -8473.2477  0.4815 
   00645    0.4080   -8503.6099  0.4761 
   00646    0.4172   -8495.5742  0.4784 
   00647    0.4236   -8517.0016  0.4812 
   00648    0.4164   -8556.1266  0.4784 
   00649    0.4192   -8542.7735  0.4799 
   00650    0.4100   -8534.7579  0.4847 
   00651    0.4076   -8526.5653  0.4880 
   00652    0.3980   -8541.2264  0.4931 
   00653    0.4108   -8531.5532  0.4887 
   00654    0.4156   -8558.3597  0.4906 
   00655    0.4064   -8551.5689  0.4801 
   00656    0.4148   -8511.5142  0.4777 
   00657    0.4176   -8549.6503  0.4705 
   00658    0.4112   -8529.2305  0.4730 
   00659    0.4076   -8461.9722  0.4741 
   00660    0.4028   -8481.1894  0.4710 
   00661    0.4248   -8506.6091  0.4690 
   00662    0.4240   -8502.2532  0.4657 
   00663    0.4136   -8487.7193  0.4654 
   00664    0.4140   -8499.5387  0.4616 
   00665    0.4304   -8537.4606  0.4623 
   00666    0.4176   -8524.7648  0.4561 
   00667    0.4100   -8525.5263  0.4552 
   00668    0.4132   -8501.5068  0.4543 
   00669    0.4168   -8483.2972  0.4559 
   00670    0.4196   -8465.2781  0.4615 
   00671    0.4072   -8440.9041  0.4597 
   00672    0.4340   -8417.1614  0.4602 
   00673    0.4216   -8467.1643  0.4648 
   00674    0.4300   -8469.5377  0.4624 
   00675    0.3976   -8452.0529  0.4683 
   00676    0.4068   -8424.8542  0.4716 
   00677    0.4052   -8462.1768  0.4736 
   00678    0.4012   -8488.3430  0.4772 
   00679    0.4140   -8458.5902  0.4778 
   00680    0.4060   -8489.0079  0.4720 
   00681    0.4140   -8466.2981  0.4728 
   00682    0.4060   -8400.0002  0.4689 
   00683    0.4176   -8408.0175  0.4698 
   00684    0.4200   -8431.4636  0.4721 
   00685    0.4240   -8456.2618  0.4721 
   00686    0.4236   -8476.5788  0.4727 
   00687    0.4128   -8448.6491  0.4701 
   00688    0.4236   -8402.5239  0.4658 
   00689    0.4012   -8421.0392  0.4663 
   00690    0.4188   -8406.9269  0.4678 
   00691    0.4104   -8419.4711  0.4752 
   00692    0.4144   -8446.7999  0.4822 
   00693    0.4040   -8424.2869  0.4799 
   00694    0.4160   -8449.4571  0.4832 
   00695    0.4052   -8475.9125  0.4849 
   00696    0.4296   -8496.2856  0.4884 
   00697    0.4132   -8490.6997  0.4968 
   00698    0.4016   -8508.3706  0.4943 
   00699    0.4136   -8481.4691  0.5013 
   00700    0.4232   -8450.7053  0.5026 
   00701    0.4056   -8467.3489  0.4968 
   00702    0.4164   -8482.0208  0.4965 
   00703    0.4232   -8493.4794  0.4902 
   00704    0.4380   -8448.8197  0.4847 
   00705    0.4116   -8463.5517  0.4832 
   00706    0.4008   -8498.8095  0.4823 
   00707    0.4076   -8513.7136  0.4922 
   00708    0.4236   -8483.2378  0.4916 
   00709    0.4116   -8523.2270  0.4907 
   00710    0.4060   -8511.9289  0.4866 
   00711    0.4148   -8504.0706  0.4854 
   00712    0.4140   -8491.0417  0.4787 
   00713    0.3924   -8501.7510  0.4791 
   00714    0.3904   -8505.7323  0.4785 
   00715    0.4072   -8477.0923  0.4788 
   00716    0.4132   -8454.9014  0.4754 
   00717    0.4152   -8476.7337  0.4766 
   00718    0.3996   -8483.6390  0.4711 
   00719    0.4044   -8505.8295  0.4687 
   00720    0.4100   -8482.7931  0.4661 
   00721    0.4124   -8505.8271  0.4713 
   00722    0.4140   -8528.1625  0.4782 
   00723    0.4008   -8498.5183  0.4708 
   00724    0.3940   -8517.4405  0.4759 
   00725    0.4148   -8504.8589  0.4849 
   00726    0.4368   -8495.8757  0.4842 
   00727    0.4160   -8483.0172  0.4820 
   00728    0.4112   -8422.2130  0.4858 
   00729    0.4164   -8439.6832  0.4802 
   00730    0.3932   -8492.0262  0.4836 
   00731    0.4164   -8498.1269  0.4804 
   00732    0.4052   -8507.0667  0.4754 
   00733    0.4128   -8503.7599  0.4744 
   00734    0.4124   -8473.3574  0.4733 
   00735    0.4064   -8494.4892  0.4653 
   00736    0.4216   -8466.2929  0.4647 
   00737    0.4056   -8483.9607  0.4625 
   00738    0.3872   -8531.3272  0.4634 
   00739    0.4088   -8554.7505  0.4613 
   00740    0.3960   -8549.7673  0.4618 
   00741    0.4240   -8527.8055  0.4613 
   00742    0.4148   -8577.3641  0.4609 
   00743    0.4032   -8539.4906  0.4631 
   00744    0.4228   -8540.6533  0.4628 
   00745    0.3964   -8577.1597  0.4655 
   00746    0.3956   -8505.7653  0.4657 
   00747    0.4064   -8490.0798  0.4692 
   00748    0.4048   -8454.7813  0.4721 
   00749    0.4188   -8469.1856  0.4716 
   00750    0.4160   -8430.4269  0.4720 
   00751    0.4188   -8475.7521  0.4765 
   00752    0.3956   -8434.5450  0.4720 
   00753    0.4296   -8465.9017  0.4699 
   00754    0.4056   -8468.2057  0.4759 
   00755    0.4100   -8469.3716  0.4768 
   00756    0.4080   -8459.5836  0.4774 
   00757    0.4148   -8480.2516  0.4792 
   00758    0.4200   -8513.3651  0.4793 
   00759    0.4076   -8516.8489  0.4793 
   00760    0.4160   -8533.7893  0.4816 
   00761    0.4164   -8509.7916  0.4855 
   00762    0.4200   -8470.9545  0.4813 
   00763    0.4052   -8491.1888  0.4848 
   00764    0.3940   -8478.5847  0.4873 
   00765    0.4124   -8449.8681  0.4863 
   00766    0.4168   -8439.8560  0.4850 
   00767    0.3980   -8451.3213  0.4842 
   00768    0.4144   -8424.1115  0.4812 
   00769    0.4288   -8448.8657  0.4838 
   00770    0.4100   -8484.4244  0.4914 
   00771    0.4064   -8487.8677  0.4932 
   00772    0.4120   -8464.2997  0.4948 
   00773    0.4240   -8468.9955  0.4920 
   00774    0.4208   -8482.1315  0.4923 
   00775    0.4036   -8483.4790  0.4972 
   00776    0.4164   -8415.1091  0.4966 
   00777    0.4336   -8382.5924  0.4928 
   00778    0.4188   -8361.3988  0.4950 
   00779    0.4192   -8369.5533  0.4980 
   00780    0.4264   -8391.8017  0.5010 
   00781    0.4212   -8427.8160  0.5040 
   00782    0.4240   -8452.5981  0.5080 
   00783    0.4324   -8493.4900  0.5086 
   00784    0.4104   -8488.5423  0.5010 
   00785    0.4060   -8498.6010  0.5063 
   00786    0.4124   -8499.8645  0.5113 
   00787    0.4152   -8498.4148  0.5131 
   00788    0.4116   -8499.5798  0.5092 
   00789    0.4152   -8510.6679  0.5105 
   00790    0.4120   -8521.6595  0.5151 
   00791    0.3984   -8475.5084  0.5111 
   00792    0.4148   -8476.3777  0.5147 
   00793    0.4008   -8510.2327  0.5071 
   00794    0.4040   -8563.0797  0.5107 
   00795    0.4176   -8544.5851  0.5088 
   00796    0.4092   -8552.1023  0.5033 
   00797    0.4016   -8504.2765  0.4948 
   00798    0.4132   -8512.9421  0.4915 
   00799    0.4244   -8472.8113  0.4901 
   00800    0.3952   -8470.7240  0.4900 
   00801    0.4032   -8497.3805  0.4868 
   00802    0.3960   -8497.0121  0.4904 
   00803    0.4208   -8477.6875  0.4894 
   00804    0.4020   -8441.5023  0.4842 
   00805    0.4060   -8464.6463  0.4903 
   00806    0.4092   -8485.6277  0.4893 
   00807    0.4292   -8438.6327  0.4891 
   00808    0.4092   -8474.9079  0.4905 
   00809    0.4048   -8517.1119  0.4933 
   00810    0.4072   -8472.6472  0.4944 
   00811    0.4036   -8482.8923  0.4979 
   00812    0.4112   -8506.4423  0.4981 
   00813    0.4224   -8524.1086  0.4992 
   00814    0.3944   -8512.8964  0.4991 
   00815    0.4224   -8490.8239  0.5015 
   00816    0.4136   -8501.5070  0.5079 
   00817    0.4164   -8481.1822  0.5048 
   00818    0.3916   -8481.5216  0.5080 
   00819    0.4172   -8446.6497  0.5095 
   00820    0.4172   -8453.3805  0.5133 
   00821    0.4104   -8450.4014  0.5134 
   00822    0.4008   -8457.0742  0.5083 
   00823    0.4116   -8430.6540  0.5049 
   00824    0.4160   -8442.1032  0.5017 
   00825    0.3976   -8451.9543  0.5054 
   00826    0.4120   -8402.7730  0.5042 
   00827    0.4240   -8412.8244  0.5037 
   00828    0.4112   -8418.0124  0.5056 
   00829    0.4084   -8451.8503  0.5016 
   00830    0.4228   -8421.7800  0.5064 
   00831    0.4100   -8466.6701  0.5098 
   00832    0.4320   -8472.4445  0.5148 
   00833    0.4064   -8489.5239  0.5133 
   00834    0.4060   -8503.8587  0.5118 
   00835    0.4044   -8520.8355  0.5090 
   00836    0.4100   -8537.3095  0.5109 
   00837    0.4204   -8516.8406  0.5114 
   00838    0.4112   -8518.8879  0.5079 
   00839    0.4056   -8512.4343  0.5053 
   00840    0.4176   -8485.1358  0.5024 
   00841    0.4320   -8473.4053  0.5040 
   00842    0.3936   -8459.6648  0.5059 
   00843    0.4176   -8477.1961  0.5055 
   00844    0.4092   -8481.9006  0.5041 
   00845    0.4148   -8490.3197  0.5013 
   00846    0.4116   -8497.1790  0.5024 
   00847    0.4184   -8482.8727  0.5065 
   00848    0.4080   -8517.0871  0.4998 
   00849    0.4168   -8539.0302  0.5033 
   00850    0.4176   -8549.4149  0.5070 
   00851    0.4216   -8532.9687  0.5068 
   00852    0.4100   -8523.5597  0.5057 
   00853    0.4176   -8517.2076  0.5131 
   00854    0.3992   -8532.0077  0.5190 
   00855    0.4148   -8543.8997  0.5138 
   00856    0.4192   -8504.7906  0.5082 
   00857    0.4208   -8518.5797  0.5081 
   00858    0.4088   -8531.4399  0.5121 
   00859    0.4108   -8526.6813  0.5076 
   00860    0.4088   -8549.2909  0.5076 
   00861    0.4340   -8553.0858  0.5141 
   00862    0.3912   -8549.9649  0.5150 
   00863    0.4168   -8567.2811  0.5159 
   00864    0.4116   -8592.5294  0.5225 
   00865    0.4184   -8509.0863  0.5280 
   00866    0.4008   -8553.2118  0.5259 
   00867    0.4192   -8606.6127  0.5276 
   00868    0.3952   -8601.2634  0.5280 
   00869    0.4120   -8570.0184  0.5282 
   00870    0.4232   -8521.4847  0.5266 
   00871    0.4076   -8579.1499  0.5273 
   00872    0.4100   -8544.6746  0.5285 
   00873    0.4068   -8582.3035  0.5288 
   00874    0.4280   -8585.5662  0.5314 
   00875    0.4140   -8579.8816  0.5291 
   00876    0.4136   -8566.8052  0.5289 
   00877    0.4052   -8543.7255  0.5247 
   00878    0.4092   -8539.2145  0.5231 
   00879    0.4032   -8559.2775  0.5265 
   00880    0.3964   -8584.5552  0.5226 
   00881    0.4112   -8549.5827  0.5205 
   00882    0.4200   -8528.9948  0.5229 
   00883    0.4224   -8521.9573  0.5181 
   00884    0.4100   -8542.5507  0.5200 
   00885    0.4316   -8553.5042  0.5213 
   00886    0.4032   -8580.0258  0.5251 
   00887    0.4028   -8541.1746  0.5225 
   00888    0.4160   -8605.0246  0.5272 
   00889    0.4120   -8586.9784  0.5275 
   00890    0.4000   -8547.1581  0.5258 
   00891    0.4160   -8513.0494  0.5239 
   00892    0.4052   -8539.1020  0.5274 
   00893    0.3912   -8518.5056  0.5173 
   00894    0.4096   -8506.8845  0.5237 
   00895    0.4092   -8514.2260  0.5184 
   00896    0.4332   -8506.3649  0.5147 
   00897    0.4088   -8486.4467  0.5206 
   00898    0.4184   -8477.4847  0.5220 
   00899    0.4024   -8439.3923  0.5233 
   00900    0.4096   -8392.4396  0.5190 
   00901    0.4048   -8467.7970  0.5201 
   00902    0.4160   -8487.4060  0.5155 
   00903    0.4072   -8493.7309  0.5152 
   00904    0.4256   -8538.0244  0.5127 
   00905    0.3960   -8536.6782  0.5135 
   00906    0.3940   -8537.0391  0.5147 
   00907    0.3896   -8533.2489  0.5139 
   00908    0.4148   -8493.2015  0.5183 
   00909    0.4168   -8440.8613  0.5185 
   00910    0.4160   -8490.3771  0.5130 
   00911    0.4076   -8514.2324  0.5221 
   00912    0.4016   -8514.8570  0.5174 
   00913    0.4264   -8475.0046  0.5115 
   00914    0.3952   -8509.0947  0.5126 
   00915    0.4044   -8474.1056  0.5069 
   00916    0.4144   -8482.1980  0.5110 
   00917    0.4172   -8472.0828  0.5127 
   00918    0.4152   -8473.6937  0.5077 
   00919    0.4120   -8470.8468  0.5102 
   00920    0.4140   -8489.4595  0.5121 
   00921    0.4068   -8480.8163  0.5163 
   00922    0.4148   -8509.8426  0.5179 
   00923    0.4056   -8498.0724  0.5229 
   00924    0.4148   -8474.2635  0.5262 
   00925    0.4020   -8454.9983  0.5306 
   00926    0.3988   -8469.2813  0.5313 
   00927    0.4156   -8469.8713  0.5319 
   00928    0.4008   -8511.9059  0.5338 
   00929    0.4208   -8513.1268  0.5338 
   00930    0.3960   -8550.4061  0.5293 
   00931    0.4124   -8535.9418  0.5303 
   00932    0.3964   -8520.0052  0.5320 
   00933    0.3940   -8548.9337  0.5325 
   00934    0.3996   -8534.5262  0.5347 
   00935    0.4188   -8535.4128  0.5325 
   00936    0.4004   -8523.0679  0.5344 
   00937    0.4008   -8467.1913  0.5289 
   00938    0.4116   -8469.3541  0.5346 
   00939    0.4092   -8465.0152  0.5296 
   00940    0.4068   -8490.7974  0.5237 
   00941    0.4112   -8518.0898  0.5272 
   00942    0.4100   -8535.9777  0.5352 
   00943    0.4120   -8517.6046  0.5349 
   00944    0.4056   -8461.3813  0.5312 
   00945    0.4152   -8446.1780  0.5263 
   00946    0.4116   -8454.1580  0.5295 
   00947    0.4200   -8452.9237  0.5304 
   00948    0.4340   -8509.2966  0.5307 
   00949    0.4244   -8493.9121  0.5281 
   00950    0.4008   -8488.8882  0.5304 
   00951    0.4404   -8431.9471  0.5387 
   00952    0.4276   -8421.3950  0.5360 
   00953    0.4104   -8397.8719  0.5361 
   00954    0.4148   -8416.2811  0.5446 
   00955    0.4284   -8435.7780  0.5495 
   00956    0.4196   -8419.8499  0.5518 
   00957    0.4184   -8451.8065  0.5477 
   00958    0.4128   -8464.2529  0.5462 
   00959    0.4112   -8472.8714  0.5480 
   00960    0.4180   -8460.2532  0.5430 
   00961    0.4268   -8475.5381  0.5410 
   00962    0.4068   -8481.8254  0.5471 
   00963    0.4100   -8477.9032  0.5475 
   00964    0.4192   -8505.5555  0.5520 
   00965    0.4008   -8503.3161  0.5470 
   00966    0.4304   -8465.5309  0.5361 
   00967    0.4108   -8464.9542  0.5326 
   00968    0.4108   -8411.8026  0.5300 
   00969    0.4208   -8484.2058  0.5312 
   00970    0.4108   -8452.7050  0.5347 
   00971    0.3992   -8464.4609  0.5338 
   00972    0.4240   -8490.1859  0.5258 
   00973    0.4288   -8466.3360  0.5281 
   00974    0.4140   -8472.9241  0.5277 
   00975    0.4136   -8506.3759  0.5332 
   00976    0.4080   -8517.3947  0.5339 
   00977    0.4124   -8495.1090  0.5318 
   00978    0.4124   -8509.8091  0.5349 
   00979    0.4176   -8464.7083  0.5361 
   00980    0.4216   -8445.7365  0.5346 
   00981    0.4196   -8444.7934  0.5398 
   00982    0.3960   -8504.6073  0.5432 
   00983    0.4092   -8509.6651  0.5396 
   00984    0.4104   -8491.2427  0.5341 
   00985    0.3968   -8485.2053  0.5367 
   00986    0.4244   -8465.7905  0.5322 
   00987    0.4204   -8465.1540  0.5327 
   00988    0.4216   -8483.9084  0.5325 
   00989    0.4276   -8540.1911  0.5376 
   00990    0.4024   -8547.7383  0.5355 
   00991    0.4036   -8566.1786  0.5409 
   00992    0.4028   -8548.0726  0.5446 
   00993    0.4212   -8554.6011  0.5520 
   00994    0.4024   -8583.0693  0.5533 
   00995    0.4076   -8585.4178  0.5582 
   00996    0.4132   -8571.2834  0.5597 
   00997    0.3916   -8578.3711  0.5559 
   00998    0.4084   -8487.2479  0.5514 
   00999    0.4240   -8480.6804  0.5486 
   01000    0.4124   -8518.6800  0.5558 
