#=====================================================
# File created:        Wed-29-Oct-2025-at-10-19-45PM
# Size of lattice:     50x50
# Number of MC steps:  1000
# Reduced temperature: 0.500
# Run time (s):        32.270253
#=====================================================
# MC step:  Ratio:     Energy:   Order:
#=====================================================
   00000    0.5000   -2525.4079  0.2539 
   00001    0.6768   -3738.2285  0.2702 
   00002    0.6364   -4554.7073  0.2734 
   00003    0.5904   -5110.1341  0.2745 
   00004    0.5472   -5582.8638  0.2880 
   00005    0.5360   -5940.7249  0.2873 
   00006    0.5184   -6203.0741  0.2885 
   00007    0.5052   -6410.8540  0.2798 
   00008    0.5020   -6589.3430  0.2756 
   00009    0.4820   -6745.7070  0.2760 
   00010    0.4920   -6942.4622  0.2834 
   00011    0.4680   -7027.9835  0.2874 
   00012    0.4776   -7118.4482  0.2872 
   00013    0.4596   -7185.1752  0.2888 
   00014    0.4728   -7313.0663  0.2849 
   00015    0.4444   -7338.5789  0.2855 
   00016    0.4416   -7425.7087  0.2847 
   00017    0.4552   -7470.1620  0.2831 
   00018    0.4340   -7539.7770  0.2867 
   00019    0.4544   -7616.2100  0.2895 
   00020    0.4584   -7620.1202  0.2820 
   00021    0.4384   -7660.3335  0.2828 
   00022    0.4544   -7681.1958  0.2783 
   00023    0.4368   -7663.8129  0.2755 
   00024    0.4356   -7682.6319  0.2739 
   00025    0.4540   -7704.8259  0.2723 
   00026    0.4452   -7764.5929  0.2752 
   00027    0.4436   -7783.3454  0.2783 
   00028    0.4192   -7768.5630  0.2795 
   00029    0.4560   -7796.7348  0.2871 
   00030    0.4356   -7817.6826  0.2885 
   00031    0.4376   -7812.1619  0.2888 
   00032    0.4336   -7852.2088  0.2954 
   00033    0.4504   -7887.9532  0.2947 
   00034    0.4336   -7933.5225  0.2909 
   00035    0.4400   -7887.1722  0.2899 
   00036    0.4484   -7895.7096  0.2946 
   00037    0.4176   -7907.1983  0.2932 
   00038    0.4452   -7914.9059  0.2948 
   00039    0.4484   -7931.7596  0.2963 
   00040    0.4244   -7931.4920  0.2953 
   00041    0.4304   -7945.8544  0.2948 
   00042    0.4348   -7956.0618  0.2964 
   00043    0.4296   -7971.1199  0.2994 
   00044    0.4264   -7991.8180  0.3022 
   00045    0.4424   -7994.1260  0.3031 
   00046    0.4044   -8009.0569  0.3005 
   00047    0.4308   -8013.0271  0.2997 
   00048    0.4280   -8022.3758  0.3036 
   00049    0.4316   -8049.8390  0.3046 
   00050    0.4308   -8092.4477  0.3027 
   00051    0.4124   -8078.6637  0.2985 
   00052    0.4352   -8061.9280  0.2979 
   00053    0.4300   -8090.0045  0.3013 
   00054    0.4488   -8073.7655  0.3024 
   00055    0.4112   -8080.1691  0.3023 
   00056    0.4148   -8091.5577  0.3097 
   00057    0.4284   -8086.4561  0.3124 
   00058    0.4360   -8081.0606  0.3168 
   00059    0.4176   -8117.4845  0.3239 
   00060    0.4304   -8120.2282  0.3294 
   00061    0.4296   -8096.7028  0.3344 
   00062    0.4388   -8105.4883  0.3327 
   00063    0.4344   -8124.5574  0.3337 
   00064    0.4312   -8163.4185  0.3386 
   00065    0.4204   -8202.6500  0.3350 
   00066    0.4256   -8184.9008  0.3361 
   00067    0.4452   -8187.8246  0.3406 
   00068    0.4244   -8241.6876  0.3457 
   00069    0.4244   -8267.9962  0.3466 
   00070    0.4188   -8235.4704  0.3521 
   00071    0.4304   -8245.6431  0.3502 
   00072    0.4116   -8245.8380  0.3477 
   00073    0.4272   -8235.3211  0.3355 
   00074    0.4132   -8209.8154  0.3445 
   00075    0.4172   -8217.5043  0.3446 
   00076    0.4320   -8215.1526  0.3473 
   00077    0.4132   -8264.6384  0.3545 
   00078    0.4180   -8246.1365  0.3534 
   00079    0.4228   -8284.5855  0.3589 
   00080    0.4168   -8320.1295  0.3656 
   00081    0.4132   -8282.1290  0.3649 
   00082    0.4172   -8294.9542  0.3585 
   00083    0.4160   -8277.5255  0.3643 
   00084    0.4208   -8294.8787  0.3617 
   00085    0.4040   -8273.4518  0.3648 
   00086    0.4324   -8292.8976  0.3618 
   00087    0.4248   -8307.6596  0.3636 
   00088    0.4108   -8272.3543  0.3626 
   00089    0.4256   -8261.6333  0.3639 
   00090    0.4308   -8256.3482  0.3577 
   00091    0.4168   -8294.7988  0.3589 
   00092    0.4112   -8299.6164  0.3651 
   00093    0.4128   -8289.0758  0.3643 
   00094    0.4228   -8276.1236  0.3622 
   00095    0.4296   -8265.1666  0.3652 
   00096    0.4112   -8251.7028  0.3664 
   00097    0.4024   -8302.5914  0.3602 
   00098    0.4160   -8298.4960  0.3633 
   00099    0.4188   -8315.8678  0.3635 
   00100    0.4112   -8290.2297  0.3563 
   00101    0.4068   -8306.8405  0.3605 
   00102    0.4296   -8322.6914  0.3612 
   00103    0.4248   -8295.5982  0.3613 
   00104    0.4136   -8337.1468  0.3680 
   00105    0.4024   -8295.9894  0.3630 
   00106    0.4192   -8306.0476  0.3613 
   00107    0.4264   -8303.8346  0.3662 
   00108    0.3812   -8313.3323  0.3596 
   00109    0.4152   -8315.6802  0.3575 
   00110    0.4124   -8319.6035  0.3521 
   00111    0.4084   -8338.5058  0.3483 
   00112    0.4232   -8328.3892  0.3474 
   00113    0.4116   -8321.8423  0.3450 
   00114    0.4204   -8352.6244  0.3367 
   00115    0.4148   -8325.1532  0.3395 
   00116    0.4104   -8316.6468  0.3283 
   00117    0.4184   -8344.5481  0.3272 
   00118    0.4156   -8329.8310  0.3308 
   00119    0.4088   -8321.5905  0.3249 
   00120    0.4064   -8308.7603  0.3280 
   00121    0.4172   -8312.8731  0.3239 
   00122    0.4076   -8335.3128  0.3177 
   00123    0.4228   -8346.8269  0.3265 
   00124    0.4248   -8291.9260  0.3222 
   00125    0.4260   -8317.4775  0.3180 
   00126    0.4184   -8337.2157  0.3153 
   00127    0.4236   -8340.6252  0.3215 
   00128    0.4228   -8334.9128  0.3276 
   00129    0.4212   -8390.6693  0.3319 
   00130    0.4228   -8367.8118  0.3317 
   00131    0.4092   -8340.0982  0.3305 
   00132    0.4020   -8369.4803  0.3319 
   00133    0.4228   -8373.8784  0.3341 
   00134    0.4236   -8383.0382  0.3379 
   00135    0.4240   -8364.5266  0.3356 
   00136    0.4064   -8341.9655  0.3348 
   00137    0.4248   -8343.1543  0.3334 
   00138    0.4252   -8337.3433  0.3331 
   00139    0.4316   -8353.8040  0.3396 
   00140    0.4120   -8332.9631  0.3516 
   00141    0.4268   -8344.1871  0.3465 
   00142    0.4228   -8379.2028  0.3458 
   00143    0.4028   -8338.2025  0.3407 
   00144    0.4136   -8361.4305  0.3440 
   00145    0.4248   -8368.1628  0.3381 
   00146    0.3976   -8400.4788  0.3384 
   00147    0.4156   -8419.1954  0.3393 
   00148    0.4024   -8443.2844  0.3416 
   00149    0.3920   -8423.3994  0.3395 
   00150    0.4340   -8457.1833  0.3356 
   00151    0.4148   -8423.5141  0.3341 
   00152    0.4296   -8444.1219  0.3319 
   00153    0.4116   -8457.9014  0.3349 
   00154    0.4320   -8453.4483  0.3320 
   00155    0.3908   -8466.2440  0.3257 
   00156    0.4104   -8408.9163  0.3195 
   00157    0.4216   -8405.7231  0.3176 
   00158    0.4120   -8437.8185  0.3131 
   00159    0.4144   -8461.1325  0.3179 
   00160    0.4104   -8462.1286  0.3118 
   00161    0.4132   -8416.2065  0.3138 
   00162    0.4140   -8417.1568  0.3134 
   00163    0.3980   -8418.4330  0.3164 
   00164    0.4260   -8439.4847  0.3204 
   00165    0.4060   -8413.0351  0.3182 
   00166    0.3960   -8405.7451  0.3139 
   00167    0.4252   -8416.5831  0.3135 
   00168    0.4028   -8375.8108  0.3116 
   00169    0.4212   -8380.2075  0.3155 
   00170    0.4100   -8371.6028  0.3153 
   00171    0.4220   -8385.0247  0.3120 
   00172    0.4248   -8358.4976  0.3138 
   00173    0.3996   -8382.0759  0.3138 
   00174    0.4116   -8383.9421  0.3201 
   00175    0.4064   -8356.8949  0.3242 
   00176    0.4044   -8366.5351  0.3234 
   00177    0.4132   -8325.6346  0.3185 
   00178    0.4028   -8331.2938  0.3229 
   00179    0.4312   -8338.9027  0.3291 
   00180    0.4164   -8300.0345  0.3307 
   00181    0.4212   -8297.2729  0.3347 
   00182    0.4184   -8259.0507  0.3332 
   00183    0.4088   -8302.1291  0.3341 
   00184    0.4200   -8297.5211  0.3335 
   00185    0.4192   -8341.7949  0.3351 
   00186    0.4240   -8354.6912  0.3297 
   00187    0.4084   -8360.3631  0.3329 
   00188    0.4148   -8373.6392  0.3351 
   00189    0.4212   -8355.0507  0.3369 
   00190    0.4088   -8373.9816  0.3376 
   00191    0.4236   -8369.8323  0.3309 
   00192    0.4204   -8340.7092  0.3387 
   00193    0.4084   -8339.6301  0.3459 
   00194    0.4232   -8377.5339  0.3426 
   00195    0.4132   -8447.9577  0.3453 
   00196    0.4260   -8464.3665  0.3459 
   00197    0.4120   -8407.0475  0.3486 
   00198    0.4020   -8390.1698  0.3503 
   00199    0.4224   -8387.8637  0.3546 
   00200    0.4044   -8417.0918  0.3590 
   00201    0.4068   -8369.3240  0.3600 
   00202    0.4236   -8353.2670  0.3628 
   00203    0.4320   -8357.2810  0.3626 
   00204    0.4100   -8366.4607  0.3626 
   00205    0.4228   -8310.8313  0.3635 
   00206    0.4404   -8336.0510  0.3629 
   00207    0.4068   -8380.5016  0.3729 
   00208    0.4056   -8380.9461  0.3782 
   00209    0.4064   -8374.1859  0.3742 
   00210    0.4176   -8334.9454  0.3762 
   00211    0.4036   -8307.5487  0.3809 
   00212    0.4300   -8287.5806  0.3843 
   00213    0.4092   -8299.4766  0.3787 
   00214    0.4184   -8353.0814  0.3725 
   00215    0.3920   -8389.0140  0.3670 
   00216    0.4352   -8416.8777  0.3690 
   00217    0.4152   -8440.0418  0.3700 
   00218    0.4212   -8406.6607  0.3628 
   00219    0.4060   -8434.3995  0.3615 
   00220    0.4096   -8445.0222  0.3613 
   00221    0.4096   -8448.0620  0.3630 
   00222    0.4276   -8427.8097  0.3627 
   00223    0.4164   -8413.1211  0.3643 
   00224    0.4220   -8411.4504  0.3682 
   00225    0.4224   -8413.5669  0.3681 
   00226    0.4016   -8385.8133  0.3686 
   00227    0.4204   -8394.0674  0.3719 
   00228    0.3976   -8405.8820  0.3676 
   00229    0.4088   -8419.8410  0.3691 
   00230    0.4032   -8446.7667  0.3680 
   00231    0.4040   -8428.2233  0.3692 
   00232    0.4120   -8420.5955  0.3699 
   00233    0.3956   -8413.1202  0.3712 
   00234    0.4188   -8440.7729  0.3820 
   00235    0.4228   -8400.4666  0.3802 
   00236    0.4304   -8357.9997  0.3810 
   00237    0.4116   -8377.8872  0.3817 
   00238    0.3944   -8384.6312  0.3833 
   00239    0.4028   -8427.1363  0.3874 
   00240    0.4072   -8427.1652  0.3853 
   00241    0.4104   -8404.8384  0.3827 
   00242    0.4072   -8410.9890  0.3839 
   00243    0.4068   -8420.0763  0.3877 
   00244    0.4020   -8407.7343  0.3860 
   00245    0.4164   -8413.4878  0.3851 
   00246    0.4248   -8384.6170  0.3901 
   00247    0.4252   -8349.4950  0.3926 
   00248    0.4176   -8319.5876  0.3966 
   00249    0.4172   -8349.7093  0.3953 
   00250    0.4036   -8342.4260  0.3945 
   00251    0.4128   -8362.7358  0.3866 
   00252    0.4060   -8339.1801  0.3860 
   00253    0.3976   -8358.6369  0.3844 
   00254    0.4068   -8393.4599  0.3865 
   00255    0.4224   -8366.3467  0.3824 
   00256    0.4028   -8349.7207  0.3867 
   00257    0.4136   -8395.1248  0.3900 
   00258    0.4072   -8363.1759  0.3896 
   00259    0.4060   -8382.4483  0.3883 
   00260    0.4232   -8363.9801  0.3844 
   00261    0.4000   -8404.2360  0.3831 
   00262    0.4192   -8409.4425  0.3771 
   00263    0.4180   -8369.3333  0.3714 
   00264    0.4068   -8367.7176  0.3665 
   00265    0.4320   -8399.9671  0.3679 
   00266    0.4052   -8384.0054  0.3685 
   00267    0.4336   -8389.0154  0.3688 
   00268    0.4104   -8385.2074  0.3694 
   00269    0.4044   -8372.1053  0.3696 
   00270    0.4192   -8349.1947  0.3667 
   00271    0.4220   -8334.3223  0.3674 
   00272    0.4276   -8359.6932  0.3680 
   00273    0.4192   -8357.2102  0.3717 
   00274    0.4088   -8396.8480  0.3736 
   00275    0.4028   -8422.5241  0.3700 
   00276    0.4124   -8366.2200  0.3691 
   00277    0.4044   -8400.6606  0.3773 
   00278    0.4120   -8386.0776  0.3799 
   00279    0.4224   -8353.4401  0.3826 
   00280    0.4116   -8341.3569  0.3834 
   00281    0.4260   -8339.9949  0.3821 
   00282    0.4072   -8331.5610  0.3847 
   00283    0.4108   -8336.0162  0.3796 
   00284    0.4080   -8337.4941  0.3794 
   00285    0.4340   -8363.1598  0.3694 
   00286    0.4256   -8362.9191  0.3784 
   00287    0.4272   -8347.4363  0.3830 
   00288    0.4216   -8334.9055  0.3856 
   00289    0.4340   -8390.8533  0.3842 
   00290    0.4136   -8370.1811  0.3793 
   00291    0.4192   -8410.5030  0.3821 
   00292    0.3948   -8440.6016  0.3800 
   00293    0.4052   -8440.5020  0.3846 
   00294    0.4200   -8435.4679  0.3832 
   00295    0.4016   -8430.9791  0.3762 
   00296    0.4104   -8458.3410  0.3779 
   00297    0.4044   -8456.8067  0.3742 
   00298    0.4084   -8448.0605  0.3719 
   00299    0.4200   -8424.9346  0.3646 
   00300    0.4020   -8366.3771  0.3547 
   00301    0.4288   -8410.4877  0.3575 
   00302    0.3992   -8360.2374  0.3546 
   00303    0.4100   -8394.4888  0.3525 
   00304    0.4136   -8388.5406  0.3524 
   00305    0.4096   -8400.8890  0.3501 
   00306    0.4104   -8347.5085  0.3453 
   00307    0.4336   -8359.6357  0.3418 
   00308    0.4200   -8373.9800  0.3384 
   00309    0.4112   -8387.8210  0.3402 
   00310    0.4160   -8416.0838  0.3432 
   00311    0.4088   -8375.3723  0.3460 
   00312    0.4144   -8378.4692  0.3447 
   00313    0.4140   -8355.3610  0.3434 
   00314    0.4112   -8376.4082  0.3413 
   00315    0.4348   -8373.5564  0.3413 
   00316    0.4160   -8352.6132  0.3432 
   00317    0.4164   -8372.5652  0.3372 
   00318    0.4120   -8360.2200  0.3408 
   00319    0.4196   -8372.6924  0.3340 
   00320    0.4212   -8356.3056  0.3458 
   00321    0.4152   -8411.9262  0.3500 
   00322    0.4044   -8440.5778  0.3603 
   00323    0.4060   -8431.2247  0.3631 
   00324    0.4076   -8432.1286  0.3636 
   00325    0.4024   -8465.9077  0.3622 
   00326    0.4000   -8453.2400  0.3604 
   00327    0.4120   -8481.5730  0.3586 
   00328    0.4272   -8494.7558  0.3600 
   00329    0.4088   -8465.9489  0.3567 
   00330    0.4144   -8473.0752  0.3544 
   00331    0.4288   -8462.7445  0.3500 
   00332    0.4244   -8441.3411  0.3604 
   00333    0.4112   -8448.2970  0.3616 
   00334    0.4136   -8428.2689  0.3531 
   00335    0.4156   -8461.6050  0.3571 
   00336    0.4256   -8477.2463  0.3612 
   00337    0.4072   -8430.0330  0.3608 
   00338    0.4012   -8481.2469  0.3574 
   00339    0.4288   -8492.4957  0.3577 
   00340    0.4144   -8496.9697  0.3576 
   00341    0.4168   -8488.6701  0.3530 
   00342    0.3868   -8472.5337  0.3524 
   00343    0.4280   -8493.3932  0.3492 
   00344    0.4184   -8494.5475  0.3430 
   00345    0.4012   -8529.9653  0.3449 
   00346    0.4124   -8527.1846  0.3498 
   00347    0.3964   -8506.2623  0.3497 
   00348    0.4100   -8473.8487  0.3518 
   00349    0.4152   -8449.4559  0.3515 
   00350    0.4304   -8424.9343  0.3520 
   00351    0.4116   -8418.8340  0.3492 
   00352    0.4252   -8409.8204  0.3508 
   00353    0.4308   -8402.8072  0.3489 
   00354    0.4320   -8434.1518  0.3471 
   00355    0.4172   -8435.4396  0.3475 
   00356    0.4108   -8427.1588  0.3454 
   00357    0.4268   -8457.3461  0.3510 
   00358    0.4240   -8433.8756  0.3431 
   00359    0.4148   -8429.9696  0.3500 
   00360    0.4088   -8410.0887  0.3494 
   00361    0.4268   -8406.3647  0.3549 
   00362    0.4168   -8389.6046  0.3539 
   00363    0.4268   -8408.0627  0.3559 
   00364    0.4232   -8413.6423  0.3497 
   00365    0.4116   -8394.7579  0.3461 
   00366    0.4188   -8380.1159  0.3457 
   00367    0.3984   -8413.6087  0.3393 
   00368    0.4096   -8416.7764  0.3420 
   00369    0.4172   -8450.8589  0.3446 
   00370    0.4192   -8371.4504  0.3403 
   00371    0.3952   -8439.9252  0.3462 
   00372    0.4144   -8417.3141  0.3444 
   00373    0.4196   -8464.5113  0.3534 
   00374    0.4096   -8446.5447  0.3519 
   00375    0.4096   -8444.0594  0.3426 
   00376    0.4124   -8401.9169  0.3442 
   00377    0.4216   -8386.7245  0.3439 
   00378    0.4048   -8377.9882  0.3442 
   00379    0.4104   -8366.9147  0.3509 
   00380    0.4256   -8376.4299  0.3558 
   00381    0.4032   -8371.7288  0.3511 
   00382    0.4100   -8448.6935  0.3531 
   00383    0.4256   -8382.5881  0.3510 
   00384    0.4256   -8404.2209  0.3525 
   00385    0.4352   -8385.2846  0.3452 
   00386    0.4160   -8370.8572  0.3473 
   00387    0.4220   -8406.0532  0.3536 
   00388    0.4132   -8424.2614  0.3539 
   00389    0.4276   -8432.7493  0.3580 
   00390    0.4120   -8427.3223  0.3664 
   00391    0.4108   -8435.4867  0.3637 
   00392    0.4096   -8410.5063  0.3679 
   00393    0.4080   -8423.2349  0.3673 
   00394    0.4064   -8413.7016  0.3681 
   00395    0.4160   -8392.9845  0.3715 
   00396    0.4188   -8443.1653  0.3704 
   00397    0.4136   -8460.3130  0.3645 
   00398    0.4172   -8471.1922  0.3698 
   00399    0.4176   -8396.6933  0.3741 
   00400    0.4016   -8407.0882  0.3739 
   00401    0.4072   -8341.2538  0.3772 
   00402    0.4112   -8362.1766  0.3821 
   00403    0.4248   -8385.3562  0.3830 
   00404    0.4204   -8404.7436  0.3852 
   00405    0.4244   -8406.7330  0.3856 
   00406    0.4344   -8380.3772  0.3840 
   00407    0.4344   -8412.1737  0.3880 
   00408    0.4228   -8401.2539  0.3893 
   00409    0.4152   -8429.1431  0.3896 
   00410    0.4016   -8441.3050  0.3871 
   00411    0.4296   -8421.2750  0.3936 
   00412    0.4052   -8457.5338  0.3957 
   00413    0.4172   -8470.1324  0.4004 
   00414    0.4112   -8409.9854  0.3981 
   00415    0.4036   -8444.9034  0.3944 
   00416    0.4052   -8483.0249  0.3910 
   00417    0.4156   -8490.5645  0.3913 
   00418    0.4040   -8464.0610  0.3843 
   00419    0.4104   -8442.3377  0.3913 
   00420    0.4156   -8387.5208  0.3842 
   00421    0.4120   -8425.8864  0.3881 
   00422    0.4228   -8452.2370  0.3920 
   00423    0.4136   -8436.7189  0.3974 
   00424    0.4168   -8426.6827  0.3983 
   00425    0.4388   -8463.7146  0.3969 
   00426    0.4144   -8498.1276  0.3956 
   00427    0.4124   -8501.0809  0.4061 
   00428    0.4180   -8490.2983  0.3997 
   00429    0.4236   -8481.6141  0.4052 
   00430    0.4048   -8483.8379  0.3999 
   00431    0.3944   -8521.7798  0.4044 
   00432    0.4140   -8509.7498  0.3987 
   00433    0.4004   -8491.3099  0.3949 
   00434    0.4180   -8549.3605  0.3914 
   00435    0.4204   -8515.5012  0.3868 
   00436    0.4076   -8532.2797  0.3876 
   00437    0.4340   -8465.2957  0.3915 
   00438    0.4172   -8416.5711  0.3914 
   00439    0.4056   -8449.7912  0.3948 
   00440    0.4140   -8432.1905  0.3933 
   00441    0.3976   -8439.0942  0.3960 
   00442    0.4040   -8464.1798  0.3943 
   00443    0.4112   -8431.6796  0.3964 
   00444    0.4268   -8455.9071  0.3957 
   00445    0.4144   -8432.8823  0.3962 
   00446    0.4172   -8443.7370  0.3924 
   00447    0.4064   -8459.3970  0.3914 
   00448    0.4100   -8399.6933  0.4030 
   00449    0.3960   -8427.6506  0.4023 
   00450    0.4352   -8477.4873  0.4044 
   00451    0.4228   -8487.2295  0.4016 
   00452    0.4088   -8473.3898  0.4030 
   00453    0.4192   -8525.5064  0.4061 
   00454    0.4092   -8514.2683  0.3989 
   00455    0.4148   -8489.2717  0.4024 
   00456    0.4124   -8428.7712  0.4073 
   00457    0.4296   -8466.4064  0.4064 
   00458    0.4144   -8446.2081  0.4025 
   00459    0.4140   -8468.5383  0.3980 
   00460    0.4228   -8514.2225  0.3985 
   00461    0.3952   -8546.6456  0.3967 
   00462    0.3960   -8513.0000  0.3927 
   00463    0.4220   -8465.9332  0.3963 
   00464    0.4240   -8400.9939  0.3945 
   00465    0.4104   -8402.7144  0.3953 
   00466    0.4360   -8442.9829  0.3954 
   00467    0.3980   -8448.0338  0.3931 
   00468    0.4188   -8470.7946  0.3997 
   00469    0.4072   -8444.2721  0.3950 
   00470    0.4116   -8486.4757  0.3923 
   00471    0.4200   -8434.6948  0.3863 
   00472    0.4208   -8410.5332  0.3886 
   00473    0.4104   -8432.9410  0.3825 
   00474    0.4212   -8448.2827  0.3765 
   00475    0.4188   -8468.5945  0.3814 
   00476    0.4284   -8473.3419  0.3835 
   00477    0.4112   -8456.8458  0.3768 
   00478    0.3960   -8466.8494  0.3725 
   00479    0.4068   -8450.5205  0.3657 
   00480    0.4152   -8429.3624  0.3557 
   00481    0.4188   -8451.2174  0.3482 
   00482    0.4028   -8456.6801  0.3447 
   00483    0.4132   -8435.5028  0.3456 
   00484    0.4044   -8476.7856  0.3469 
   00485    0.4140   -8432.8009  0.3387 
   00486    0.4248   -8491.9255  0.3391 
   00487    0.3876   -8510.4043  0.3383 
   00488    0.3868   -8483.5986  0.3425 
   00489    0.4128   -8507.5057  0.3392 
   00490    0.4172   -8532.8070  0.3362 
   00491    0.4016   -8501.3597  0.3354 
   00492    0.4080   -8488.0683  0.3397 
   00493    0.4088   -8496.9616  0.3432 
   00494    0.4172   -8483.4583  0.3465 
   00495    0.4108   -8482.2520  0.3476 
   00496    0.3996   -8460.7575  0.3469 
   00497    0.4076   -8496.8985  0.3436 
   00498    0.4048   -8433.0891  0.3355 
   00499    0.4100   -8467.2477  0.3403 
   00500    0.3996   -8446.0667  0.3448 
   00501    0.4256   -8431.6008  0.3447 
   00502    0.4164   -8457.6807  0.3522 
   00503    0.4200   -8428.5193  0.3479 
   00504    0.4204   -8427.3615  0.3481 
   00505    0.4264   -8446.9014  0.3484 
   00506    0.4000   -8416.5334  0.3506 
   00507    0.3916   -8440.8283  0.3655 
   00508    0.3960   -8398.2240  0.3678 
   00509    0.4308   -8355.0346  0.3645 
   00510    0.4260   -8357.5960  0.3615 
   00511    0.4124   -8402.0310  0.3528 
   00512    0.3912   -8406.3779  0.3455 
   00513    0.4216   -8413.1580  0.3442 
   00514    0.4252   -8455.2663  0.3448 
   00515    0.4112   -8396.6592  0.3415 
   00516    0.3992   -8422.6951  0.3433 
   00517    0.4268   -8478.9740  0.3454 
   00518    0.4296   -8451.6079  0.3472 
   00519    0.4172   -8482.6875  0.3435 
   00520    0.4100   -8474.6221  0.3464 
   00521    0.4156   -8494.8013  0.3446 
   00522    0.4224   -8474.8081  0.3399 
   00523    0.3996   -8476.5262  0.3392 
   00524    0.4204   -8484.4859  0.3389 
   00525    0.4216   -8463.2501  0.3288 
   00526    0.4084   -8465.9298  0.3320 
   00527    0.4140   -8429.6249  0.3352 
   00528    0.4148   -8468.4895  0.3383 
   00529    0.4248   -8437.0761  0.3340 
   00530    0.4036   -8465.9087  0.3320 
   00531    0.4324   -8461.3284  0.3301 
   00532    0.4088   -8430.5523  0.3256 
   00533    0.4056   -8409.6601  0.3191 
   00534    0.4304   -8441.0643  0.3117 
   00535    0.4052   -8415.2491  0.3111 
   00536    0.4216   -8397.3278  0.3110 
   00537    0.4096   -8431.7369  0.3103 
   00538    0.4036   -8413.8899  0.3119 
   00539    0.4004   -8422.1718  0.3177 
   00540    0.4120   -8370.1676  0.3167 
   00541    0.4184   -8372.3292  0.3198 
   00542    0.4072   -8346.3059  0.3154 
   00543    0.4080   -8386.8814  0.3258 
   00544    0.4128   -8417.8613  0.3313 
   00545    0.4140   -8461.9189  0.3328 
   00546    0.4204   -8415.7052  0.3401 
   00547    0.4204   -8423.3184  0.3363 
   00548    0.4144   -8433.2043  0.3423 
   00549    0.4108   -8466.0943  0.3356 
   00550    0.4208   -8464.7727  0.3353 
   00551    0.4176   -8404.5335  0.3331 
   00552    0.4124   -8427.0143  0.3299 
   00553    0.4176   -8439.2465  0.3344 
   00554    0.4188   -8441.8619  0.3349 
   00555    0.4304   -8411.5119  0.3358 
   00556    0.4248   -8411.1337  0.3422 
   00557    0.4156   -8377.3998  0.3454 
   00558    0.4224   -8342.8243  0.3459 
   00559    0.4168   -8360.3783  0.3399 
   00560    0.4096   -8339.6606  0.3427 
   00561    0.4320   -8372.0374  0.3489 
   00562    0.4164   -8413.6199  0.3476 
   00563    0.4232   -8459.2811  0.3503 
   00564    0.4092   -8439.0271  0.3536 
   00565    0.4172   -8429.9708  0.3552 
   00566    0.4272   -8400.9936  0.3522 
   00567    0.4200   -8399.7160  0.3497 
   00568    0.4024   -8403.0057  0.3440 
   00569    0.4040   -8430.6772  0.3385 
   00570    0.4148   -8458.6353  0.3454 
   00571    0.4212   -8467.8981  0.3476 
   00572    0.4220   -8500.1890  0.3490 
   00573    0.4032   -8437.9580  0.3381 
   00574    0.4140   -8442.2171  0.3428 
   00575    0.4064   -8432.0334  0.3488 
   00576    0.4216   -8454.2424  0.3434 
   00577    0.4236   -8485.4260  0.3463 
   00578    0.4132   -8443.5805  0.3515 
   00579    0.4080   -8460.0914  0.3464 
   00580    0.4012   -8485.4845  0.3507 
   00581    0.3968   -8493.9130  0.3533 
   00582    0.4176   -8454.4968  0.3506 
   00583    0.4096   -8475.9790  0.3589 
   00584    0.4256   -8428.5297  0.3586 
   00585    0.4220   -8408.2004  0.3619 
   00586    0.4104   -8419.0828  0.3642 
   00587    0.4268   -8426.4904  0.3694 
   00588    0.3972   -8465.5691  0.3664 
   00589    0.4040   -8466.4310  0.3684 
   00590    0.4064   -8490.4492  0.3680 
   00591    0.4152   -8425.0898  0.3672 
   00592    0.4244   -8418.6968  0.3648 
   00593    0.4232   -8458.2670  0.3593 
   00594    0.4132   -8458.7184  0.3643 
   00595    0.4080   -8481.5712  0.3565 
   00596    0.4172   -8468.1270  0.3580 
   00597    0.4228   -8459.9851  0.3618 
   00598    0.4016   -8456.3135  0.3621 
   00599    0.4160   -8501.9376  0.3531 
   00600    0.4204   -8490.6519  0.3508 
   00601    0.3908   -8455.6213  0.3492 
   00602    0.4168   -8476.3374  0.3445 
   00603    0.4276   -8502.1072  0.3395 
   00604    0.4008   -8476.1205  0.3394 
   00605    0.4024   -8440.8565  0.3369 
   00606    0.4088   -8440.2654  0.3419 
   00607    0.4164   -8454.0173  0.3383 
   00608    0.4128   -8433.9859  0.3377 
   00609    0.4096   -8487.9741  0.3409 
   00610    0.4052   -8450.2955  0.3435 
   00611    0.4084   -8476.1853  0.3414 
   00612    0.4332   -8456.6098  0.3405 
   00613    0.4216   -8470.1836  0.3424 
   00614    0.4028   -8518.8611  0.3351 
   00615    0.4224   -8462.8276  0.3354 
   00616    0.4012   -8432.4277  0.3331 
   00617    0.4164   -8414.0742  0.3378 
   00618    0.3992   -8414.2422  0.3405 
   00619    0.4096   -8418.7531  0.3434 
   00620    0.4272   -8426.2779  0.3378 
   00621    0.4336   -8451.6287  0.3340 
   00622    0.4148   -8427.6515  0.3440 
   00623    0.4244   -8463.4491  0.3364 
   00624    0.4096   -8462.2542  0.3385 
   00625    0.4316   -8493.4563  0.3398 
   00626    0.4160   -8507.6199  0.3292 
   00627    0.4060   -8463.3027  0.3356 
   00628    0.4076   -8416.2965  0.3347 
   00629    0.4184   -8406.8399  0.3327 
   00630    0.4188   -8442.0781  0.3371 
   00631    0.4020   -8452.0879  0.3411 
   00632    0.4200   -8379.8221  0.3378 
   00633    0.4176   -8398.7544  0.3453 
   00634    0.4288   -8404.8517  0.3461 
   00635    0.4216   -8379.6346  0.3463 
   00636    0.4036   -8375.6251  0.3467 
   00637    0.4136   -8379.7094  0.3434 
   00638    0.4192   -8356.3837  0.3447 
   00639    0.3928   -8409.8835  0.3426 
   00640    0.4176   -8457.3470  0.3384 
   00641    0.4192   -8483.4519  0.3399 
   00642    0.4044   -8477.9923  0.3462 
   00643    0.3932   -8534.4024  0.3487 
   00644    0.4404   -8499.3721  0.3534 
   00645    0.4184   -8479.8585  0.3490 
   00646    0.4128   -8461.7529  0.3450 
   00647    0.4244   -8430.9683  0.3357 
   00648    0.4220   -8407.8739  0.3403 
   00649    0.4136   -8416.5980  0.3378 
   00650    0.4156   -8391.7366  0.3377 
   00651    0.4132   -8421.7391  0.3419 
   00652    0.4188   -8416.6969  0.3432 
   00653    0.4272   -8446.9784  0.3381 
   00654    0.4052   -8468.6182  0.3408 
   00655    0.4088   -8502.1236  0.3461 
   00656    0.3976   -8467.2445  0.3393 
   00657    0.4056   -8452.6797  0.3443 
   00658    0.4140   -8479.8620  0.3437 
   00659    0.4176   -8468.1133  0.3511 
   00660    0.4328   -8463.4599  0.3487 
   00661    0.4188   -8485.7792  0.3516 
   00662    0.4176   -8507.7333  0.3479 
   00663    0.4256   -8500.1149  0.3463 
   00664    0.4192   -8503.8435  0.3441 
   00665    0.4152   -8515.0938  0.3448 
   00666    0.4128   -8516.7211  0.3407 
   00667    0.4080   -8498.6558  0.3390 
   00668    0.3984   -8539.7751  0.3415 
   00669    0.4096   -8542.3240  0.3419 
   00670    0.4060   -8540.6474  0.3370 
   00671    0.4136   -8462.3168  0.3352 
   00672    0.4140   -8469.7070  0.3354 
   00673    0.4064   -8460.6307  0.3386 
   00674    0.4244   -8463.8836  0.3425 
   00675    0.4088   -8481.1372  0.3418 
   00676    0.4056   -8451.7264  0.3406 
   00677    0.4064   -8452.5610  0.3463 
   00678    0.4100   -8428.9013  0.3379 
   00679    0.3976   -8427.2536  0.3432 
   00680    0.3996   -8439.1555  0.3444 
   00681    0.4080   -8444.0559  0.3458 
   00682    0.4172   -8461.4242  0.3425 
   00683    0.4176   -8460.3092  0.3495 
   00684    0.4316   -8511.9996  0.3442 
   00685    0.4004   -8447.6507  0.3351 
   00686    0.4268   -8447.9163  0.3436 
   00687    0.4036   -8421.5069  0.3497 
   00688    0.4140   -8399.9092  0.3460 
   00689    0.4024   -8445.2180  0.3465 
   00690    0.4104   -8454.2403  0.3469 
   00691    0.4032   -8450.2012  0.3422 
   00692    0.4016   -8478.9409  0.3480 
   00693    0.4124   -8447.0540  0.3494 
   00694    0.4100   -8441.2968  0.3479 
   00695    0.4040   -8385.2096  0.3448 
   00696    0.4112   -8374.1267  0.3421 
   00697    0.4252   -8337.4451  0.3451 
   00698    0.3964   -8403.4623  0.3450 
   00699    0.4092   -8352.6550  0.3461 
   00700    0.4152   -8392.0777  0.3471 
   00701    0.4280   -8408.0888  0.3416 
   00702    0.4264   -8400.4342  0.3298 
   00703    0.4060   -8437.9564  0.3340 
   00704    0.4020   -8467.5210  0.3264 
   00705    0.4068   -8430.9249  0.3314 
   00706    0.4176   -8439.3994  0.3293 
   00707    0.4040   -8447.3794  0.3293 
   00708    0.4124   -8416.8314  0.3302 
   00709    0.4028   -8470.1992  0.3160 
   00710    0.4052   -8484.5984  0.3166 
   00711    0.4052   -8431.1089  0.3143 
   00712    0.3956   -8467.8657  0.3170 
   00713    0.4024   -8450.3353  0.3208 
   00714    0.4220   -8502.5490  0.3165 
   00715    0.4156   -8479.4568  0.3188 
   00716    0.4136   -8500.2510  0.3169 
   00717    0.4052   -8453.9210  0.3195 
   00718    0.3952   -8435.4407  0.3178 
   00719    0.3992   -8471.0168  0.3119 
   00720    0.4136   -8447.9628  0.3159 
   00721    0.4264   -8465.1771  0.3106 
   00722    0.4044   -8503.8312  0.3094 
   00723    0.4260   -8504.8208  0.3049 
   00724    0.4088   -8525.7713  0.3035 
   00725    0.4204   -8474.0747  0.3048 
   00726    0.4252   -8434.5267  0.3040 
   00727    0.4016   -8399.3290  0.3012 
   00728    0.4148   -8410.6138  0.3045 
   00729    0.4124   -8412.2563  0.3043 
   00730    0.4100   -8383.1358  0.3089 
   00731    0.4084   -8423.2282  0.3143 
   00732    0.4104   -8404.1786  0.3115 
   00733    0.4200   -8351.9395  0.3106 
   00734    0.4240   -8410.6335  0.3138 
   00735    0.3948   -8429.5618  0.3175 
   00736    0.4300   -8418.2505  0.3196 
   00737    0.4188   -8389.6728  0.3174 
   00738    0.4120   -8429.3297  0.3147 
   00739    0.4292   -8432.8053  0.3129 
   00740    0.4120   -8419.3859  0.3113 
   00741    0.4284   -8431.7520  0.3108 
   00742    0.4184   -8428.7121  0.3130 
   00743    0.4056   -8434.3418  0.3062 
   00744    0.4108   -8446.9399  0.3152 
   00745    0.4052   -8487.5235  0.3138 
   00746    0.4068   -8473.7183  0.3124 
   00747    0.4180   -8456.1551  0.3142 
   00748    0.3912   -8442.4037  0.3174 
   00749    0.3992   -8481.4480  0.3162 
   00750    0.4156   -8489.2790  0.3140 
   00751    0.3868   -8470.7975  0.3116 
   00752    0.4228   -8465.8953  0.3081 
   00753    0.4280   -8446.5779  0.3018 
   00754    0.4148   -8429.3302  0.2984 
   00755    0.4080   -8458.9734  0.3044 
   00756    0.4164   -8432.3121  0.3003 
   00757    0.4164   -8453.1686  0.3083 
   00758    0.4224   -8417.1216  0.3032 
   00759    0.4116   -8401.5446  0.3085 
   00760    0.4188   -8408.7776  0.3050 
   00761    0.4128   -8424.7071  0.3008 
   00762    0.4128   -8456.8731  0.2988 
   00763    0.4120   -8444.6611  0.2967 
   00764    0.4340   -8446.2567  0.3027 
   00765    0.3904   -8454.5717  0.3068 
   00766    0.4136   -8436.6772  0.3082 
   00767    0.4228   -8430.4877  0.3135 
   00768    0.4116   -8442.6019  0.3154 
   00769    0.4100   -8509.6626  0.3148 
   00770    0.4080   -8534.8395  0.3090 
   00771    0.4180   -8489.2174  0.3105 
   00772    0.4140   -8491.7753  0.3145 
   00773    0.4212   -8441.4474  0.3168 
   00774    0.4180   -8465.8719  0.3106 
   00775    0.4100   -8516.4761  0.3085 
   00776    0.4072   -8458.3195  0.3069 
   00777    0.4264   -8457.2000  0.3081 
   00778    0.4204   -8474.3438  0.3079 
   00779    0.4260   -8470.7290  0.3024 
   00780    0.4000   -8503.4089  0.2991 
   00781    0.4100   -8466.3459  0.2945 
   00782    0.4176   -8446.2117  0.2920 
   00783    0.4152   -8414.8462  0.2933 
   00784    0.4112   -8396.7747  0.2915 
   00785    0.4020   -8410.2376  0.2949 
   00786    0.4060   -8410.1726  0.2977 
   00787    0.4108   -8401.9840  0.2900 
   00788    0.4160   -8335.8006  0.2883 
   00789    0.4292   -8366.1956  0.2884 
   00790    0.4100   -8372.9867  0.2853 
   00791    0.4152   -8433.6771  0.2826 
   00792    0.4196   -8415.1240  0.2840 
   00793    0.4268   -8391.8979  0.2882 
   00794    0.4240   -8394.4951  0.2808 
   00795    0.4060   -8415.5313  0.2864 
   00796    0.4184   -8419.1314  0.2943 
   00797    0.4140   -8434.4572  0.2884 
   00798    0.4152   -8441.7658  0.2881 
   00799    0.4068   -8421.6463  0.2909 
   00800    0.3988   -8415.8684  0.2946 
   00801    0.4216   -8449.9402  0.3019 
   00802    0.4068   -8470.0395  0.3014 
   00803    0.4208   -8500.9600  0.3039 
   00804    0.4220   -8501.4775  0.3036 
   00805    0.4076   -8479.9767  0.3055 
   00806    0.4088   -8492.1677  0.3088 
   00807    0.4064   -8534.2855  0.3079 
   00808    0.4212   -8483.1838  0.3079 
   00809    0.4216   -8461.8226  0.3064 
   00810    0.4064   -8484.1242  0.3089 
   00811    0.4068   -8463.2582  0.3112 
   00812    0.4148   -8474.7306  0.3134 
   00813    0.4148   -8508.0595  0.3218 
   00814    0.4172   -8474.8148  0.3242 
   00815    0.4004   -8472.7852  0.3200 
   00816    0.4212   -8424.6181  0.3215 
   00817    0.4160   -8434.9312  0.3236 
   00818    0.4152   -8414.5301  0.3137 
   00819    0.4156   -8400.9327  0.3151 
   00820    0.4224   -8368.0697  0.3125 
   00821    0.4196   -8424.1228  0.3137 
   00822    0.4316   -8442.0083  0.3126 
   00823    0.4428   -8420.2800  0.3132 
   00824    0.3996   -8449.2863  0.3111 
   00825    0.4140   -8447.8452  0.3130 
   00826    0.4104   -8469.0941  0.3135 
   00827    0.4292   -8442.9435  0.3100 
   00828    0.4236   -8411.1769  0.3131 
   00829    0.4148   -8441.4837  0.3174 
   00830    0.4160   -8452.2806  0.3159 
   00831    0.4384   -8456.0148  0.3080 
   00832    0.4028   -8459.0833  0.3079 
   00833    0.4180   -8440.5934  0.3079 
   00834    0.3924   -8439.1353  0.3065 
   00835    0.4188   -8470.8876  0.3100 
   00836    0.4216   -8450.0733  0.3050 
   00837    0.4232   -8455.1530  0.3061 
   00838    0.3940   -8452.8480  0.3060 
   00839    0.3936   -8455.6566  0.3003 
   00840    0.4220   -8468.6138  0.3021 
   00841    0.4136   -8503.8816  0.3011 
   00842    0.4132   -8471.3474  0.2977 
   00843    0.4184   -8482.3734  0.2978 
   00844    0.4116   -8496.3503  0.2995 
   00845    0.4204   -8514.2024  0.3025 
   00846    0.4228   -8473.6593  0.3039 
   00847    0.4040   -8469.0748  0.3068 
   00848    0.4060   -8433.7505  0.3020 
   00849    0.4076   -8437.8555  0.3040 
   00850    0.4032   -8412.7961  0.3140 
   00851    0.4072   -8435.4105  0.3101 
   00852    0.4188   -8477.3051  0.3186 
   00853    0.4260   -8439.3254  0.3142 
   00854    0.4180   -8434.1251  0.3125 
   00855    0.4196   -8478.3892  0.3092 
   00856    0.4172   -8466.7446  0.3128 
   00857    0.4128   -8442.3287  0.3130 
   00858    0.4208   -8460.2869  0.3145 
   00859    0.4112   -8468.0895  0.3082 
   00860    0.4012   -8456.1803  0.3096 
   00861    0.4216   -8431.3186  0.3122 
   00862    0.4144   -8469.8173  0.3150 
   00863    0.4096   -8430.6664  0.3175 
   00864    0.4360   -8436.5886  0.3191 
   00865    0.4216   -8435.3444  0.3230 
   00866    0.4244   -8452.9917  0.3262 
   00867    0.4348   -8455.6556  0.3253 
   00868    0.4208   -8475.8081  0.3285 
   00869    0.4156   -8485.2217  0.3242 
   00870    0.4168   -8500.1394  0.3259 
   00871    0.4100   -8466.7752  0.3223 
   00872    0.4044   -8466.1812  0.3217 
   00873    0.4084   -8487.4299  0.3208 
   00874    0.4132   -8460.4044  0.3231 
   00875    0.4080   -8484.1281  0.3180 
   00876    0.4216   -8486.5813  0.3305 
   00877    0.4184   -8474.3643  0.3227 
   00878    0.4088   -8458.7116  0.3258 
   00879    0.4072   -8436.6187  0.3296 
   00880    0.4044   -8444.4743  0.3275 
   00881    0.4340   -8481.5484  0.3285 
   00882    0.3992   -8485.6492  0.3292 
   00883    0.4208   -8511.7502  0.3257 
   00884    0.4140   -8508.4258  0.3278 
   00885    0.4116   -8507.3499  0.3354 
   00886    0.4004   -8503.8626  0.3287 
   00887    0.4012   -8496.1842  0.3304 
   00888    0.3996   -8469.7288  0.3338 
   00889    0.4168   -8438.8374  0.3269 
   00890    0.4352   -8423.4868  0.3219 
   00891    0.4180   -8453.1419  0.3206 
   00892    0.4064   -8455.5501  0.3226 
   00893    0.4112   -8445.5859  0.3204 
   00894    0.4084   -8433.8390  0.3181 
   00895    0.4160   -8455.4177  0.3188 
   00896    0.4216   -8473.9035  0.3079 
   00897    0.4164   -8462.7846  0.3094 
   00898    0.4020   -8489.0538  0.3144 
   00899    0.4028   -8521.4863  0.3130 
   00900    0.3936   -8500.6233  0.3113 
   00901    0.4068   -8484.1070  0.3061 
   00902    0.4060   -8418.1705  0.3094 
   00903    0.4084   -8479.6702  0.3099 
   00904    0.4240   -8462.1480  0.3047 
   00905    0.4136   -8421.2377  0.3018 
   00906    0.3976   -8419.6635  0.2996 
   00907    0.4308   -8394.1236  0.3043 
   00908    0.4080   -8431.9925  0.3136 
   00909    0.4148   -8432.6893  0.3087 
   00910    0.4240   -8481.7561  0.3064 
   00911    0.4092   -8437.4661  0.3120 
   00912    0.3924   -8419.4024  0.3089 
   00913    0.4084   -8478.7869  0.3099 
   00914    0.4272   -8447.7193  0.3083 
   00915    0.4236   -8433.8106  0.3074 
   00916    0.4156   -8423.2040  0.3073 
   00917    0.4040   -8488.0770  0.3087 
   00918    0.4212   -8497.7768  0.3050 
   00919    0.4212   -8457.8645  0.3103 
   00920    0.4168   -8442.6878  0.3109 
   00921    0.4200   -8440.7035  0.3146 
   00922    0.4028   -8413.7684  0.3168 
   00923    0.4152   -8432.4636  0.3191 
   00924    0.4188   -8384.5399  0.3139 
   00925    0.4160   -8405.7293  0.3159 
   00926    0.4212   -8442.5831  0.3192 
   00927    0.4264   -8478.5449  0.3296 
   00928    0.4240   -8477.7010  0.3247 
   00929    0.4108   -8469.1893  0.3245 
   00930    0.4188   -8447.8298  0.3320 
   00931    0.4128   -8427.1695  0.3345 
   00932    0.4012   -8449.4398  0.3226 
   00933    0.4104   -8444.6840  0.3221 
   00934    0.4092   -8471.6514  0.3175 
   00935    0.4020   -8450.2285  0.3193 
   00936    0.4296   -8394.8302  0.3142 
   00937    0.4028   -8438.7255  0.3133 
   00938    0.4092   -8435.7665  0.3129 
   00939    0.4360   -8477.4742  0.3178 
   00940    0.4092   -8483.3565  0.3252 
   00941    0.4240   -8441.6185  0.3263 
   00942    0.4220   -8416.1319  0.3272 
   00943    0.4200   -8421.5110  0.3275 
   00944    0.4064   -8433.8695  0.3202 
   00945    0.4060   -8447.2442  0.3221 
   00946    0.4124   -8485.7622  0.3210 
   00947    0.4184   -8472.2776  0.3263 
   00948    0.4044   -8470.3748  0.3231 
   00949    0.3916   -8452.9126  0.3248 
   00950    0.4200   -8441.6253  0.3209 
   00951    0.4136   -8432.5654  0.3188 
   00952    0.4040   -8451.5242  0.3236 
   00953    0.4040   -8486.3712  0.3173 
   00954    0.4200   -8497.9193  0.3173 
   00955    0.4204   -8508.1173  0.3175 
   00956    0.4032   -8512.0560  0.3115 
   00957    0.4072   -8490.0893  0.3022 
   00958    0.4196   -8459.2872  0.3046 
   00959    0.4092   -8467.2802  0.3046 
   00960    0.4188   -8418.8272  0.3059 
   00961    0.4032   -8459.9077  0.3079 
   00962    0.4096   -8491.5786  0.3076 
   00963    0.4288   -8494.3130  0.3068 
   00964    0.4124   -8505.3623  0.3082 
   00965    0.4096   -8497.4534  0.3090 
   00966    0.4228   -8506.0954  0.3135 
   00967    0.3968   -8489.9899  0.3140 
   00968    0.4164   -8485.1248  0.3033 
   00969    0.4176   -8437.2634  0.3037 
   00970    0.3976   -8450.5422  0.3022 
   00971    0.3932   -8453.0941  0.3071 
   00972    0.4084   -8492.5849  0.3057 
   00973    0.4024   -8483.1451  0.3043 
   00974    0.4052   -8457.0293  0.3064 
   00975    0.4220   -8471.5947  0.3096 
   00976    0.4056   -8454.1839  0.3041 
   00977    0.4256   -8472.1131  0.3052 
   00978    0.4112   -8477.2577  0.3080 
   00979    0.4116   -8427.7547  0.3089 
   00980    0.3888   -8441.8752  0.3098 
   00981    0.4020   -8440.0403  0.3116 
   00982    0.4048   -8429.7763  0.3111 
   00983    0.4112   -8411.8791  0.3080 
   00984    0.4240   -8406.3270  0.3063 
   00985    0.4060   -8468.1571  0.2986 
   00986    0.4120   -8464.6213  0.3024 
   00987    0.4076   -8407.3862  0.2936 
   00988    0.4272   -8403.9705  0.2909 
   00989    0.4152   -8398.9955  0.2954 
   00990    0.4184   -8424.4027  0.2893 
   00991    0.4124   -8454.6807  0.2794 
   00992    0.4116   -8448.4362  0.2795 
   00993    0.4208   -8433.0994  0.2781 
   00994    0.4220   -8416.1263  0.2787 
   00995    0.4200   -8428.5800  0.2796 
   00996    0.4080   -8423.4067  0.2822 
   00997    0.4108   -8402.0101  0.2823 
   00998    0.4208   -8340.9340  0.2869 
   00999    0.4256   -8403.4028  0.2833 
   01000    0.4156   -8366.2871  0.2885 
