#=====================================================
# File created:        Wed-29-Oct-2025-at-10-12-01PM
# Size of lattice:     50x50
# Number of MC steps:  1000
# Reduced temperature: 0.500
# Run time (s):        32.526172
#=====================================================
# MC step:  Ratio:     Energy:   Order:
#=====================================================
   00000    0.5000   -2530.5154  0.2637 
   00001    0.6816   -3816.4274  0.2775 
   00002    0.6184   -4612.2875  0.3007 
   00003    0.5644   -5169.5677  0.3091 
   00004    0.5568   -5667.9613  0.3188 
   00005    0.5352   -5972.2017  0.3254 
   00006    0.5044   -6261.2982  0.3287 
   00007    0.4892   -6427.7604  0.3299 
   00008    0.4776   -6610.5564  0.3276 
   00009    0.4984   -6768.3356  0.3296 
   00010    0.4684   -6899.1709  0.3262 
   00011    0.4628   -7037.0650  0.3294 
   00012    0.4700   -7165.3191  0.3312 
   00013    0.4700   -7188.3440  0.3305 
   00014    0.4516   -7303.2546  0.3309 
   00015    0.4616   -7354.2513  0.3352 
   00016    0.4660   -7419.1838  0.3325 
   00017    0.4680   -7556.3876  0.3353 
   00018    0.4440   -7632.4851  0.3376 
   00019    0.4364   -7658.9185  0.3428 
   00020    0.4508   -7710.0338  0.3403 
   00021    0.4560   -7716.7621  0.3425 
   00022    0.4368   -7773.2768  0.3502 
   00023    0.4468   -7762.1596  0.3544 
   00024    0.4348   -7793.7838  0.3507 
   00025    0.4288   -7782.9854  0.3534 
   00026    0.4528   -7794.9602  0.3512 
   00027    0.4320   -7791.3426  0.3532 
   00028    0.4576   -7844.7127  0.3543 
   00029    0.4420   -7905.4241  0.3585 
   00030    0.4396   -7929.4955  0.3512 
   00031    0.4324   -7965.4798  0.3527 
   00032    0.4164   -8003.7028  0.3592 
   00033    0.4252   -8021.3547  0.3557 
   00034    0.4232   -8042.9814  0.3490 
   00035    0.4476   -8047.9839  0.3442 
   00036    0.4228   -8100.8213  0.3471 
   00037    0.4452   -8116.2292  0.3499 
   00038    0.4452   -8109.6266  0.3473 
   00039    0.4232   -8168.5951  0.3480 
   00040    0.4260   -8116.7589  0.3521 
   00041    0.4324   -8123.3191  0.3519 
   00042    0.4208   -8149.4437  0.3560 
   00043    0.4252   -8113.9283  0.3562 
   00044    0.4440   -8111.3760  0.3596 
   00045    0.4348   -8110.1275  0.3585 
   00046    0.4152   -8113.2102  0.3560 
   00047    0.4296   -8101.8159  0.3554 
   00048    0.4116   -8120.0933  0.3549 
   00049    0.4228   -8095.2076  0.3574 
   00050    0.4288   -8183.3409  0.3607 
   00051    0.4324   -8169.9482  0.3544 
   00052    0.4180   -8211.7227  0.3547 
   00053    0.4308   -8213.7250  0.3533 
   00054    0.4332   -8205.9322  0.3537 
   00055    0.4256   -8219.7121  0.3504 
   00056    0.4256   -8193.6586  0.3513 
   00057    0.4216   -8224.9973  0.3496 
   00058    0.3920   -8236.0918  0.3449 
   00059    0.4304   -8247.5336  0.3431 
   00060    0.4212   -8265.1919  0.3448 
   00061    0.4116   -8288.4309  0.3421 
   00062    0.4156   -8223.5007  0.3428 
   00063    0.4416   -8227.5218  0.3429 
   00064    0.4200   -8198.3394  0.3418 
   00065    0.4116   -8238.9207  0.3445 
   00066    0.4260   -8243.5399  0.3538 
   00067    0.4176   -8221.5717  0.3585 
   00068    0.4276   -8268.1368  0.3605 
   00069    0.4236   -8285.0307  0.3634 
   00070    0.4164   -8214.3963  0.3583 
   00071    0.4076   -8185.8331  0.3579 
   00072    0.4268   -8181.1945  0.3579 
   00073    0.4392   -8200.6178  0.3592 
   00074    0.4192   -8236.3761  0.3661 
   00075    0.4212   -8233.2621  0.3621 
   00076    0.4244   -8204.7260  0.3619 
   00077    0.4188   -8221.2837  0.3596 
   00078    0.4228   -8225.5437  0.3672 
   00079    0.4012   -8252.6792  0.3680 
   00080    0.4092   -8267.5683  0.3675 
   00081    0.4168   -8295.7169  0.3682 
   00082    0.4196   -8286.3916  0.3665 
   00083    0.4132   -8291.8055  0.3693 
   00084    0.4284   -8223.3580  0.3712 
   00085    0.4180   -8294.0253  0.3743 
   00086    0.4156   -8297.1855  0.3696 
   00087    0.4068   -8312.8086  0.3670 
   00088    0.4120   -8281.0098  0.3686 
   00089    0.4432   -8279.2434  0.3695 
   00090    0.4084   -8308.1346  0.3721 
   00091    0.4024   -8325.0294  0.3752 
   00092    0.4248   -8343.5304  0.3722 
   00093    0.4144   -8366.9872  0.3759 
   00094    0.4464   -8393.3191  0.3666 
   00095    0.4224   -8351.4320  0.3649 
   00096    0.4224   -8325.2732  0.3672 
   00097    0.4236   -8307.5677  0.3719 
   00098    0.4212   -8285.5393  0.3710 
   00099    0.4176   -8343.9335  0.3653 
   00100    0.4140   -8334.4738  0.3692 
   00101    0.4240   -8322.0900  0.3660 
   00102    0.4080   -8350.1530  0.3671 
   00103    0.4112   -8356.0328  0.3704 
   00104    0.4124   -8343.8198  0.3719 
   00105    0.4216   -8315.7511  0.3682 
   00106    0.4276   -8326.0081  0.3662 
   00107    0.4040   -8282.3711  0.3560 
   00108    0.4280   -8292.7121  0.3582 
   00109    0.4172   -8319.9878  0.3602 
   00110    0.4116   -8308.2853  0.3642 
   00111    0.4128   -8309.3379  0.3642 
   00112    0.4216   -8298.8165  0.3604 
   00113    0.4288   -8279.9528  0.3640 
   00114    0.4376   -8312.2778  0.3600 
   00115    0.4196   -8297.5561  0.3560 
   00116    0.4140   -8382.7950  0.3626 
   00117    0.3980   -8364.9506  0.3623 
   00118    0.4060   -8359.6797  0.3622 
   00119    0.4228   -8363.0518  0.3666 
   00120    0.4260   -8271.2812  0.3695 
   00121    0.4096   -8315.3062  0.3736 
   00122    0.4244   -8329.9348  0.3711 
   00123    0.4340   -8297.4271  0.3714 
   00124    0.4196   -8312.3177  0.3774 
   00125    0.4236   -8328.4660  0.3779 
   00126    0.4384   -8305.6175  0.3742 
   00127    0.4064   -8344.4306  0.3708 
   00128    0.4196   -8319.1405  0.3712 
   00129    0.4084   -8314.4396  0.3718 
   00130    0.4196   -8280.4383  0.3667 
   00131    0.4296   -8331.0395  0.3658 
   00132    0.4208   -8317.9633  0.3715 
   00133    0.4176   -8311.5311  0.3683 
   00134    0.4456   -8310.6920  0.3723 
   00135    0.4096   -8295.1177  0.3718 
   00136    0.4400   -8320.8949  0.3701 
   00137    0.4320   -8314.0589  0.3755 
   00138    0.4088   -8319.0964  0.3736 
   00139    0.4196   -8311.4376  0.3749 
   00140    0.4260   -8356.1177  0.3775 
   00141    0.4236   -8352.4672  0.3785 
   00142    0.4284   -8376.3629  0.3758 
   00143    0.4276   -8347.6586  0.3802 
   00144    0.4156   -8343.9158  0.3725 
   00145    0.4208   -8365.1739  0.3759 
   00146    0.4032   -8372.3104  0.3783 
   00147    0.4268   -8332.4200  0.3845 
   00148    0.4232   -8336.9440  0.3858 
   00149    0.4240   -8320.6434  0.3847 
   00150    0.4272   -8310.1479  0.3855 
   00151    0.4232   -8386.0709  0.3878 
   00152    0.4124   -8387.5853  0.3893 
   00153    0.4188   -8362.9941  0.3950 
   00154    0.4256   -8371.1525  0.3903 
   00155    0.4176   -8422.2196  0.3913 
   00156    0.4204   -8432.6411  0.3863 
   00157    0.4052   -8401.1217  0.3910 
   00158    0.3964   -8388.5975  0.3898 
   00159    0.4164   -8370.5442  0.4006 
   00160    0.4128   -8380.2449  0.3950 
   00161    0.4256   -8361.5521  0.3994 
   00162    0.4192   -8398.7367  0.4071 
   00163    0.4136   -8428.5770  0.4033 
   00164    0.4092   -8396.3864  0.4071 
   00165    0.4036   -8436.7443  0.4017 
   00166    0.4092   -8370.7581  0.3974 
   00167    0.4192   -8364.2951  0.3971 
   00168    0.4060   -8370.6424  0.3949 
   00169    0.4080   -8352.6139  0.3987 
   00170    0.4192   -8359.3553  0.3891 
   00171    0.4200   -8364.9199  0.3893 
   00172    0.4124   -8331.2834  0.3886 
   00173    0.4284   -8392.0483  0.3834 
   00174    0.4120   -8402.2032  0.3793 
   00175    0.4032   -8415.6997  0.3760 
   00176    0.4084   -8438.5298  0.3742 
   00177    0.4092   -8453.2906  0.3692 
   00178    0.4124   -8448.3108  0.3716 
   00179    0.4244   -8480.5714  0.3710 
   00180    0.4168   -8435.7959  0.3702 
   00181    0.4080   -8432.6242  0.3640 
   00182    0.4100   -8451.1182  0.3674 
   00183    0.4112   -8463.4869  0.3743 
   00184    0.4352   -8429.9157  0.3724 
   00185    0.4200   -8411.1167  0.3759 
   00186    0.4212   -8461.5994  0.3769 
   00187    0.4216   -8437.3402  0.3785 
   00188    0.4156   -8432.1821  0.3859 
   00189    0.4136   -8397.3740  0.3858 
   00190    0.4308   -8408.6634  0.3888 
   00191    0.4140   -8410.0702  0.3908 
   00192    0.4236   -8369.5444  0.3992 
   00193    0.4068   -8409.2619  0.3957 
   00194    0.4136   -8409.8800  0.3988 
   00195    0.4236   -8382.9263  0.4012 
   00196    0.4276   -8364.1905  0.4026 
   00197    0.4224   -8455.9536  0.4128 
   00198    0.4036   -8444.1785  0.4132 
   00199    0.4220   -8413.1717  0.4189 
   00200    0.4132   -8412.3746  0.4129 
   00201    0.4072   -8390.5600  0.4087 
   00202    0.4196   -8405.5618  0.4185 
   00203    0.4008   -8406.6035  0.4148 
   00204    0.4060   -8444.1139  0.4094 
   00205    0.4076   -8455.1601  0.4111 
   00206    0.4064   -8456.6874  0.4137 
   00207    0.4152   -8480.5897  0.4094 
   00208    0.4088   -8471.1059  0.4137 
   00209    0.4032   -8438.9420  0.4088 
   00210    0.4152   -8444.5713  0.4076 
   00211    0.4132   -8442.3098  0.4019 
   00212    0.4172   -8499.2855  0.4076 
   00213    0.4060   -8500.2990  0.4113 
   00214    0.3924   -8503.5618  0.4156 
   00215    0.4064   -8513.2240  0.4108 
   00216    0.4132   -8461.7641  0.4168 
   00217    0.4124   -8479.1550  0.4125 
   00218    0.4120   -8453.6327  0.4130 
   00219    0.3936   -8441.6278  0.4159 
   00220    0.4032   -8408.2856  0.4175 
   00221    0.4320   -8407.9772  0.4138 
   00222    0.4172   -8388.5683  0.4105 
   00223    0.4060   -8427.0187  0.4106 
   00224    0.4088   -8404.1531  0.4123 
   00225    0.4180   -8372.5677  0.4072 
   00226    0.4112   -8399.1941  0.4061 
   00227    0.4356   -8359.5532  0.4059 
   00228    0.4196   -8345.0971  0.4055 
   00229    0.4264   -8408.3163  0.4030 
   00230    0.4164   -8430.9874  0.4018 
   00231    0.4188   -8411.5433  0.4010 
   00232    0.4152   -8426.3767  0.3996 
   00233    0.4220   -8413.6083  0.3958 
   00234    0.4040   -8399.4012  0.4003 
   00235    0.4116   -8440.1136  0.4005 
   00236    0.4088   -8411.1709  0.4045 
   00237    0.4204   -8421.1364  0.4074 
   00238    0.4144   -8396.6637  0.4028 
   00239    0.4228   -8418.5086  0.3975 
   00240    0.4188   -8407.1556  0.3997 
   00241    0.4092   -8398.3743  0.3994 
   00242    0.4036   -8440.4361  0.3990 
   00243    0.3988   -8413.5582  0.3985 
   00244    0.4092   -8437.5747  0.4029 
   00245    0.4040   -8416.4560  0.4006 
   00246    0.4028   -8475.4443  0.4050 
   00247    0.4012   -8464.7205  0.4022 
   00248    0.4128   -8510.8140  0.3990 
   00249    0.4176   -8512.0986  0.4028 
   00250    0.4168   -8487.3770  0.4009 
   00251    0.4016   -8519.2390  0.4000 
   00252    0.3980   -8533.9341  0.3971 
   00253    0.4060   -8487.0255  0.4006 
   00254    0.4160   -8464.6734  0.4081 
   00255    0.3928   -8479.8669  0.4087 
   00256    0.4084   -8497.8174  0.4138 
   00257    0.4040   -8485.7985  0.4222 
   00258    0.4140   -8511.7874  0.4245 
   00259    0.4176   -8555.6461  0.4285 
   00260    0.4356   -8536.5477  0.4294 
   00261    0.4196   -8511.2829  0.4299 
   00262    0.4160   -8532.7576  0.4284 
   00263    0.4132   -8493.0175  0.4298 
   00264    0.4024   -8433.4739  0.4209 
   00265    0.4100   -8436.2427  0.4206 
   00266    0.4072   -8446.7513  0.4241 
   00267    0.4152   -8439.9252  0.4234 
   00268    0.4152   -8489.7468  0.4220 
   00269    0.4300   -8516.8405  0.4229 
   00270    0.4156   -8519.3300  0.4198 
   00271    0.4108   -8508.6522  0.4233 
   00272    0.4260   -8483.9966  0.4252 
   00273    0.4104   -8437.2595  0.4260 
   00274    0.4096   -8435.4425  0.4232 
   00275    0.4236   -8474.5365  0.4288 
   00276    0.4108   -8472.2233  0.4249 
   00277    0.4152   -8415.9356  0.4285 
   00278    0.4236   -8437.5266  0.4301 
   00279    0.4016   -8486.5143  0.4304 
   00280    0.4092   -8506.5736  0.4334 
   00281    0.4080   -8500.4158  0.4302 
   00282    0.3916   -8519.1224  0.4333 
   00283    0.4160   -8489.6980  0.4372 
   00284    0.4152   -8472.7147  0.4319 
   00285    0.4160   -8504.3487  0.4276 
   00286    0.4080   -8532.1198  0.4318 
   00287    0.4104   -8470.1107  0.4354 
   00288    0.4016   -8473.6538  0.4269 
   00289    0.4224   -8464.8841  0.4299 
   00290    0.4116   -8452.7735  0.4268 
   00291    0.4152   -8480.8450  0.4264 
   00292    0.3976   -8465.5930  0.4261 
   00293    0.4268   -8438.2200  0.4257 
   00294    0.4064   -8496.7243  0.4258 
   00295    0.4176   -8556.5747  0.4236 
   00296    0.3932   -8566.3131  0.4187 
   00297    0.4116   -8554.7509  0.4226 
   00298    0.4112   -8525.2156  0.4185 
   00299    0.4112   -8532.5918  0.4172 
   00300    0.4148   -8513.9776  0.4170 
   00301    0.4212   -8512.6475  0.4198 
   00302    0.4156   -8516.4992  0.4172 
   00303    0.4052   -8503.0879  0.4150 
   00304    0.4044   -8479.4390  0.4121 
   00305    0.3992   -8476.9026  0.4119 
   00306    0.4136   -8450.4934  0.4072 
   00307    0.4084   -8466.8019  0.4116 
   00308    0.4200   -8469.5744  0.4104 
   00309    0.4028   -8509.7106  0.4137 
   00310    0.4276   -8523.6482  0.4189 
   00311    0.3996   -8452.7049  0.4177 
   00312    0.4128   -8426.5518  0.4175 
   00313    0.4200   -8458.7042  0.4178 
   00314    0.3976   -8436.2870  0.4196 
   00315    0.4104   -8405.1856  0.4175 
   00316    0.4120   -8435.2320  0.4207 
   00317    0.4204   -8461.4862  0.4209 
   00318    0.4044   -8447.4751  0.4220 
   00319    0.4040   -8436.0723  0.4284 
   00320    0.4160   -8428.2521  0.4289 
   00321    0.4252   -8387.2672  0.4230 
   00322    0.4024   -8405.6754  0.4258 
   00323    0.4104   -8414.1765  0.4189 
   00324    0.4088   -8423.1643  0.4257 
   00325    0.4280   -8430.6604  0.4288 
   00326    0.4060   -8409.5732  0.4237 
   00327    0.4132   -8400.0169  0.4211 
   00328    0.4148   -8436.2670  0.4178 
   00329    0.4024   -8372.7311  0.4247 
   00330    0.4252   -8409.8620  0.4302 
   00331    0.4132   -8400.5968  0.4274 
   00332    0.4252   -8381.7227  0.4259 
   00333    0.4284   -8426.5665  0.4295 
   00334    0.4040   -8436.6964  0.4268 
   00335    0.4060   -8479.0524  0.4195 
   00336    0.4100   -8430.6006  0.4222 
   00337    0.4112   -8443.2692  0.4236 
   00338    0.4248   -8415.0069  0.4222 
   00339    0.4236   -8407.2465  0.4280 
   00340    0.4208   -8460.4490  0.4307 
   00341    0.4168   -8458.5596  0.4251 
   00342    0.4196   -8472.1611  0.4291 
   00343    0.4200   -8473.1450  0.4188 
   00344    0.3984   -8459.6737  0.4224 
   00345    0.4116   -8412.4687  0.4225 
   00346    0.4156   -8431.1446  0.4209 
   00347    0.4224   -8436.7947  0.4230 
   00348    0.4056   -8421.1369  0.4184 
   00349    0.4156   -8457.8234  0.4194 
   00350    0.4068   -8444.0864  0.4231 
   00351    0.4172   -8389.8737  0.4199 
   00352    0.4148   -8397.2383  0.4186 
   00353    0.4008   -8399.2143  0.4264 
   00354    0.4108   -8462.3541  0.4269 
   00355    0.4016   -8463.0421  0.4243 
   00356    0.4192   -8468.2364  0.4194 
   00357    0.4024   -8406.8825  0.4202 
   00358    0.4216   -8442.4933  0.4150 
   00359    0.4028   -8444.3920  0.4154 
   00360    0.4040   -8474.4999  0.4188 
   00361    0.4176   -8460.0195  0.4188 
   00362    0.4116   -8475.1883  0.4171 
   00363    0.4112   -8539.8077  0.4062 
   00364    0.3976   -8562.7886  0.4067 
   00365    0.4044   -8566.9987  0.3988 
   00366    0.3904   -8560.9148  0.4006 
   00367    0.3912   -8568.0396  0.3976 
   00368    0.4044   -8509.3710  0.3954 
   00369    0.4136   -8499.5632  0.3981 
   00370    0.4312   -8525.7985  0.3980 
   00371    0.4180   -8521.8259  0.3944 
   00372    0.4188   -8537.0416  0.3935 
   00373    0.4136   -8546.6405  0.3973 
   00374    0.4088   -8516.1217  0.4069 
   00375    0.4132   -8518.7980  0.4113 
   00376    0.4212   -8488.4459  0.4069 
   00377    0.4272   -8485.1275  0.4002 
   00378    0.4136   -8466.8655  0.4025 
   00379    0.4104   -8429.3090  0.4063 
   00380    0.4092   -8393.6360  0.4024 
   00381    0.4048   -8444.4482  0.4015 
   00382    0.3996   -8471.7234  0.3996 
   00383    0.4192   -8450.0909  0.4000 
   00384    0.4152   -8428.3382  0.4078 
   00385    0.4044   -8407.6419  0.4076 
   00386    0.3944   -8446.8034  0.4066 
   00387    0.4236   -8453.3406  0.4011 
   00388    0.3972   -8467.9470  0.3975 
   00389    0.4068   -8454.3957  0.3987 
   00390    0.4168   -8484.0007  0.4068 
   00391    0.4176   -8507.1367  0.4113 
   00392    0.4216   -8524.8812  0.4149 
   00393    0.4040   -8501.7237  0.4148 
   00394    0.4144   -8477.8144  0.4153 
   00395    0.4244   -8468.7817  0.4110 
   00396    0.4348   -8425.8953  0.4117 
   00397    0.4284   -8449.5746  0.4134 
   00398    0.4008   -8503.9745  0.4152 
   00399    0.4268   -8506.2461  0.4159 
   00400    0.4100   -8497.3205  0.4126 
   00401    0.4140   -8514.4860  0.4087 
   00402    0.4240   -8493.2722  0.4107 
   00403    0.4092   -8461.0290  0.4138 
   00404    0.4156   -8483.6648  0.4195 
   00405    0.4000   -8535.7801  0.4172 
   00406    0.4120   -8572.5322  0.4174 
   00407    0.4000   -8561.2973  0.4188 
   00408    0.4184   -8562.8279  0.4176 
   00409    0.4100   -8570.2883  0.4194 
   00410    0.4124   -8614.5254  0.4165 
   00411    0.3944   -8556.2893  0.4141 
   00412    0.4024   -8543.5827  0.4141 
   00413    0.4088   -8514.7978  0.4154 
   00414    0.4220   -8519.7562  0.4126 
   00415    0.4220   -8509.9485  0.4161 
   00416    0.4072   -8548.3902  0.4130 
   00417    0.4044   -8597.1357  0.4189 
   00418    0.4148   -8566.8445  0.4177 
   00419    0.4088   -8554.8861  0.4124 
   00420    0.4152   -8541.4902  0.4136 
   00421    0.4032   -8543.4532  0.4152 
   00422    0.4080   -8530.3194  0.4124 
   00423    0.4196   -8526.1897  0.4160 
   00424    0.4240   -8516.3867  0.4150 
   00425    0.4148   -8546.9962  0.4147 
   00426    0.4084   -8543.3913  0.4086 
   00427    0.4172   -8494.4457  0.4120 
   00428    0.4188   -8507.3204  0.4121 
   00429    0.4040   -8474.5183  0.4118 
   00430    0.4140   -8509.3078  0.4167 
   00431    0.4204   -8499.8822  0.4144 
   00432    0.4064   -8530.0133  0.4136 
   00433    0.4180   -8539.0571  0.4133 
   00434    0.4000   -8531.0499  0.4081 
   00435    0.4144   -8532.7719  0.4082 
   00436    0.4296   -8519.4050  0.4181 
   00437    0.4108   -8534.1396  0.4229 
   00438    0.4068   -8541.7854  0.4255 
   00439    0.4256   -8549.9701  0.4249 
   00440    0.4196   -8516.4327  0.4209 
   00441    0.4092   -8491.2875  0.4155 
   00442    0.4008   -8476.4010  0.4179 
   00443    0.4316   -8493.3777  0.4194 
   00444    0.4096   -8498.5305  0.4152 
   00445    0.3972   -8487.3352  0.4154 
   00446    0.4288   -8485.6858  0.4123 
   00447    0.4172   -8478.9945  0.4093 
   00448    0.3896   -8478.2871  0.4123 
   00449    0.4112   -8453.3815  0.4178 
   00450    0.4300   -8478.5737  0.4108 
   00451    0.3884   -8509.1498  0.4129 
   00452    0.4212   -8541.1457  0.4193 
   00453    0.4084   -8535.9326  0.4176 
   00454    0.4044   -8499.0679  0.4138 
   00455    0.4016   -8488.4271  0.4118 
   00456    0.4132   -8505.2950  0.4109 
   00457    0.4092   -8520.5701  0.4148 
   00458    0.4160   -8536.2030  0.4101 
   00459    0.4284   -8500.8842  0.4046 
   00460    0.4204   -8441.9409  0.4030 
   00461    0.4156   -8402.2089  0.4042 
   00462    0.4064   -8389.6154  0.4084 
   00463    0.4192   -8408.5435  0.4058 
   00464    0.4112   -8430.3136  0.4022 
   00465    0.4204   -8450.0028  0.3988 
   00466    0.4264   -8437.0290  0.3950 
   00467    0.4168   -8439.6909  0.3912 
   00468    0.4068   -8474.4141  0.3920 
   00469    0.4136   -8494.6686  0.3998 
   00470    0.4104   -8508.1735  0.3965 
   00471    0.4180   -8524.2867  0.3900 
   00472    0.4036   -8551.4959  0.3854 
   00473    0.4056   -8547.4335  0.3826 
   00474    0.4152   -8539.0451  0.3807 
   00475    0.4260   -8521.3518  0.3837 
   00476    0.4220   -8504.2938  0.3825 
   00477    0.4044   -8551.9654  0.3850 
   00478    0.4060   -8550.3725  0.3826 
   00479    0.4008   -8560.9225  0.3869 
   00480    0.4052   -8531.8191  0.3845 
   00481    0.4060   -8526.3205  0.3913 
   00482    0.4136   -8494.7624  0.3897 
   00483    0.4152   -8452.1789  0.3842 
   00484    0.3940   -8516.0137  0.3799 
   00485    0.4068   -8502.7477  0.3808 
   00486    0.4120   -8502.6535  0.3868 
   00487    0.4048   -8511.8582  0.3765 
   00488    0.4136   -8466.2535  0.3736 
   00489    0.4264   -8467.7362  0.3770 
   00490    0.4176   -8510.0071  0.3818 
   00491    0.3904   -8517.0682  0.3913 
   00492    0.4012   -8566.8503  0.3999 
   00493    0.4132   -8547.2215  0.4032 
   00494    0.4040   -8545.5296  0.3971 
   00495    0.4216   -8508.4450  0.3892 
   00496    0.4024   -8531.6110  0.3837 
   00497    0.4220   -8499.5320  0.3841 
   00498    0.4244   -8492.1504  0.3868 
   00499    0.4188   -8507.6058  0.3862 
   00500    0.3980   -8522.1083  0.3880 
   00501    0.4100   -8525.4833  0.3992 
   00502    0.4044   -8540.9606  0.3984 
   00503    0.4164   -8537.7224  0.4025 
   00504    0.4020   -8492.1120  0.4001 
   00505    0.4120   -8488.0656  0.3944 
   00506    0.4228   -8459.9239  0.3940 
   00507    0.4360   -8456.6188  0.3991 
   00508    0.4104   -8468.9237  0.4011 
   00509    0.4252   -8430.4737  0.4064 
   00510    0.4080   -8448.0292  0.4045 
   00511    0.4092   -8475.6480  0.4076 
   00512    0.4060   -8491.1296  0.4106 
   00513    0.4120   -8484.0114  0.4069 
   00514    0.4164   -8478.6065  0.4036 
   00515    0.4168   -8447.1508  0.4003 
   00516    0.4360   -8453.3583  0.4015 
   00517    0.4108   -8429.0258  0.4040 
   00518    0.4104   -8424.5092  0.4079 
   00519    0.4120   -8476.2188  0.4093 
   00520    0.4232   -8518.3836  0.4040 
   00521    0.4324   -8487.0154  0.4005 
   00522    0.4276   -8469.6718  0.4039 
   00523    0.4124   -8490.3703  0.4008 
   00524    0.4184   -8461.2227  0.4076 
   00525    0.3960   -8482.7525  0.4096 
   00526    0.4056   -8472.7543  0.4047 
   00527    0.3940   -8471.3827  0.4087 
   00528    0.4164   -8520.0435  0.4095 
   00529    0.4100   -8493.4766  0.4148 
   00530    0.4156   -8509.3986  0.4109 
   00531    0.4284   -8479.7477  0.4140 
   00532    0.4176   -8465.4307  0.4151 
   00533    0.3964   -8479.4744  0.4164 
   00534    0.4220   -8498.7009  0.4158 
   00535    0.4292   -8460.0128  0.4170 
   00536    0.4004   -8441.0045  0.4119 
   00537    0.4108   -8485.1039  0.4100 
   00538    0.4164   -8491.4783  0.4107 
   00539    0.4040   -8490.4540  0.4074 
   00540    0.4020   -8504.1218  0.4044 
   00541    0.4104   -8483.7789  0.4070 
   00542    0.4196   -8502.6681  0.4096 
   00543    0.4004   -8505.7421  0.4106 
   00544    0.4044   -8533.8602  0.4103 
   00545    0.4076   -8534.8768  0.4098 
   00546    0.4320   -8510.0995  0.4084 
   00547    0.4056   -8534.6010  0.4070 
   00548    0.4192   -8560.8972  0.4087 
   00549    0.4124   -8536.8015  0.4080 
   00550    0.4212   -8506.4600  0.4038 
   00551    0.4176   -8522.0594  0.4074 
   00552    0.3980   -8519.2881  0.4160 
   00553    0.4012   -8555.0589  0.4149 
   00554    0.4172   -8582.9517  0.4176 
   00555    0.4056   -8609.0068  0.4188 
   00556    0.4108   -8573.4738  0.4183 
   00557    0.4180   -8541.0284  0.4123 
   00558    0.4092   -8517.5790  0.4149 
   00559    0.4108   -8559.3142  0.4198 
   00560    0.4176   -8564.1483  0.4217 
   00561    0.4132   -8561.5826  0.4296 
   00562    0.4128   -8536.8272  0.4317 
   00563    0.4124   -8487.7222  0.4285 
   00564    0.4256   -8499.8960  0.4363 
   00565    0.4076   -8496.8532  0.4317 
   00566    0.4116   -8478.8107  0.4257 
   00567    0.4248   -8507.9970  0.4191 
   00568    0.4240   -8538.2215  0.4228 
   00569    0.4064   -8561.6409  0.4198 
   00570    0.4080   -8513.2179  0.4214 
   00571    0.4172   -8502.3586  0.4224 
   00572    0.4100   -8515.5250  0.4312 
   00573    0.4040   -8541.9668  0.4333 
   00574    0.4164   -8506.1931  0.4319 
   00575    0.4184   -8527.5031  0.4290 
   00576    0.4280   -8501.4309  0.4255 
   00577    0.4180   -8502.0086  0.4254 
   00578    0.4036   -8530.8501  0.4193 
   00579    0.4172   -8535.3225  0.4271 
   00580    0.4044   -8543.6046  0.4267 
   00581    0.3968   -8538.1493  0.4256 
   00582    0.4104   -8506.4605  0.4269 
   00583    0.4148   -8569.8715  0.4311 
   00584    0.4124   -8553.7415  0.4291 
   00585    0.3992   -8557.6838  0.4296 
   00586    0.4120   -8542.7160  0.4325 
   00587    0.4216   -8530.2819  0.4353 
   00588    0.4120   -8508.3211  0.4321 
   00589    0.4076   -8483.3940  0.4255 
   00590    0.4128   -8543.3589  0.4228 
   00591    0.4108   -8522.2302  0.4246 
   00592    0.4100   -8518.7382  0.4162 
   00593    0.4352   -8519.7559  0.4182 
   00594    0.4044   -8545.9609  0.4233 
   00595    0.4268   -8541.9831  0.4186 
   00596    0.4232   -8521.3759  0.4152 
   00597    0.4072   -8527.1153  0.4116 
   00598    0.4256   -8472.1479  0.4116 
   00599    0.4052   -8504.7871  0.4080 
   00600    0.4232   -8464.6628  0.4031 
   00601    0.3952   -8471.9379  0.4019 
   00602    0.4104   -8526.4208  0.4052 
   00603    0.4200   -8523.5382  0.4022 
   00604    0.4004   -8547.6132  0.4048 
   00605    0.3980   -8581.9662  0.4026 
   00606    0.3968   -8603.4935  0.4042 
   00607    0.4128   -8563.6821  0.4075 
   00608    0.4076   -8572.1970  0.4060 
   00609    0.4020   -8518.5820  0.4145 
   00610    0.4112   -8537.9104  0.4158 
   00611    0.4160   -8499.8628  0.4189 
   00612    0.4188   -8471.5288  0.4259 
   00613    0.4184   -8499.2729  0.4276 
   00614    0.4180   -8490.8859  0.4255 
   00615    0.4260   -8490.4527  0.4220 
   00616    0.4056   -8479.1300  0.4162 
   00617    0.3964   -8489.9029  0.4154 
   00618    0.4048   -8520.2829  0.4216 
   00619    0.3952   -8518.8304  0.4216 
   00620    0.4096   -8508.3301  0.4246 
   00621    0.4208   -8482.7453  0.4233 
   00622    0.4200   -8454.1446  0.4205 
   00623    0.4268   -8462.8038  0.4238 
   00624    0.4076   -8523.8549  0.4227 
   00625    0.4260   -8558.6311  0.4239 
   00626    0.4204   -8544.8864  0.4257 
   00627    0.4120   -8528.9056  0.4270 
   00628    0.4084   -8531.7898  0.4281 
   00629    0.3988   -8517.9645  0.4295 
   00630    0.4176   -8582.7667  0.4301 
   00631    0.4172   -8522.2584  0.4314 
   00632    0.3964   -8532.4433  0.4299 
   00633    0.4144   -8577.0055  0.4222 
   00634    0.4160   -8561.1614  0.4233 
   00635    0.4172   -8544.7301  0.4116 
   00636    0.4024   -8525.0534  0.4147 
   00637    0.4056   -8548.2457  0.4177 
   00638    0.4012   -8525.6133  0.4102 
   00639    0.4036   -8518.8302  0.4122 
   00640    0.4016   -8574.4458  0.4115 
   00641    0.4252   -8557.9765  0.4098 
   00642    0.4300   -8532.0522  0.4094 
   00643    0.3992   -8561.2021  0.4067 
   00644    0.4196   -8595.1927  0.4152 
   00645    0.4152   -8557.1144  0.4214 
   00646    0.4072   -8549.7628  0.4265 
   00647    0.4056   -8510.6833  0.4246 
   00648    0.4072   -8494.3923  0.4234 
   00649    0.4104   -8491.5978  0.4294 
   00650    0.3980   -8504.3079  0.4297 
   00651    0.4240   -8499.1155  0.4380 
   00652    0.3992   -8479.5383  0.4389 
   00653    0.4220   -8586.4433  0.4323 
   00654    0.4116   -8575.9162  0.4294 
   00655    0.4004   -8558.9927  0.4368 
   00656    0.4144   -8565.3010  0.4384 
   00657    0.4016   -8496.3515  0.4370 
   00658    0.4104   -8500.3990  0.4384 
   00659    0.4276   -8471.7364  0.4385 
   00660    0.4116   -8519.5523  0.4448 
   00661    0.4132   -8494.4124  0.4429 
   00662    0.4144   -8497.5520  0.4424 
   00663    0.3944   -8500.7127  0.4435 
   00664    0.4236   -8488.7088  0.4458 
   00665    0.4124   -8473.4639  0.4485 
   00666    0.4028   -8487.1377  0.4453 
   00667    0.4264   -8537.9599  0.4415 
   00668    0.4156   -8524.3245  0.4428 
   00669    0.3984   -8574.1323  0.4461 
   00670    0.4148   -8564.5370  0.4502 
   00671    0.4072   -8559.9527  0.4510 
   00672    0.3948   -8576.3157  0.4493 
   00673    0.4036   -8548.1361  0.4503 
   00674    0.4112   -8553.2139  0.4458 
   00675    0.4152   -8529.7213  0.4531 
   00676    0.4196   -8506.9238  0.4510 
   00677    0.4016   -8521.3916  0.4478 
   00678    0.4088   -8542.8438  0.4477 
   00679    0.4100   -8539.9666  0.4384 
   00680    0.4196   -8535.7034  0.4406 
   00681    0.4052   -8541.7590  0.4342 
   00682    0.4148   -8485.9060  0.4372 
   00683    0.4068   -8532.2555  0.4312 
   00684    0.4040   -8501.9216  0.4284 
   00685    0.3992   -8483.6684  0.4252 
   00686    0.4104   -8508.9020  0.4291 
   00687    0.4248   -8466.1955  0.4319 
   00688    0.4248   -8481.4957  0.4363 
   00689    0.4040   -8453.1411  0.4401 
   00690    0.4100   -8432.7846  0.4427 
   00691    0.4004   -8458.6384  0.4417 
   00692    0.4292   -8444.4018  0.4374 
   00693    0.4184   -8472.5946  0.4359 
   00694    0.4140   -8487.5597  0.4410 
   00695    0.4280   -8495.7779  0.4350 
   00696    0.4244   -8487.3265  0.4381 
   00697    0.4144   -8523.1735  0.4446 
   00698    0.3984   -8504.9130  0.4398 
   00699    0.3880   -8512.6917  0.4415 
   00700    0.4092   -8502.8828  0.4492 
   00701    0.4156   -8525.7277  0.4476 
   00702    0.4152   -8536.5125  0.4485 
   00703    0.4172   -8529.2216  0.4506 
   00704    0.4088   -8548.9767  0.4530 
   00705    0.4144   -8548.2298  0.4535 
   00706    0.3960   -8539.5136  0.4552 
   00707    0.4104   -8604.1907  0.4551 
   00708    0.4036   -8605.8875  0.4569 
   00709    0.4072   -8492.7066  0.4529 
   00710    0.4116   -8468.2060  0.4473 
   00711    0.4008   -8497.6888  0.4471 
   00712    0.4100   -8509.2372  0.4495 
   00713    0.4080   -8542.3417  0.4525 
   00714    0.4040   -8521.5320  0.4497 
   00715    0.4048   -8501.4961  0.4533 
   00716    0.4032   -8544.6911  0.4540 
   00717    0.3848   -8566.3156  0.4540 
   00718    0.4108   -8589.2114  0.4575 
   00719    0.4204   -8585.8943  0.4550 
   00720    0.4096   -8575.0544  0.4551 
   00721    0.4064   -8543.5389  0.4500 
   00722    0.4236   -8549.6551  0.4597 
   00723    0.4032   -8561.8385  0.4608 
   00724    0.4080   -8562.3898  0.4605 
   00725    0.4144   -8550.4607  0.4631 
   00726    0.4200   -8514.4415  0.4684 
   00727    0.4164   -8493.0347  0.4647 
   00728    0.4008   -8478.2340  0.4666 
   00729    0.4236   -8490.1640  0.4677 
   00730    0.4072   -8501.7552  0.4690 
   00731    0.4128   -8501.7322  0.4668 
   00732    0.4204   -8497.4932  0.4675 
   00733    0.4092   -8495.8349  0.4730 
   00734    0.4132   -8495.2889  0.4722 
   00735    0.4132   -8498.1992  0.4728 
   00736    0.3868   -8500.6265  0.4741 
   00737    0.4088   -8459.8414  0.4727 
   00738    0.4228   -8483.4406  0.4727 
   00739    0.4036   -8516.6262  0.4763 
   00740    0.4136   -8524.5580  0.4785 
   00741    0.4188   -8543.8122  0.4759 
   00742    0.4176   -8580.3381  0.4787 
   00743    0.4212   -8582.2332  0.4770 
   00744    0.4028   -8510.6993  0.4762 
   00745    0.4120   -8469.9589  0.4828 
   00746    0.4324   -8510.3721  0.4802 
   00747    0.4292   -8499.5124  0.4805 
   00748    0.4184   -8531.5054  0.4863 
   00749    0.4128   -8523.3714  0.4843 
   00750    0.3992   -8533.1294  0.4835 
   00751    0.4228   -8505.9274  0.4872 
   00752    0.4240   -8470.9587  0.4940 
   00753    0.4252   -8475.1640  0.4936 
   00754    0.4264   -8496.2884  0.4972 
   00755    0.4204   -8479.1171  0.4988 
   00756    0.4220   -8451.3057  0.4996 
   00757    0.4280   -8466.4129  0.5045 
   00758    0.4096   -8467.1580  0.5044 
   00759    0.4108   -8452.7290  0.4986 
   00760    0.4288   -8434.5589  0.4972 
   00761    0.4192   -8483.0495  0.4970 
   00762    0.3960   -8483.7898  0.4900 
   00763    0.4340   -8499.4481  0.4857 
   00764    0.4204   -8497.7039  0.4958 
   00765    0.4092   -8518.6228  0.5001 
   00766    0.4240   -8548.9213  0.4940 
   00767    0.3928   -8522.4473  0.4902 
   00768    0.4088   -8534.1279  0.4939 
   00769    0.4172   -8522.0138  0.4974 
   00770    0.4136   -8503.5978  0.5015 
   00771    0.4112   -8520.8620  0.5082 
   00772    0.3964   -8520.4285  0.5108 
   00773    0.4112   -8540.9187  0.5135 
   00774    0.4148   -8506.9924  0.5076 
   00775    0.4240   -8508.9902  0.5143 
   00776    0.4172   -8486.1537  0.5125 
   00777    0.4120   -8516.0252  0.5210 
   00778    0.4056   -8523.2829  0.5216 
   00779    0.4136   -8518.7986  0.5235 
   00780    0.4160   -8608.1100  0.5167 
   00781    0.4252   -8532.3850  0.5192 
   00782    0.4184   -8507.5547  0.5201 
   00783    0.4096   -8531.4146  0.5267 
   00784    0.3996   -8552.4508  0.5273 
   00785    0.3900   -8569.6649  0.5315 
   00786    0.4252   -8541.8292  0.5293 
   00787    0.4232   -8482.4311  0.5286 
   00788    0.4288   -8470.0474  0.5251 
   00789    0.4112   -8464.8525  0.5252 
   00790    0.3936   -8454.5445  0.5239 
   00791    0.4152   -8508.8776  0.5205 
   00792    0.4152   -8512.5201  0.5140 
   00793    0.4044   -8515.6277  0.5131 
   00794    0.4224   -8498.2986  0.5087 
   00795    0.4120   -8470.1510  0.5079 
   00796    0.4288   -8530.1223  0.5104 
   00797    0.4156   -8544.1054  0.5127 
   00798    0.4064   -8542.7666  0.5118 
   00799    0.4216   -8530.1251  0.5097 
   00800    0.4192   -8555.5184  0.5069 
   00801    0.4088   -8575.0962  0.5033 
   00802    0.4040   -8544.3294  0.5046 
   00803    0.4152   -8502.2518  0.4999 
   00804    0.4164   -8492.7355  0.5040 
   00805    0.4132   -8493.3576  0.5047 
   00806    0.3972   -8483.1531  0.5072 
   00807    0.4072   -8530.4410  0.5136 
   00808    0.4108   -8581.7680  0.5214 
   00809    0.4040   -8618.1361  0.5233 
   00810    0.4140   -8583.0458  0.5191 
   00811    0.4092   -8561.3525  0.5121 
   00812    0.4316   -8562.0681  0.5077 
   00813    0.4000   -8564.2416  0.5115 
   00814    0.4160   -8538.2995  0.5125 
   00815    0.4172   -8550.3870  0.5065 
   00816    0.4044   -8549.5827  0.5045 
   00817    0.4100   -8494.1703  0.4996 
   00818    0.4252   -8504.5631  0.5001 
   00819    0.3952   -8457.6978  0.4947 
   00820    0.4028   -8506.3052  0.4975 
   00821    0.4076   -8477.3664  0.4928 
   00822    0.4224   -8515.7778  0.5005 
   00823    0.4032   -8504.9307  0.4977 
   00824    0.3948   -8480.3881  0.4986 
   00825    0.3832   -8487.6937  0.5025 
   00826    0.4172   -8455.8839  0.4971 
   00827    0.4048   -8461.4140  0.5021 
   00828    0.4136   -8454.6912  0.5022 
   00829    0.3964   -8441.7668  0.4968 
   00830    0.3992   -8483.0653  0.5013 
   00831    0.4204   -8507.8277  0.5042 
   00832    0.4240   -8553.0082  0.4942 
   00833    0.4024   -8534.8426  0.4940 
   00834    0.4128   -8530.8358  0.4900 
   00835    0.4140   -8528.3199  0.4921 
   00836    0.4240   -8523.7152  0.4957 
   00837    0.4184   -8493.7889  0.5011 
   00838    0.3996   -8485.9081  0.5009 
   00839    0.4248   -8577.7359  0.5000 
   00840    0.4116   -8592.5948  0.5004 
   00841    0.4016   -8536.9149  0.4994 
   00842    0.3928   -8532.8292  0.5001 
   00843    0.4004   -8572.8217  0.5070 
   00844    0.4156   -8548.4686  0.5038 
   00845    0.4064   -8521.3504  0.5012 
   00846    0.4008   -8525.4331  0.5064 
   00847    0.4176   -8536.9858  0.5022 
   00848    0.3984   -8527.8569  0.4977 
   00849    0.4188   -8490.0155  0.4966 
   00850    0.4356   -8511.4449  0.4981 
   00851    0.4088   -8520.4649  0.5026 
   00852    0.4008   -8515.8537  0.4996 
   00853    0.4216   -8505.4059  0.4968 
   00854    0.4196   -8503.5443  0.5000 
   00855    0.4040   -8502.0563  0.4997 
   00856    0.4300   -8482.4032  0.4896 
   00857    0.4260   -8461.9722  0.4956 
   00858    0.4260   -8456.2470  0.4970 
   00859    0.4244   -8498.8471  0.5005 
   00860    0.4036   -8472.5015  0.5032 
   00861    0.4008   -8447.7480  0.5022 
   00862    0.4188   -8441.7694  0.4998 
   00863    0.4308   -8431.8169  0.5002 
   00864    0.4168   -8446.9066  0.5011 
   00865    0.4072   -8426.2917  0.5037 
   00866    0.4236   -8445.8234  0.5005 
   00867    0.4236   -8440.6151  0.4988 
   00868    0.4208   -8377.8881  0.4986 
   00869    0.4236   -8385.1346  0.4939 
   00870    0.4240   -8394.2932  0.4966 
   00871    0.4152   -8398.7655  0.5073 
   00872    0.4204   -8473.6833  0.5129 
   00873    0.3952   -8487.5299  0.5180 
   00874    0.4032   -8486.3498  0.5222 
   00875    0.3996   -8496.6767  0.5212 
   00876    0.4072   -8506.2707  0.5263 
   00877    0.4068   -8563.0504  0.5253 
   00878    0.3956   -8519.3689  0.5258 
   00879    0.4024   -8491.3241  0.5219 
   00880    0.4180   -8481.7671  0.5268 
   00881    0.4068   -8503.5812  0.5213 
   00882    0.4052   -8498.6011  0.5208 
   00883    0.4364   -8512.3177  0.5259 
   00884    0.4068   -8530.9267  0.5278 
   00885    0.4024   -8581.8545  0.5362 
   00886    0.4024   -8586.6651  0.5402 
   00887    0.4156   -8559.7336  0.5389 
   00888    0.4024   -8561.8852  0.5409 
   00889    0.4088   -8538.9119  0.5460 
   00890    0.4016   -8531.8066  0.5489 
   00891    0.4112   -8592.1306  0.5537 
   00892    0.4096   -8588.9716  0.5470 
   00893    0.4108   -8633.8348  0.5504 
   00894    0.4076   -8625.2056  0.5582 
   00895    0.4160   -8629.5329  0.5593 
   00896    0.4248   -8617.6451  0.5563 
   00897    0.4256   -8569.4026  0.5538 
   00898    0.4040   -8542.4127  0.5556 
   00899    0.3852   -8590.5608  0.5613 
   00900    0.4072   -8544.7328  0.5553 
   00901    0.4080   -8527.2678  0.5530 
   00902    0.3940   -8564.9892  0.5601 
   00903    0.4084   -8550.2869  0.5559 
   00904    0.4052   -8564.3978  0.5577 
   00905    0.4128   -8553.6248  0.5571 
   00906    0.4208   -8563.9719  0.5580 
   00907    0.4196   -8538.3346  0.5593 
   00908    0.4044   -8552.9254  0.5540 
   00909    0.4168   -8556.4464  0.5571 
   00910    0.4212   -8494.8840  0.5526 
   00911    0.4016   -8485.5977  0.5486 
   00912    0.4024   -8513.9104  0.5494 
   00913    0.4024   -8511.1889  0.5483 
   00914    0.3884   -8519.3089  0.5535 
   00915    0.4156   -8564.1364  0.5563 
   00916    0.4180   -8591.0549  0.5606 
   00917    0.4080   -8555.0877  0.5615 
   00918    0.3940   -8595.6027  0.5590 
   00919    0.4060   -8484.2778  0.5583 
   00920    0.4240   -8504.0856  0.5634 
   00921    0.4104   -8532.9462  0.5536 
   00922    0.4044   -8515.6679  0.5504 
   00923    0.4056   -8522.0928  0.5569 
   00924    0.3980   -8524.6139  0.5525 
   00925    0.3904   -8568.6383  0.5561 
   00926    0.3972   -8549.9624  0.5509 
   00927    0.3920   -8566.8594  0.5521 
   00928    0.4048   -8575.7894  0.5549 
   00929    0.4060   -8562.5630  0.5581 
   00930    0.4120   -8570.7357  0.5626 
   00931    0.4340   -8574.8874  0.5644 
   00932    0.4136   -8554.9992  0.5628 
   00933    0.4144   -8516.3870  0.5610 
   00934    0.4232   -8493.8790  0.5573 
   00935    0.4212   -8503.3609  0.5601 
   00936    0.3944   -8532.4787  0.5559 
   00937    0.4076   -8549.4805  0.5536 
   00938    0.3996   -8520.1104  0.5544 
   00939    0.4008   -8553.7801  0.5582 
   00940    0.4108   -8501.0708  0.5617 
   00941    0.3972   -8489.1678  0.5589 
   00942    0.4084   -8498.1931  0.5574 
   00943    0.4172   -8484.7907  0.5608 
   00944    0.4056   -8475.8751  0.5588 
   00945    0.4156   -8465.2383  0.5572 
   00946    0.4080   -8472.0859  0.5599 
   00947    0.4116   -8438.3549  0.5615 
   00948    0.4248   -8472.1809  0.5603 
   00949    0.4192   -8481.6645  0.5638 
   00950    0.4032   -8491.3568  0.5720 
   00951    0.4016   -8519.1931  0.5660 
   00952    0.4084   -8505.2250  0.5653 
   00953    0.4136   -8520.1435  0.5651 
   00954    0.4220   -8545.8029  0.5638 
   00955    0.4192   -8555.5655  0.5645 
   00956    0.4152   -8522.4499  0.5629 
   00957    0.4024   -8493.0710  0.5583 
   00958    0.4172   -8469.5082  0.5615 
   00959    0.4108   -8491.5080  0.5609 
   00960    0.4060   -8468.3974  0.5574 
   00961    0.4212   -8518.5306  0.5576 
   00962    0.4256   -8530.4840  0.5583 
   00963    0.4128   -8510.6338  0.5590 
   00964    0.4092   -8522.5659  0.5552 
   00965    0.4136   -8533.1528  0.5578 
   00966    0.4200   -8513.7936  0.5517 
   00967    0.4036   -8528.2222  0.5492 
   00968    0.4136   -8495.5384  0.5490 
   00969    0.4012   -8511.7411  0.5560 
   00970    0.4204   -8474.9302  0.5560 
   00971    0.4132   -8490.4648  0.5579 
   00972    0.4244   -8495.0216  0.5559 
   00973    0.4088   -8474.6588  0.5565 
   00974    0.4232   -8457.3290  0.5570 
   00975    0.4116   -8430.6702  0.5576 
   00976    0.4096   -8501.5728  0.5633 
   00977    0.4156   -8571.8559  0.5647 
   00978    0.3992   -8569.6761  0.5699 
   00979    0.4128   -8598.2328  0.5711 
   00980    0.4228   -8596.2647  0.5770 
   00981    0.4048   -8607.4087  0.5738 
   00982    0.3932   -8571.8239  0.5734 
   00983    0.4040   -8530.4431  0.5637 
   00984    0.4096   -8548.7472  0.5628 
   00985    0.4028   -8553.9036  0.5593 
   00986    0.4072   -8557.9809  0.5592 
   00987    0.4244   -8579.4524  0.5663 
   00988    0.4188   -8579.6304  0.5629 
   00989    0.4256   -8527.3865  0.5566 
   00990    0.4236   -8506.6577  0.5572 
   00991    0.4000   -8458.7191  0.5567 
   00992    0.4204   -8429.6747  0.5559 
   00993    0.3988   -8476.4307  0.5523 
   00994    0.4136   -8498.5145  0.5506 
   00995    0.4064   -8472.5492  0.5520 
   00996    0.4280   -8506.2609  0.5505 
   00997    0.4100   -8514.6405  0.5503 
   00998    0.4232   -8525.4016  0.5452 
   00999    0.4184   -8521.3546  0.5484 
   01000    0.4080   -8547.7625  0.5434 
