#=====================================================
# File created:        Wed-29-Oct-2025-at-10-19-13PM
# Size of lattice:     50x50
# Number of MC steps:  1000
# Reduced temperature: 0.500
# Run time (s):        32.298290
#=====================================================
# MC step:  Ratio:     Energy:   Order:
#=====================================================
   00000    0.5000   -2606.8497  0.2774 
   00001    0.6756   -3750.5100  0.2741 
   00002    0.6280   -4507.5270  0.2808 
   00003    0.5808   -5074.8042  0.2781 
   00004    0.5520   -5636.5916  0.2860 
   00005    0.5284   -5936.5353  0.2807 
   00006    0.5168   -6236.1440  0.2709 
   00007    0.4924   -6440.9331  0.2695 
   00008    0.4832   -6531.5054  0.2607 
   00009    0.4904   -6718.6168  0.2631 
   00010    0.4988   -6855.0834  0.2505 
   00011    0.4772   -6928.7043  0.2566 
   00012    0.4576   -7039.3906  0.2539 
   00013    0.4552   -7159.3833  0.2533 
   00014    0.4580   -7262.7392  0.2545 
   00015    0.4604   -7305.8574  0.2531 
   00016    0.4676   -7425.6961  0.2515 
   00017    0.4480   -7478.4925  0.2550 
   00018    0.4680   -7473.9327  0.2588 
   00019    0.4520   -7522.0166  0.2536 
   00020    0.4340   -7591.7253  0.2584 
   00021    0.4636   -7639.0997  0.2577 
   00022    0.4356   -7625.4618  0.2637 
   00023    0.4472   -7649.6202  0.2674 
   00024    0.4452   -7735.3425  0.2676 
   00025    0.4484   -7768.7529  0.2611 
   00026    0.4388   -7788.3917  0.2620 
   00027    0.4376   -7824.4415  0.2645 
   00028    0.4412   -7832.4763  0.2633 
   00029    0.4388   -7844.8831  0.2657 
   00030    0.4296   -7870.4160  0.2589 
   00031    0.4408   -7903.0089  0.2627 
   00032    0.4488   -7875.0071  0.2613 
   00033    0.4164   -7859.4235  0.2622 
   00034    0.4348   -7895.2153  0.2631 
   00035    0.4432   -7900.6487  0.2615 
   00036    0.4424   -7897.8628  0.2589 
   00037    0.4220   -7951.8446  0.2560 
   00038    0.4256   -7998.4633  0.2588 
   00039    0.4180   -8000.0465  0.2590 
   00040    0.4284   -8011.7108  0.2639 
   00041    0.4492   -7995.0598  0.2592 
   00042    0.4384   -8023.5654  0.2718 
   00043    0.4216   -8009.5292  0.2730 
   00044    0.4540   -7994.6708  0.2637 
   00045    0.4316   -8014.4418  0.2694 
   00046    0.4444   -8060.4014  0.2655 
   00047    0.4296   -8084.7600  0.2701 
   00048    0.3992   -8098.5732  0.2700 
   00049    0.4312   -8137.8432  0.2749 
   00050    0.4120   -8117.5474  0.2765 
   00051    0.4180   -8114.0781  0.2805 
   00052    0.4264   -8142.7665  0.2832 
   00053    0.4232   -8141.4302  0.2783 
   00054    0.4300   -8124.9224  0.2739 
   00055    0.4304   -8135.8196  0.2714 
   00056    0.4192   -8131.5886  0.2670 
   00057    0.4240   -8096.8925  0.2715 
   00058    0.4304   -8113.7858  0.2706 
   00059    0.4300   -8134.5693  0.2712 
   00060    0.4212   -8115.4446  0.2765 
   00061    0.4308   -8099.2851  0.2707 
   00062    0.4140   -8113.2475  0.2757 
   00063    0.4180   -8129.2687  0.2741 
   00064    0.4364   -8117.8107  0.2745 
   00065    0.4124   -8129.8819  0.2696 
   00066    0.4280   -8122.1778  0.2758 
   00067    0.4244   -8101.4183  0.2760 
   00068    0.4152   -8090.9999  0.2812 
   00069    0.4216   -8068.1658  0.2810 
   00070    0.4376   -8113.0424  0.2756 
   00071    0.4248   -8147.0362  0.2759 
   00072    0.4192   -8157.3006  0.2787 
   00073    0.4200   -8150.9068  0.2705 
   00074    0.3976   -8126.1437  0.2804 
   00075    0.4320   -8132.5945  0.2863 
   00076    0.4076   -8190.1823  0.2847 
   00077    0.4136   -8218.7122  0.2862 
   00078    0.4224   -8233.4908  0.2849 
   00079    0.4152   -8242.0497  0.2841 
   00080    0.4296   -8257.9861  0.2958 
   00081    0.4208   -8213.4393  0.2904 
   00082    0.4236   -8213.0593  0.2947 
   00083    0.4276   -8239.9578  0.2945 
   00084    0.4244   -8243.8967  0.2968 
   00085    0.4308   -8210.3188  0.3020 
   00086    0.4216   -8190.7996  0.3071 
   00087    0.4320   -8134.9575  0.3069 
   00088    0.4176   -8143.1127  0.3045 
   00089    0.4308   -8108.8259  0.3068 
   00090    0.4320   -8145.9045  0.3093 
   00091    0.4192   -8144.5009  0.3087 
   00092    0.4164   -8130.9382  0.3053 
   00093    0.3980   -8157.3530  0.3136 
   00094    0.4288   -8160.7054  0.3065 
   00095    0.4188   -8168.6946  0.3056 
   00096    0.4304   -8124.3439  0.2941 
   00097    0.4164   -8169.1801  0.2963 
   00098    0.4088   -8184.4215  0.2977 
   00099    0.4172   -8179.5979  0.2947 
   00100    0.3988   -8212.8679  0.3030 
   00101    0.4168   -8181.3890  0.3076 
   00102    0.4164   -8229.3157  0.3121 
   00103    0.4412   -8246.2659  0.3144 
   00104    0.4356   -8194.7100  0.3048 
   00105    0.4248   -8211.2681  0.3087 
   00106    0.4216   -8249.5107  0.3095 
   00107    0.4272   -8264.1496  0.3125 
   00108    0.4200   -8283.2329  0.3160 
   00109    0.4172   -8260.3665  0.3126 
   00110    0.4328   -8280.5840  0.3087 
   00111    0.3980   -8253.9070  0.3106 
   00112    0.4188   -8276.4088  0.3040 
   00113    0.4208   -8306.5723  0.3025 
   00114    0.4192   -8277.0626  0.2970 
   00115    0.4212   -8242.1024  0.2984 
   00116    0.4208   -8281.0953  0.3041 
   00117    0.4424   -8285.4612  0.3045 
   00118    0.4176   -8304.5248  0.3157 
   00119    0.4284   -8302.4461  0.3173 
   00120    0.4140   -8297.0734  0.3175 
   00121    0.4440   -8268.3949  0.3252 
   00122    0.4232   -8271.7459  0.3272 
   00123    0.4284   -8277.5604  0.3276 
   00124    0.4068   -8308.6625  0.3189 
   00125    0.4180   -8288.6142  0.3162 
   00126    0.4000   -8292.9559  0.3241 
   00127    0.4096   -8318.7116  0.3265 
   00128    0.4248   -8362.0719  0.3285 
   00129    0.4128   -8353.0491  0.3217 
   00130    0.4148   -8306.1048  0.3138 
   00131    0.4152   -8285.4508  0.3163 
   00132    0.4288   -8302.0536  0.3202 
   00133    0.4144   -8288.9596  0.3194 
   00134    0.4172   -8301.4047  0.3265 
   00135    0.4156   -8331.3387  0.3288 
   00136    0.4076   -8327.1878  0.3277 
   00137    0.4260   -8359.2293  0.3287 
   00138    0.4304   -8381.9712  0.3297 
   00139    0.4076   -8377.6096  0.3241 
   00140    0.4068   -8391.4578  0.3159 
   00141    0.4276   -8393.8172  0.3186 
   00142    0.4140   -8379.0582  0.3230 
   00143    0.4264   -8371.1068  0.3237 
   00144    0.4372   -8404.5075  0.3219 
   00145    0.4116   -8373.2462  0.3275 
   00146    0.4276   -8382.0310  0.3237 
   00147    0.4244   -8398.7922  0.3196 
   00148    0.4108   -8390.2184  0.3237 
   00149    0.4104   -8347.3771  0.3246 
   00150    0.4040   -8389.3276  0.3224 
   00151    0.4228   -8357.6075  0.3276 
   00152    0.4304   -8392.4408  0.3268 
   00153    0.4172   -8375.2551  0.3322 
   00154    0.4188   -8393.6078  0.3326 
   00155    0.4136   -8420.2539  0.3301 
   00156    0.4076   -8385.2971  0.3299 
   00157    0.4260   -8403.5140  0.3288 
   00158    0.4012   -8417.8286  0.3271 
   00159    0.3980   -8391.7519  0.3228 
   00160    0.4364   -8420.3369  0.3207 
   00161    0.4240   -8417.1752  0.3113 
   00162    0.4192   -8466.2461  0.3076 
   00163    0.3968   -8445.1812  0.3138 
   00164    0.4264   -8412.7554  0.3178 
   00165    0.4284   -8423.6408  0.3274 
   00166    0.4108   -8430.7666  0.3225 
   00167    0.4060   -8461.4828  0.3231 
   00168    0.4088   -8472.5690  0.3190 
   00169    0.4216   -8493.3366  0.3214 
   00170    0.4036   -8441.8019  0.3259 
   00171    0.4372   -8422.2732  0.3244 
   00172    0.4224   -8432.3670  0.3225 
   00173    0.4284   -8423.4027  0.3289 
   00174    0.4040   -8415.9605  0.3316 
   00175    0.4236   -8411.2384  0.3323 
   00176    0.4076   -8439.0200  0.3363 
   00177    0.4044   -8443.3848  0.3383 
   00178    0.4276   -8434.3272  0.3413 
   00179    0.4120   -8409.9995  0.3404 
   00180    0.4160   -8394.9653  0.3386 
   00181    0.4188   -8419.8024  0.3443 
   00182    0.4280   -8424.8450  0.3390 
   00183    0.4244   -8426.8085  0.3382 
   00184    0.4012   -8426.8470  0.3370 
   00185    0.4040   -8405.2445  0.3362 
   00186    0.4352   -8350.0091  0.3395 
   00187    0.4200   -8318.2081  0.3444 
   00188    0.4064   -8309.0378  0.3406 
   00189    0.4052   -8335.6839  0.3374 
   00190    0.4244   -8355.6658  0.3466 
   00191    0.4176   -8374.1090  0.3478 
   00192    0.4100   -8352.9025  0.3572 
   00193    0.4228   -8382.6197  0.3545 
   00194    0.4124   -8420.6067  0.3470 
   00195    0.4200   -8411.7270  0.3528 
   00196    0.4212   -8373.6916  0.3567 
   00197    0.4220   -8350.9658  0.3575 
   00198    0.4012   -8318.3561  0.3561 
   00199    0.4200   -8330.6017  0.3545 
   00200    0.4024   -8389.9693  0.3544 
   00201    0.4080   -8399.9299  0.3545 
   00202    0.4204   -8410.1290  0.3592 
   00203    0.4072   -8351.9446  0.3568 
   00204    0.3980   -8362.5011  0.3584 
   00205    0.4056   -8397.4587  0.3604 
   00206    0.4360   -8395.2848  0.3608 
   00207    0.4112   -8399.9269  0.3623 
   00208    0.4108   -8465.8265  0.3655 
   00209    0.4076   -8464.7962  0.3681 
   00210    0.4084   -8464.5081  0.3693 
   00211    0.4012   -8436.8311  0.3710 
   00212    0.4120   -8426.0522  0.3755 
   00213    0.4124   -8420.3845  0.3719 
   00214    0.4144   -8405.7882  0.3726 
   00215    0.4188   -8410.3246  0.3695 
   00216    0.4280   -8410.2642  0.3666 
   00217    0.4084   -8435.5110  0.3735 
   00218    0.4092   -8432.3187  0.3778 
   00219    0.4064   -8399.1550  0.3840 
   00220    0.4316   -8396.5909  0.3861 
   00221    0.4128   -8438.2596  0.3813 
   00222    0.4120   -8435.7585  0.3846 
   00223    0.4208   -8423.0998  0.3834 
   00224    0.4172   -8451.3545  0.3883 
   00225    0.4200   -8396.3611  0.3822 
   00226    0.4220   -8428.5549  0.3720 
   00227    0.3940   -8395.8369  0.3761 
   00228    0.4036   -8403.5818  0.3796 
   00229    0.4216   -8405.4186  0.3783 
   00230    0.4284   -8405.3746  0.3812 
   00231    0.4292   -8402.1920  0.3792 
   00232    0.4220   -8469.1379  0.3718 
   00233    0.4184   -8463.3443  0.3767 
   00234    0.4152   -8465.1526  0.3738 
   00235    0.4108   -8421.5398  0.3778 
   00236    0.4136   -8409.5839  0.3774 
   00237    0.4136   -8425.9445  0.3773 
   00238    0.4128   -8401.9592  0.3775 
   00239    0.4116   -8381.5650  0.3763 
   00240    0.4256   -8412.2533  0.3754 
   00241    0.4232   -8410.8471  0.3750 
   00242    0.3936   -8395.7020  0.3773 
   00243    0.4052   -8392.7820  0.3729 
   00244    0.4052   -8415.4413  0.3663 
   00245    0.4072   -8425.5499  0.3588 
   00246    0.4188   -8453.6293  0.3612 
   00247    0.4024   -8460.7528  0.3603 
   00248    0.4184   -8441.1348  0.3613 
   00249    0.4008   -8446.7188  0.3635 
   00250    0.3964   -8472.3000  0.3593 
   00251    0.4048   -8511.4891  0.3592 
   00252    0.3956   -8467.2617  0.3577 
   00253    0.4056   -8489.1822  0.3535 
   00254    0.4076   -8470.3926  0.3559 
   00255    0.3924   -8421.2720  0.3507 
   00256    0.3996   -8399.5945  0.3534 
   00257    0.4168   -8388.3109  0.3578 
   00258    0.3940   -8458.3569  0.3632 
   00259    0.4144   -8501.6900  0.3649 
   00260    0.4224   -8467.5208  0.3629 
   00261    0.4080   -8475.2973  0.3633 
   00262    0.4032   -8473.3588  0.3675 
   00263    0.4172   -8464.2434  0.3663 
   00264    0.4136   -8407.4148  0.3745 
   00265    0.4156   -8398.4671  0.3713 
   00266    0.4248   -8414.0492  0.3698 
   00267    0.4368   -8397.4991  0.3711 
   00268    0.4204   -8449.9538  0.3685 
   00269    0.4116   -8461.8235  0.3689 
   00270    0.4224   -8434.8494  0.3755 
   00271    0.4148   -8393.0112  0.3770 
   00272    0.4200   -8363.6893  0.3709 
   00273    0.4144   -8347.8440  0.3796 
   00274    0.4096   -8401.6323  0.3877 
   00275    0.4340   -8360.1708  0.3948 
   00276    0.4188   -8374.5117  0.4016 
   00277    0.4160   -8393.3939  0.3999 
   00278    0.4088   -8405.8327  0.4033 
   00279    0.4244   -8421.5912  0.4011 
   00280    0.4364   -8426.9610  0.4033 
   00281    0.4120   -8437.3233  0.4073 
   00282    0.4120   -8446.0453  0.4091 
   00283    0.4136   -8415.4535  0.4058 
   00284    0.4124   -8454.3393  0.4027 
   00285    0.4112   -8465.3448  0.4059 
   00286    0.4228   -8428.3079  0.4123 
   00287    0.4168   -8391.6755  0.4128 
   00288    0.4232   -8447.6709  0.4169 
   00289    0.4196   -8478.9885  0.4148 
   00290    0.4092   -8479.4527  0.4106 
   00291    0.4144   -8496.0534  0.4110 
   00292    0.3968   -8502.4167  0.4128 
   00293    0.4192   -8462.8861  0.4106 
   00294    0.4084   -8436.2160  0.4082 
   00295    0.4140   -8433.0842  0.4034 
   00296    0.4200   -8507.2652  0.4055 
   00297    0.4236   -8475.4931  0.4004 
   00298    0.4076   -8476.3421  0.4041 
   00299    0.4228   -8467.4197  0.4017 
   00300    0.4140   -8425.7121  0.3986 
   00301    0.4140   -8397.4711  0.3924 
   00302    0.4204   -8432.6331  0.3917 
   00303    0.4088   -8381.4992  0.3955 
   00304    0.4088   -8397.3571  0.3981 
   00305    0.4192   -8409.5807  0.3993 
   00306    0.4176   -8421.2364  0.3987 
   00307    0.4092   -8408.1714  0.3949 
   00308    0.4012   -8408.8188  0.3909 
   00309    0.3968   -8401.2112  0.3928 
   00310    0.4240   -8362.4187  0.3951 
   00311    0.4048   -8349.2457  0.3865 
   00312    0.4200   -8372.1067  0.3879 
   00313    0.4284   -8311.5824  0.3831 
   00314    0.4344   -8353.2337  0.3799 
   00315    0.4232   -8373.3094  0.3780 
   00316    0.4104   -8352.7920  0.3789 
   00317    0.4212   -8331.1501  0.3828 
   00318    0.4116   -8389.3762  0.3884 
   00319    0.4144   -8354.8222  0.3819 
   00320    0.4296   -8351.6803  0.3887 
   00321    0.4132   -8375.1136  0.3894 
   00322    0.4232   -8408.9899  0.3900 
   00323    0.4328   -8417.9751  0.3939 
   00324    0.4020   -8412.9285  0.3893 
   00325    0.4136   -8420.8643  0.3939 
   00326    0.4164   -8413.3914  0.3863 
   00327    0.4224   -8415.5791  0.3897 
   00328    0.4140   -8452.2064  0.3907 
   00329    0.4172   -8427.7528  0.3921 
   00330    0.4344   -8452.2633  0.3855 
   00331    0.4228   -8484.5404  0.3883 
   00332    0.4152   -8451.1795  0.3920 
   00333    0.4012   -8469.2680  0.3947 
   00334    0.3872   -8484.9000  0.3919 
   00335    0.4028   -8512.7694  0.3935 
   00336    0.4040   -8504.6603  0.3942 
   00337    0.4140   -8456.5405  0.3957 
   00338    0.4184   -8461.3560  0.3968 
   00339    0.4108   -8436.6442  0.3963 
   00340    0.4128   -8487.3843  0.3941 
   00341    0.4080   -8496.3086  0.3899 
   00342    0.4176   -8497.6828  0.3883 
   00343    0.4184   -8436.9180  0.3863 
   00344    0.4152   -8445.5251  0.3873 
   00345    0.4080   -8438.7173  0.3885 
   00346    0.3928   -8482.2603  0.3858 
   00347    0.4212   -8492.3051  0.3897 
   00348    0.3928   -8512.1599  0.3920 
   00349    0.4188   -8495.3179  0.3939 
   00350    0.4196   -8468.3953  0.3939 
   00351    0.4232   -8501.1044  0.4014 
   00352    0.4012   -8536.8501  0.4047 
   00353    0.3976   -8499.9256  0.4040 
   00354    0.4160   -8538.4110  0.4012 
   00355    0.4212   -8486.0962  0.4021 
   00356    0.3888   -8505.4098  0.3977 
   00357    0.4072   -8465.4243  0.3973 
   00358    0.4188   -8477.7357  0.4043 
   00359    0.4048   -8499.3783  0.4006 
   00360    0.4048   -8466.7035  0.3894 
   00361    0.4096   -8444.1295  0.3920 
   00362    0.4120   -8498.3507  0.3906 
   00363    0.4124   -8464.9285  0.3908 
   00364    0.4176   -8461.6346  0.3910 
   00365    0.4104   -8476.2749  0.3979 
   00366    0.4108   -8479.4954  0.3995 
   00367    0.4112   -8489.7055  0.4019 
   00368    0.4296   -8433.3030  0.3946 
   00369    0.4152   -8433.6909  0.4057 
   00370    0.4304   -8448.7769  0.4103 
   00371    0.4168   -8480.2623  0.4102 
   00372    0.4084   -8472.7830  0.4139 
   00373    0.4212   -8469.3996  0.4128 
   00374    0.4096   -8478.5073  0.4099 
   00375    0.4116   -8514.4410  0.4062 
   00376    0.4176   -8481.0701  0.4059 
   00377    0.4300   -8452.1431  0.4026 
   00378    0.4312   -8415.8190  0.4057 
   00379    0.4136   -8509.6202  0.4118 
   00380    0.4132   -8512.0692  0.4096 
   00381    0.3984   -8481.7176  0.4154 
   00382    0.4000   -8494.4356  0.4186 
   00383    0.4220   -8507.3451  0.4215 
   00384    0.4108   -8523.1223  0.4191 
   00385    0.4032   -8500.6824  0.4144 
   00386    0.4128   -8514.5790  0.4153 
   00387    0.4000   -8520.0068  0.4232 
   00388    0.4040   -8521.6802  0.4228 
   00389    0.4132   -8486.3636  0.4213 
   00390    0.4148   -8514.5980  0.4209 
   00391    0.4304   -8489.2772  0.4175 
   00392    0.4004   -8512.1984  0.4198 
   00393    0.4028   -8534.0609  0.4197 
   00394    0.4112   -8528.3820  0.4236 
   00395    0.4088   -8524.2600  0.4232 
   00396    0.4348   -8505.2398  0.4194 
   00397    0.3960   -8514.0056  0.4197 
   00398    0.4076   -8481.8453  0.4215 
   00399    0.4008   -8483.0199  0.4203 
   00400    0.4312   -8481.0112  0.4164 
   00401    0.4104   -8465.5467  0.4151 
   00402    0.4072   -8514.1186  0.4193 
   00403    0.3992   -8539.1528  0.4205 
   00404    0.4164   -8520.5058  0.4262 
   00405    0.4164   -8542.5731  0.4233 
   00406    0.4196   -8499.9533  0.4236 
   00407    0.4080   -8446.9568  0.4142 
   00408    0.4004   -8464.3314  0.4124 
   00409    0.4044   -8476.4629  0.4127 
   00410    0.4144   -8508.1612  0.4106 
   00411    0.4060   -8480.1740  0.4129 
   00412    0.4024   -8493.5370  0.4134 
   00413    0.4156   -8499.6408  0.4090 
   00414    0.4092   -8495.1335  0.4141 
   00415    0.4068   -8518.6527  0.4156 
   00416    0.4292   -8524.0693  0.4147 
   00417    0.4184   -8531.2850  0.4143 
   00418    0.4152   -8496.5648  0.4158 
   00419    0.4236   -8539.6263  0.4184 
   00420    0.4092   -8508.7664  0.4207 
   00421    0.4112   -8517.6859  0.4174 
   00422    0.4072   -8504.3163  0.4238 
   00423    0.4220   -8480.2146  0.4211 
   00424    0.4324   -8503.5580  0.4225 
   00425    0.4092   -8468.2576  0.4123 
   00426    0.4176   -8512.4339  0.4136 
   00427    0.4140   -8537.1561  0.4089 
   00428    0.4236   -8490.6008  0.4079 
   00429    0.4044   -8486.6718  0.4031 
   00430    0.4092   -8507.6873  0.4015 
   00431    0.3996   -8488.7619  0.3994 
   00432    0.4148   -8484.4455  0.4025 
   00433    0.4216   -8557.9993  0.4027 
   00434    0.3940   -8570.3032  0.4061 
   00435    0.4040   -8526.7436  0.4148 
   00436    0.4172   -8536.7311  0.4181 
   00437    0.4088   -8550.6681  0.4194 
   00438    0.4192   -8560.6527  0.4161 
   00439    0.4048   -8628.4056  0.4115 
   00440    0.4188   -8580.2656  0.4136 
   00441    0.4196   -8538.5655  0.4132 
   00442    0.4148   -8592.2504  0.4132 
   00443    0.4144   -8550.6334  0.4107 
   00444    0.4128   -8546.4455  0.4114 
   00445    0.4080   -8557.7296  0.4118 
   00446    0.4048   -8601.1766  0.4126 
   00447    0.4148   -8585.6007  0.4124 
   00448    0.4032   -8537.3815  0.4134 
   00449    0.4160   -8536.0121  0.4109 
   00450    0.4076   -8557.8840  0.4112 
   00451    0.4232   -8496.5411  0.4134 
   00452    0.4104   -8487.1421  0.4105 
   00453    0.4176   -8481.5447  0.4169 
   00454    0.3992   -8452.3663  0.4224 
   00455    0.4336   -8405.3687  0.4225 
   00456    0.4092   -8460.1919  0.4214 
   00457    0.4204   -8454.8118  0.4216 
   00458    0.4064   -8445.5556  0.4269 
   00459    0.4292   -8466.5014  0.4239 
   00460    0.4080   -8527.0519  0.4256 
   00461    0.4100   -8517.4693  0.4269 
   00462    0.4084   -8519.0005  0.4264 
   00463    0.4152   -8541.4263  0.4267 
   00464    0.4088   -8492.9926  0.4230 
   00465    0.4248   -8477.7755  0.4189 
   00466    0.4300   -8511.0223  0.4217 
   00467    0.4152   -8518.0402  0.4267 
   00468    0.3880   -8538.8977  0.4236 
   00469    0.4228   -8524.5355  0.4222 
   00470    0.4068   -8554.1912  0.4315 
   00471    0.4056   -8566.7781  0.4314 
   00472    0.4048   -8530.1499  0.4354 
   00473    0.4084   -8502.6211  0.4360 
   00474    0.4040   -8511.2573  0.4404 
   00475    0.4172   -8512.9117  0.4378 
   00476    0.4200   -8495.1886  0.4379 
   00477    0.4228   -8485.0225  0.4421 
   00478    0.3988   -8512.6805  0.4491 
   00479    0.4228   -8494.6672  0.4452 
   00480    0.4192   -8459.0794  0.4497 
   00481    0.4112   -8436.3623  0.4479 
   00482    0.4084   -8486.8680  0.4505 
   00483    0.4256   -8461.7345  0.4391 
   00484    0.4100   -8477.4662  0.4428 
   00485    0.4088   -8435.2661  0.4438 
   00486    0.4088   -8445.4003  0.4428 
   00487    0.4040   -8460.4101  0.4469 
   00488    0.4320   -8471.4732  0.4419 
   00489    0.4220   -8478.7814  0.4384 
   00490    0.4220   -8464.0834  0.4413 
   00491    0.4276   -8466.7525  0.4471 
   00492    0.3980   -8468.8052  0.4498 
   00493    0.4188   -8472.8429  0.4505 
   00494    0.4056   -8495.2096  0.4492 
   00495    0.4204   -8486.2091  0.4541 
   00496    0.3996   -8544.0022  0.4547 
   00497    0.3972   -8502.1138  0.4541 
   00498    0.4028   -8503.6489  0.4562 
   00499    0.4040   -8510.4497  0.4585 
   00500    0.4192   -8473.5188  0.4631 
   00501    0.4196   -8471.4053  0.4642 
   00502    0.3908   -8461.1299  0.4594 
   00503    0.4136   -8478.7364  0.4620 
   00504    0.4088   -8515.7938  0.4613 
   00505    0.4152   -8513.4706  0.4608 
   00506    0.4144   -8489.9458  0.4585 
   00507    0.4320   -8514.6396  0.4541 
   00508    0.4116   -8556.9339  0.4510 
   00509    0.4060   -8527.3765  0.4494 
   00510    0.4140   -8504.4958  0.4491 
   00511    0.4240   -8505.5881  0.4503 
   00512    0.4024   -8476.9083  0.4452 
   00513    0.4124   -8505.2120  0.4451 
   00514    0.4148   -8498.8969  0.4461 
   00515    0.4248   -8516.2399  0.4456 
   00516    0.3984   -8459.5117  0.4448 
   00517    0.4164   -8451.2628  0.4457 
   00518    0.4144   -8482.9740  0.4488 
   00519    0.4100   -8462.2908  0.4526 
   00520    0.4128   -8499.4063  0.4536 
   00521    0.3988   -8506.3606  0.4556 
   00522    0.4232   -8501.0055  0.4558 
   00523    0.4000   -8501.4346  0.4564 
   00524    0.4112   -8479.8066  0.4540 
   00525    0.4076   -8490.0263  0.4583 
   00526    0.4072   -8534.0095  0.4557 
   00527    0.4072   -8516.3065  0.4521 
   00528    0.4048   -8487.7309  0.4504 
   00529    0.4076   -8515.3305  0.4518 
   00530    0.4088   -8585.6417  0.4539 
   00531    0.4036   -8534.4865  0.4531 
   00532    0.4072   -8541.7271  0.4477 
   00533    0.3788   -8501.5360  0.4495 
   00534    0.3904   -8500.7441  0.4495 
   00535    0.4164   -8511.9916  0.4485 
   00536    0.3964   -8546.7082  0.4452 
   00537    0.4208   -8557.0875  0.4454 
   00538    0.4144   -8513.6297  0.4472 
   00539    0.4228   -8528.7033  0.4482 
   00540    0.4224   -8503.7349  0.4467 
   00541    0.4132   -8517.1062  0.4432 
   00542    0.4044   -8483.7227  0.4436 
   00543    0.4096   -8478.4778  0.4426 
   00544    0.4200   -8494.0706  0.4474 
   00545    0.4296   -8502.6088  0.4531 
   00546    0.4212   -8481.6499  0.4526 
   00547    0.4176   -8440.1099  0.4478 
   00548    0.4212   -8405.2637  0.4358 
   00549    0.4248   -8407.7448  0.4401 
   00550    0.4084   -8422.5001  0.4391 
   00551    0.4212   -8457.9920  0.4350 
   00552    0.4180   -8411.7333  0.4348 
   00553    0.4124   -8454.6075  0.4332 
   00554    0.3984   -8491.6806  0.4348 
   00555    0.4124   -8510.3836  0.4344 
   00556    0.4100   -8535.5758  0.4303 
   00557    0.4072   -8526.6705  0.4347 
   00558    0.4092   -8513.9180  0.4290 
   00559    0.4124   -8553.4048  0.4288 
   00560    0.4160   -8511.5227  0.4263 
   00561    0.3968   -8447.6583  0.4239 
   00562    0.3988   -8480.9666  0.4354 
   00563    0.3940   -8508.6764  0.4433 
   00564    0.3936   -8534.9838  0.4541 
   00565    0.4124   -8505.5597  0.4549 
   00566    0.3956   -8479.9726  0.4498 
   00567    0.4136   -8485.5806  0.4530 
   00568    0.4032   -8485.5030  0.4489 
   00569    0.3996   -8480.2317  0.4538 
   00570    0.4088   -8497.1628  0.4466 
   00571    0.4208   -8533.7102  0.4533 
   00572    0.4164   -8551.2223  0.4558 
   00573    0.4120   -8551.2404  0.4650 
   00574    0.3968   -8532.0974  0.4643 
   00575    0.3936   -8535.3170  0.4658 
   00576    0.4132   -8515.6566  0.4639 
   00577    0.4232   -8471.0031  0.4664 
   00578    0.3952   -8530.1721  0.4754 
   00579    0.3884   -8561.5550  0.4755 
   00580    0.4104   -8547.7167  0.4791 
   00581    0.4096   -8567.2724  0.4777 
   00582    0.3948   -8587.8185  0.4783 
   00583    0.3804   -8612.1013  0.4761 
   00584    0.4228   -8593.6758  0.4833 
   00585    0.4092   -8585.0939  0.4861 
   00586    0.4048   -8574.9310  0.4920 
   00587    0.3868   -8567.4187  0.4939 
   00588    0.4184   -8523.9373  0.4922 
   00589    0.4276   -8539.5013  0.4930 
   00590    0.4308   -8567.7163  0.4938 
   00591    0.4244   -8550.8987  0.4959 
   00592    0.3968   -8528.5844  0.4996 
   00593    0.4016   -8530.9139  0.4990 
   00594    0.4320   -8538.2573  0.5003 
   00595    0.4240   -8585.4399  0.5011 
   00596    0.3868   -8582.9444  0.4999 
   00597    0.4020   -8523.6525  0.5012 
   00598    0.4072   -8527.9078  0.5030 
   00599    0.4108   -8499.4826  0.5016 
   00600    0.4200   -8481.9408  0.5033 
   00601    0.4072   -8555.1881  0.5088 
   00602    0.4172   -8525.9408  0.5163 
   00603    0.4128   -8553.4526  0.5172 
   00604    0.3920   -8584.0007  0.5164 
   00605    0.4160   -8556.9545  0.5122 
   00606    0.4172   -8511.2392  0.5078 
   00607    0.3980   -8559.7952  0.5094 
   00608    0.4176   -8502.1819  0.5070 
   00609    0.4040   -8551.6502  0.5051 
   00610    0.4080   -8532.3461  0.5067 
   00611    0.4056   -8531.7026  0.5107 
   00612    0.4164   -8540.6616  0.5162 
   00613    0.4192   -8543.7511  0.5160 
   00614    0.4184   -8547.4452  0.5084 
   00615    0.4208   -8552.5775  0.5090 
   00616    0.4064   -8507.2800  0.5069 
   00617    0.3940   -8544.5872  0.5047 
   00618    0.4088   -8522.6331  0.5032 
   00619    0.4004   -8551.9962  0.5069 
   00620    0.4116   -8542.0589  0.5042 
   00621    0.4016   -8546.5202  0.5019 
   00622    0.4112   -8553.9601  0.5037 
   00623    0.3896   -8569.2214  0.5054 
   00624    0.3920   -8566.9574  0.5036 
   00625    0.4080   -8544.8996  0.4978 
   00626    0.3900   -8539.4989  0.4953 
   00627    0.4080   -8550.7132  0.4943 
   00628    0.4180   -8546.4573  0.4907 
   00629    0.3940   -8601.0009  0.4903 
   00630    0.4244   -8546.4824  0.4923 
   00631    0.4040   -8542.4261  0.4945 
   00632    0.4164   -8536.9794  0.4934 
   00633    0.4260   -8520.6696  0.4823 
   00634    0.4148   -8561.0305  0.4842 
   00635    0.4036   -8568.5856  0.4996 
   00636    0.4224   -8497.0616  0.4983 
   00637    0.4192   -8488.2640  0.4969 
   00638    0.4256   -8495.4807  0.5040 
   00639    0.4140   -8529.3323  0.4996 
   00640    0.3972   -8540.1689  0.5094 
   00641    0.4044   -8562.3128  0.5107 
   00642    0.4164   -8544.7790  0.5077 
   00643    0.3884   -8558.9407  0.5108 
   00644    0.4120   -8598.3930  0.5118 
   00645    0.4212   -8595.6727  0.5095 
   00646    0.3964   -8565.0953  0.5062 
   00647    0.4240   -8551.5710  0.5054 
   00648    0.4152   -8570.4638  0.5067 
   00649    0.4100   -8561.2669  0.5065 
   00650    0.3996   -8558.6473  0.5095 
   00651    0.3796   -8517.4713  0.5066 
   00652    0.4044   -8535.8030  0.5085 
   00653    0.4176   -8462.8107  0.5089 
   00654    0.4276   -8500.0582  0.5119 
   00655    0.4084   -8543.1203  0.5145 
   00656    0.4156   -8587.0625  0.5131 
   00657    0.4100   -8538.2247  0.5148 
   00658    0.4104   -8552.8281  0.5164 
   00659    0.4264   -8554.1779  0.5161 
   00660    0.4044   -8522.2151  0.5078 
   00661    0.4184   -8519.1564  0.5099 
   00662    0.4088   -8551.2907  0.5090 
   00663    0.4008   -8623.6463  0.5056 
   00664    0.4200   -8595.5039  0.5062 
   00665    0.4024   -8600.0475  0.4975 
   00666    0.4076   -8611.2752  0.5048 
   00667    0.4152   -8581.8230  0.5065 
   00668    0.3940   -8521.8412  0.5019 
   00669    0.4008   -8555.8460  0.4962 
   00670    0.4096   -8547.8660  0.4937 
   00671    0.4060   -8574.3816  0.4993 
   00672    0.4140   -8551.6162  0.4974 
   00673    0.3988   -8573.8026  0.4937 
   00674    0.4188   -8576.3049  0.4925 
   00675    0.4104   -8554.7446  0.4890 
   00676    0.4296   -8554.1865  0.4871 
   00677    0.4048   -8564.0523  0.4852 
   00678    0.4248   -8536.8021  0.4834 
   00679    0.4016   -8561.5259  0.4843 
   00680    0.4140   -8522.1929  0.4882 
   00681    0.4140   -8480.4525  0.4858 
   00682    0.4044   -8510.9275  0.4804 
   00683    0.4260   -8506.3131  0.4806 
   00684    0.4180   -8492.3897  0.4800 
   00685    0.4108   -8545.4512  0.4896 
   00686    0.3924   -8517.6522  0.4904 
   00687    0.4256   -8492.6128  0.4906 
   00688    0.3832   -8519.8597  0.4878 
   00689    0.3972   -8527.8842  0.4848 
   00690    0.4112   -8546.9179  0.4865 
   00691    0.4156   -8553.9594  0.4891 
   00692    0.4168   -8571.7009  0.4851 
   00693    0.4132   -8514.6076  0.4885 
   00694    0.4072   -8524.9905  0.4904 
   00695    0.4104   -8566.9270  0.4945 
   00696    0.4108   -8603.5050  0.4921 
   00697    0.4148   -8572.7524  0.4916 
   00698    0.4092   -8491.5675  0.4960 
   00699    0.4104   -8525.3854  0.4997 
   00700    0.4152   -8485.0094  0.4990 
   00701    0.4032   -8484.3303  0.5008 
   00702    0.4244   -8546.9559  0.5093 
   00703    0.4084   -8577.9712  0.5105 
   00704    0.4060   -8572.3926  0.5116 
   00705    0.4044   -8503.5954  0.5105 
   00706    0.4088   -8490.8720  0.5060 
   00707    0.3896   -8512.8483  0.5059 
   00708    0.4220   -8570.5546  0.5016 
   00709    0.4136   -8542.1213  0.5087 
   00710    0.4152   -8556.0199  0.5042 
   00711    0.3828   -8596.3956  0.5035 
   00712    0.4072   -8581.9537  0.5060 
   00713    0.4052   -8597.1855  0.5103 
   00714    0.4040   -8576.4795  0.5047 
   00715    0.4140   -8555.6450  0.5036 
   00716    0.4052   -8564.5667  0.5140 
   00717    0.4024   -8610.3376  0.5206 
   00718    0.4180   -8644.4432  0.5271 
   00719    0.4012   -8624.9580  0.5233 
   00720    0.4108   -8627.9901  0.5216 
   00721    0.3980   -8631.8150  0.5157 
   00722    0.3868   -8562.9753  0.5143 
   00723    0.4012   -8586.3340  0.5209 
   00724    0.4124   -8597.8102  0.5204 
   00725    0.4080   -8599.0663  0.5171 
   00726    0.4172   -8562.5602  0.5167 
   00727    0.4128   -8573.8603  0.5114 
   00728    0.4028   -8557.5093  0.5132 
   00729    0.4264   -8571.5588  0.5128 
   00730    0.4192   -8557.4223  0.5080 
   00731    0.4172   -8536.5992  0.5136 
   00732    0.4160   -8535.6959  0.5171 
   00733    0.4068   -8583.8086  0.5199 
   00734    0.4132   -8527.2844  0.5208 
   00735    0.4096   -8503.0874  0.5175 
   00736    0.4140   -8505.9476  0.5183 
   00737    0.4320   -8485.1443  0.5171 
   00738    0.4236   -8520.4922  0.5106 
   00739    0.4016   -8526.2106  0.5088 
   00740    0.4032   -8516.5203  0.5028 
   00741    0.3996   -8535.9535  0.5039 
   00742    0.4068   -8546.5111  0.5067 
   00743    0.4132   -8551.7881  0.5024 
   00744    0.4104   -8558.6759  0.5050 
   00745    0.4052   -8586.7568  0.5035 
   00746    0.4060   -8579.6326  0.5077 
   00747    0.4024   -8573.1485  0.5029 
   00748    0.4068   -8554.1369  0.5039 
   00749    0.4136   -8550.6917  0.5051 
   00750    0.3928   -8531.5849  0.5025 
   00751    0.4032   -8514.1165  0.5068 
   00752    0.4044   -8555.8940  0.5089 
   00753    0.4040   -8565.8777  0.5073 
   00754    0.4136   -8564.4899  0.5100 
   00755    0.4012   -8522.1593  0.5076 
   00756    0.4120   -8498.8620  0.5104 
   00757    0.3988   -8533.6617  0.5058 
   00758    0.4104   -8517.3624  0.5075 
   00759    0.4060   -8532.2288  0.5093 
   00760    0.4208   -8528.8056  0.5049 
   00761    0.4088   -8515.6185  0.5020 
   00762    0.4304   -8546.4851  0.5043 
   00763    0.4124   -8575.3701  0.5038 
   00764    0.4252   -8546.4302  0.5070 
   00765    0.4056   -8556.0435  0.5093 
   00766    0.4080   -8539.0040  0.5100 
   00767    0.4156   -8516.5677  0.5099 
   00768    0.4128   -8512.6149  0.5072 
   00769    0.4020   -8514.3208  0.5093 
   00770    0.4172   -8528.4247  0.5104 
   00771    0.4244   -8551.5200  0.5084 
   00772    0.4100   -8590.0148  0.5077 
   00773    0.4104   -8601.9303  0.5117 
   00774    0.4028   -8541.9412  0.5180 
   00775    0.4060   -8578.2893  0.5166 
   00776    0.4172   -8545.5452  0.5201 
   00777    0.4084   -8572.2177  0.5189 
   00778    0.4100   -8565.4778  0.5181 
   00779    0.3992   -8509.6053  0.5198 
   00780    0.4268   -8504.7243  0.5182 
   00781    0.4072   -8548.3302  0.5207 
   00782    0.4204   -8514.3045  0.5170 
   00783    0.4024   -8535.3856  0.5220 
   00784    0.4256   -8529.1005  0.5144 
   00785    0.4236   -8507.9636  0.5196 
   00786    0.3988   -8498.3193  0.5246 
   00787    0.4104   -8531.7703  0.5270 
   00788    0.4120   -8556.7352  0.5217 
   00789    0.4064   -8538.6545  0.5219 
   00790    0.4184   -8495.4045  0.5177 
   00791    0.4228   -8549.7650  0.5289 
   00792    0.3952   -8558.3617  0.5292 
   00793    0.3908   -8553.5600  0.5361 
   00794    0.3916   -8575.9069  0.5435 
   00795    0.4168   -8569.8895  0.5449 
   00796    0.4180   -8533.2088  0.5406 
   00797    0.4128   -8536.0506  0.5408 
   00798    0.4072   -8576.0658  0.5430 
   00799    0.4060   -8538.0786  0.5460 
   00800    0.4268   -8536.6259  0.5470 
   00801    0.4196   -8580.0540  0.5464 
   00802    0.4064   -8598.7754  0.5397 
   00803    0.4156   -8537.6846  0.5370 
   00804    0.4088   -8559.1352  0.5322 
   00805    0.4216   -8532.4666  0.5302 
   00806    0.4132   -8546.3235  0.5278 
   00807    0.4112   -8541.9625  0.5290 
   00808    0.4128   -8529.9605  0.5255 
   00809    0.3896   -8487.1201  0.5207 
   00810    0.4128   -8559.3555  0.5264 
   00811    0.4228   -8517.7713  0.5248 
   00812    0.3984   -8465.3457  0.5252 
   00813    0.4300   -8474.2517  0.5255 
   00814    0.4276   -8528.3012  0.5225 
   00815    0.4052   -8543.6406  0.5177 
   00816    0.4240   -8531.6885  0.5197 
   00817    0.4116   -8509.9613  0.5219 
   00818    0.3996   -8546.7384  0.5195 
   00819    0.4184   -8575.0930  0.5237 
   00820    0.4068   -8520.2315  0.5255 
   00821    0.4072   -8541.2975  0.5266 
   00822    0.4176   -8496.5858  0.5190 
   00823    0.4140   -8516.7960  0.5134 
   00824    0.4016   -8503.9581  0.5115 
   00825    0.4152   -8478.9944  0.5051 
   00826    0.4188   -8517.3552  0.5037 
   00827    0.4100   -8522.4938  0.5032 
   00828    0.4080   -8567.8835  0.5026 
   00829    0.4040   -8556.4474  0.5037 
   00830    0.3956   -8596.3510  0.5078 
   00831    0.4020   -8581.7776  0.5106 
   00832    0.4068   -8533.8329  0.5020 
   00833    0.4136   -8530.6708  0.5001 
   00834    0.4136   -8525.9800  0.5089 
   00835    0.3980   -8577.1417  0.5143 
   00836    0.4192   -8583.1790  0.5089 
   00837    0.3980   -8575.3631  0.5071 
   00838    0.4124   -8565.7556  0.5043 
   00839    0.3968   -8541.2933  0.5040 
   00840    0.4228   -8497.8945  0.5038 
   00841    0.4028   -8461.3216  0.5075 
   00842    0.4096   -8482.4459  0.5019 
   00843    0.4180   -8517.9609  0.4967 
   00844    0.4192   -8534.1417  0.4920 
   00845    0.3988   -8568.4241  0.4932 
   00846    0.4116   -8558.1144  0.4910 
   00847    0.3968   -8574.8484  0.4974 
   00848    0.4156   -8583.6188  0.4972 
   00849    0.4052   -8544.4889  0.4959 
   00850    0.4044   -8567.2557  0.4975 
   00851    0.4184   -8533.9712  0.5009 
   00852    0.4040   -8499.9665  0.4989 
   00853    0.4260   -8532.7422  0.4968 
   00854    0.4208   -8526.3031  0.4975 
   00855    0.4256   -8477.6121  0.4973 
   00856    0.4136   -8564.6769  0.4938 
   00857    0.4000   -8536.1272  0.4978 
   00858    0.4004   -8506.6750  0.4967 
   00859    0.4076   -8475.4197  0.4954 
   00860    0.4140   -8509.1843  0.5025 
   00861    0.4068   -8504.6446  0.5078 
   00862    0.4088   -8556.5872  0.5075 
   00863    0.4024   -8561.5726  0.5167 
   00864    0.3960   -8529.8254  0.5145 
   00865    0.4056   -8555.7775  0.5096 
   00866    0.4072   -8588.5314  0.5065 
   00867    0.3936   -8574.5200  0.5014 
   00868    0.4020   -8558.4106  0.4981 
   00869    0.4136   -8558.3844  0.4972 
   00870    0.4124   -8549.7945  0.4968 
   00871    0.4272   -8560.0060  0.4911 
   00872    0.4184   -8509.0661  0.4836 
   00873    0.4052   -8499.9513  0.4837 
   00874    0.4300   -8513.3544  0.4827 
   00875    0.4008   -8562.8687  0.4843 
   00876    0.3956   -8583.4484  0.4890 
   00877    0.4120   -8542.1658  0.4935 
   00878    0.4264   -8438.9358  0.4913 
   00879    0.4208   -8443.8527  0.4858 
   00880    0.4064   -8422.2956  0.4833 
   00881    0.4096   -8417.5315  0.4766 
   00882    0.4096   -8446.1013  0.4730 
   00883    0.4084   -8479.0473  0.4708 
   00884    0.4180   -8483.5976  0.4701 
   00885    0.4100   -8409.7199  0.4640 
   00886    0.4196   -8434.3368  0.4662 
   00887    0.4120   -8483.7365  0.4697 
   00888    0.4052   -8487.0488  0.4681 
   00889    0.4232   -8471.9185  0.4679 
   00890    0.4212   -8497.5919  0.4694 
   00891    0.3916   -8479.7075  0.4698 
   00892    0.4196   -8426.7262  0.4688 
   00893    0.4248   -8437.6810  0.4722 
   00894    0.4088   -8493.3409  0.4701 
   00895    0.4068   -8526.0995  0.4752 
   00896    0.4276   -8522.6006  0.4793 
   00897    0.4352   -8479.3467  0.4700 
   00898    0.4196   -8485.7045  0.4682 
   00899    0.4064   -8470.5180  0.4746 
   00900    0.4208   -8486.0078  0.4795 
   00901    0.4136   -8490.1674  0.4777 
   00902    0.4024   -8526.4328  0.4797 
   00903    0.3940   -8500.3638  0.4695 
   00904    0.4160   -8481.7786  0.4735 
   00905    0.4072   -8495.3425  0.4715 
   00906    0.4160   -8468.7530  0.4734 
   00907    0.4068   -8458.2355  0.4776 
   00908    0.4144   -8497.9663  0.4759 
   00909    0.4356   -8476.5060  0.4808 
   00910    0.4032   -8450.6288  0.4892 
   00911    0.4048   -8477.2137  0.4909 
   00912    0.4132   -8529.2704  0.4927 
   00913    0.4216   -8529.7266  0.4970 
   00914    0.3988   -8536.7063  0.4953 
   00915    0.4204   -8524.6402  0.4957 
   00916    0.4060   -8523.7108  0.4834 
   00917    0.4196   -8492.5168  0.4851 
   00918    0.4180   -8499.2575  0.4851 
   00919    0.4184   -8520.8761  0.4859 
   00920    0.4136   -8537.8390  0.4883 
   00921    0.4088   -8566.3490  0.4912 
   00922    0.4020   -8548.7939  0.4926 
   00923    0.4008   -8602.4797  0.4943 
   00924    0.3960   -8604.8030  0.4935 
   00925    0.3984   -8600.3181  0.4951 
   00926    0.4100   -8592.8577  0.5006 
   00927    0.4024   -8634.3764  0.5046 
   00928    0.3964   -8571.6086  0.5029 
   00929    0.4060   -8568.5679  0.5051 
   00930    0.4068   -8567.3570  0.5052 
   00931    0.4084   -8574.7540  0.5061 
   00932    0.4060   -8589.0247  0.5052 
   00933    0.4120   -8552.4554  0.4993 
   00934    0.4292   -8566.3263  0.4995 
   00935    0.4128   -8554.9492  0.4953 
   00936    0.4060   -8563.6478  0.4955 
   00937    0.3996   -8549.5778  0.4966 
   00938    0.4156   -8527.4040  0.5020 
   00939    0.4012   -8510.7972  0.5051 
   00940    0.4276   -8490.7141  0.5051 
   00941    0.3996   -8511.7019  0.5057 
   00942    0.4032   -8573.9116  0.5054 
   00943    0.4000   -8541.1671  0.5038 
   00944    0.4232   -8527.6948  0.5045 
   00945    0.4276   -8492.5639  0.5057 
   00946    0.4032   -8473.4785  0.5024 
   00947    0.4016   -8505.1729  0.4950 
   00948    0.4336   -8494.6110  0.4953 
   00949    0.4196   -8532.3699  0.4984 
   00950    0.4040   -8489.4471  0.4927 
   00951    0.4116   -8542.0160  0.4951 
   00952    0.4224   -8596.6344  0.4928 
   00953    0.3952   -8608.9495  0.4913 
   00954    0.4052   -8602.5842  0.4837 
   00955    0.4048   -8615.2761  0.4892 
   00956    0.4128   -8600.9477  0.4888 
   00957    0.4148   -8619.9636  0.4900 
   00958    0.4040   -8664.9442  0.4955 
   00959    0.4100   -8616.5201  0.4909 
   00960    0.4176   -8618.9931  0.4914 
   00961    0.4048   -8590.3345  0.4873 
   00962    0.4120   -8614.9602  0.4831 
   00963    0.4168   -8632.2148  0.4813 
   00964    0.3956   -8602.2377  0.4766 
   00965    0.4076   -8612.1117  0.4771 
   00966    0.3920   -8606.8990  0.4761 
   00967    0.4068   -8556.2762  0.4731 
   00968    0.4136   -8495.2756  0.4701 
   00969    0.4092   -8518.4673  0.4721 
   00970    0.4108   -8565.6658  0.4791 
   00971    0.4204   -8514.3132  0.4761 
   00972    0.4120   -8540.1191  0.4807 
   00973    0.4196   -8499.9575  0.4884 
   00974    0.4140   -8498.0553  0.4864 
   00975    0.4084   -8528.2034  0.4825 
   00976    0.4272   -8492.7165  0.4837 
   00977    0.4328   -8572.2635  0.4842 
   00978    0.3984   -8568.0657  0.4813 
   00979    0.4220   -8564.8339  0.4856 
   00980    0.4052   -8594.8691  0.4897 
   00981    0.3864   -8595.0057  0.4860 
   00982    0.4308   -8562.4852  0.4870 
   00983    0.4212   -8547.1896  0.4870 
   00984    0.4032   -8550.4296  0.4881 
   00985    0.3964   -8533.4066  0.4834 
   00986    0.4140   -8506.5370  0.4849 
   00987    0.4300   -8477.8273  0.4824 
   00988    0.4228   -8481.7309  0.4825 
   00989    0.4284   -8492.5248  0.4863 
   00990    0.4140   -8515.0946  0.4929 
   00991    0.4140   -8510.8566  0.4940 
   00992    0.4068   -8541.9752  0.4977 
   00993    0.4148   -8553.5760  0.5027 
   00994    0.4092   -8578.3463  0.5012 
   00995    0.4220   -8551.7570  0.4958 
   00996    0.4216   -8552.3363  0.4998 
   00997    0.3928   -8538.2768  0.5028 
   00998    0.4152   -8530.6910  0.5051 
   00999    0.3836   -8528.7081  0.5043 
   01000    0.4172   -8526.0802  0.5048 
