#=====================================================
# File created:        Wed-29-Oct-2025-at-10-18-40PM
# Size of lattice:     50x50
# Number of MC steps:  1000
# Reduced temperature: 0.500
# Run time (s):        32.196113
#=====================================================
# MC step:  Ratio:     Energy:   Order:
#=====================================================
   00000    0.5000   -2453.5009  0.2599 
   00001    0.6760   -3670.4734  0.2729 
   00002    0.6304   -4502.0133  0.2783 
   00003    0.6040   -5056.8417  0.2771 
   00004    0.5656   -5484.2902  0.2742 
   00005    0.5448   -5861.7706  0.2894 
   00006    0.5240   -6098.9895  0.2982 
   00007    0.5200   -6385.0228  0.3154 
   00008    0.4996   -6572.3831  0.3167 
   00009    0.4928   -6739.3786  0.3213 
   00010    0.4932   -6932.7726  0.3228 
   00011    0.4664   -7056.1885  0.3267 
   00012    0.4616   -7152.0600  0.3334 
   00013    0.4656   -7278.8587  0.3358 
   00014    0.4628   -7363.5710  0.3365 
   00015    0.4620   -7482.4713  0.3342 
   00016    0.4388   -7467.1482  0.3340 
   00017    0.4564   -7516.4994  0.3442 
   00018    0.4496   -7561.1325  0.3480 
   00019    0.4356   -7592.1243  0.3526 
   00020    0.4464   -7622.4587  0.3576 
   00021    0.4432   -7645.1922  0.3580 
   00022    0.4340   -7673.4393  0.3687 
   00023    0.4520   -7677.1518  0.3793 
   00024    0.4420   -7715.1403  0.3824 
   00025    0.4564   -7702.7537  0.3852 
   00026    0.4356   -7730.7189  0.3899 
   00027    0.4600   -7683.0941  0.3953 
   00028    0.4488   -7694.0494  0.3950 
   00029    0.4236   -7753.9451  0.4035 
   00030    0.4580   -7813.0506  0.4019 
   00031    0.4296   -7901.5882  0.4061 
   00032    0.4368   -7921.5002  0.4044 
   00033    0.4400   -7951.1551  0.4086 
   00034    0.4320   -7985.5504  0.4026 
   00035    0.4368   -8007.8019  0.4120 
   00036    0.4456   -8012.8972  0.4140 
   00037    0.4392   -7987.7803  0.4108 
   00038    0.4268   -8030.6846  0.4118 
   00039    0.4392   -8037.8232  0.4157 
   00040    0.4144   -8049.4511  0.4171 
   00041    0.4128   -7991.6050  0.4203 
   00042    0.4436   -7984.5344  0.4248 
   00043    0.4208   -8001.7868  0.4265 
   00044    0.4308   -8031.0000  0.4241 
   00045    0.4272   -7982.3954  0.4160 
   00046    0.4372   -7935.0024  0.4104 
   00047    0.4476   -7982.8417  0.4116 
   00048    0.4300   -8085.9735  0.4131 
   00049    0.4300   -8023.7394  0.4086 
   00050    0.4412   -8068.5667  0.4155 
   00051    0.4388   -8098.8035  0.4185 
   00052    0.4368   -8104.1332  0.4213 
   00053    0.4380   -8132.7588  0.4194 
   00054    0.4312   -8170.4341  0.4194 
   00055    0.4224   -8171.4810  0.4202 
   00056    0.4420   -8120.6203  0.4169 
   00057    0.4324   -8123.7669  0.4150 
   00058    0.4320   -8150.4776  0.4169 
   00059    0.4328   -8156.2361  0.4133 
   00060    0.4304   -8156.0900  0.4115 
   00061    0.4332   -8154.1732  0.4152 
   00062    0.4212   -8137.1821  0.4140 
   00063    0.4388   -8132.2946  0.4119 
   00064    0.4296   -8119.5625  0.4152 
   00065    0.4336   -8184.7247  0.4178 
   00066    0.4088   -8221.5042  0.4181 
   00067    0.4092   -8252.5173  0.4160 
   00068    0.4260   -8268.3159  0.4153 
   00069    0.4176   -8252.3758  0.4209 
   00070    0.4364   -8257.8942  0.4130 
   00071    0.4240   -8232.1922  0.4193 
   00072    0.4216   -8199.4703  0.4153 
   00073    0.4336   -8172.9958  0.4114 
   00074    0.4220   -8193.6413  0.4025 
   00075    0.4132   -8184.2604  0.4033 
   00076    0.4168   -8173.6445  0.4089 
   00077    0.4228   -8174.1382  0.4082 
   00078    0.4300   -8177.7972  0.4108 
   00079    0.4280   -8177.7455  0.4120 
   00080    0.4364   -8198.7523  0.4158 
   00081    0.4208   -8170.7187  0.4128 
   00082    0.4116   -8171.5909  0.4119 
   00083    0.4276   -8181.9465  0.4112 
   00084    0.4260   -8187.1534  0.4109 
   00085    0.4244   -8214.8612  0.4089 
   00086    0.4048   -8189.7447  0.4088 
   00087    0.4212   -8183.7142  0.4075 
   00088    0.4168   -8241.5545  0.4153 
   00089    0.4216   -8230.8284  0.4131 
   00090    0.4276   -8236.6640  0.4120 
   00091    0.4116   -8263.9291  0.4143 
   00092    0.3952   -8264.2512  0.4079 
   00093    0.4256   -8228.9876  0.4033 
   00094    0.4192   -8195.0151  0.4111 
   00095    0.4120   -8253.7788  0.4127 
   00096    0.4200   -8271.4295  0.4105 
   00097    0.4168   -8250.2227  0.4045 
   00098    0.4128   -8270.2518  0.4028 
   00099    0.4068   -8259.6907  0.3980 
   00100    0.4228   -8281.6345  0.3961 
   00101    0.4328   -8245.0352  0.3947 
   00102    0.4392   -8273.8037  0.4012 
   00103    0.4432   -8324.2851  0.4021 
   00104    0.4096   -8327.0897  0.3974 
   00105    0.4048   -8311.8353  0.4029 
   00106    0.4172   -8332.7749  0.4062 
   00107    0.4204   -8367.7679  0.4042 
   00108    0.4160   -8344.8799  0.4078 
   00109    0.4136   -8341.9352  0.4058 
   00110    0.4092   -8335.1679  0.4065 
   00111    0.4052   -8331.6098  0.3994 
   00112    0.4220   -8301.4883  0.4023 
   00113    0.4272   -8279.9846  0.4096 
   00114    0.4276   -8306.3852  0.4084 
   00115    0.4112   -8297.1669  0.4118 
   00116    0.4192   -8326.1263  0.4098 
   00117    0.4144   -8306.5550  0.4136 
   00118    0.4112   -8318.5680  0.4126 
   00119    0.4344   -8325.7301  0.4192 
   00120    0.4232   -8274.5483  0.4116 
   00121    0.4052   -8258.7058  0.4073 
   00122    0.4160   -8267.6191  0.4050 
   00123    0.4300   -8249.4985  0.4082 
   00124    0.4244   -8260.0345  0.4109 
   00125    0.4348   -8274.9006  0.4117 
   00126    0.4196   -8295.3888  0.4145 
   00127    0.4276   -8306.3448  0.4168 
   00128    0.4244   -8296.0860  0.4212 
   00129    0.4128   -8351.2943  0.4204 
   00130    0.4404   -8331.2681  0.4193 
   00131    0.4032   -8311.7117  0.4272 
   00132    0.4408   -8276.6192  0.4266 
   00133    0.4428   -8260.8276  0.4263 
   00134    0.4260   -8298.8519  0.4274 
   00135    0.4256   -8272.9538  0.4322 
   00136    0.4156   -8265.7784  0.4288 
   00137    0.4116   -8270.2657  0.4278 
   00138    0.4196   -8330.4294  0.4338 
   00139    0.4256   -8317.3118  0.4304 
   00140    0.4140   -8278.6835  0.4355 
   00141    0.4116   -8281.0350  0.4307 
   00142    0.4252   -8288.6993  0.4348 
   00143    0.4328   -8288.8097  0.4351 
   00144    0.4108   -8311.9272  0.4405 
   00145    0.4092   -8345.5164  0.4408 
   00146    0.4168   -8280.5657  0.4411 
   00147    0.4248   -8282.4851  0.4408 
   00148    0.4312   -8264.0414  0.4418 
   00149    0.4248   -8273.1091  0.4432 
   00150    0.4288   -8302.3515  0.4467 
   00151    0.4224   -8354.5751  0.4467 
   00152    0.4180   -8350.6869  0.4454 
   00153    0.4044   -8385.8003  0.4528 
   00154    0.4184   -8368.9941  0.4554 
   00155    0.4208   -8390.9321  0.4587 
   00156    0.4160   -8385.5457  0.4581 
   00157    0.4172   -8383.0089  0.4654 
   00158    0.4000   -8373.9759  0.4637 
   00159    0.4048   -8366.8287  0.4640 
   00160    0.4164   -8381.1719  0.4660 
   00161    0.4236   -8411.4979  0.4637 
   00162    0.4176   -8405.0754  0.4639 
   00163    0.4088   -8419.4394  0.4556 
   00164    0.4092   -8365.0967  0.4524 
   00165    0.4056   -8381.9247  0.4564 
   00166    0.3912   -8392.1511  0.4639 
   00167    0.4052   -8378.1867  0.4583 
   00168    0.4224   -8397.6234  0.4569 
   00169    0.4160   -8408.4771  0.4581 
   00170    0.4256   -8414.3676  0.4585 
   00171    0.4236   -8370.3623  0.4525 
   00172    0.4336   -8379.9029  0.4548 
   00173    0.4232   -8365.6634  0.4519 
   00174    0.3944   -8359.1655  0.4489 
   00175    0.4220   -8364.1322  0.4500 
   00176    0.4096   -8369.3961  0.4519 
   00177    0.4204   -8404.2965  0.4582 
   00178    0.4104   -8399.5900  0.4582 
   00179    0.4112   -8390.9190  0.4595 
   00180    0.4244   -8375.4264  0.4606 
   00181    0.4168   -8397.5740  0.4543 
   00182    0.4028   -8392.0752  0.4485 
   00183    0.4056   -8384.6469  0.4473 
   00184    0.4268   -8363.6331  0.4395 
   00185    0.4304   -8424.7409  0.4473 
   00186    0.4128   -8395.2350  0.4464 
   00187    0.4120   -8383.4322  0.4377 
   00188    0.4164   -8405.8696  0.4392 
   00189    0.4288   -8400.7376  0.4460 
   00190    0.4028   -8395.2538  0.4410 
   00191    0.4248   -8368.6904  0.4397 
   00192    0.4000   -8387.0562  0.4401 
   00193    0.4292   -8420.2616  0.4460 
   00194    0.4184   -8406.5012  0.4488 
   00195    0.4128   -8401.9658  0.4506 
   00196    0.4184   -8404.3677  0.4537 
   00197    0.4012   -8373.3483  0.4529 
   00198    0.4100   -8399.7535  0.4508 
   00199    0.4160   -8414.3227  0.4473 
   00200    0.4100   -8384.2242  0.4464 
   00201    0.4064   -8419.9457  0.4550 
   00202    0.4288   -8459.4085  0.4616 
   00203    0.4272   -8413.7330  0.4565 
   00204    0.4136   -8420.3862  0.4599 
   00205    0.4108   -8395.7243  0.4611 
   00206    0.4156   -8399.8444  0.4596 
   00207    0.4328   -8444.3476  0.4563 
   00208    0.4084   -8433.4785  0.4578 
   00209    0.3996   -8447.9688  0.4631 
   00210    0.4332   -8459.0294  0.4598 
   00211    0.4120   -8441.8708  0.4639 
   00212    0.4168   -8453.7602  0.4631 
   00213    0.4048   -8476.3516  0.4627 
   00214    0.4324   -8445.1183  0.4618 
   00215    0.4104   -8437.9790  0.4650 
   00216    0.4204   -8440.6939  0.4703 
   00217    0.4316   -8490.4596  0.4685 
   00218    0.4068   -8469.7772  0.4634 
   00219    0.4180   -8480.2358  0.4590 
   00220    0.4104   -8492.2645  0.4612 
   00221    0.3952   -8519.8796  0.4666 
   00222    0.4148   -8521.9887  0.4695 
   00223    0.4172   -8507.8789  0.4656 
   00224    0.4196   -8470.8874  0.4565 
   00225    0.4096   -8483.8761  0.4556 
   00226    0.4288   -8475.4749  0.4506 
   00227    0.4056   -8487.2432  0.4449 
   00228    0.4172   -8469.7225  0.4494 
   00229    0.4128   -8452.1336  0.4489 
   00230    0.4140   -8412.6146  0.4519 
   00231    0.4064   -8385.9551  0.4579 
   00232    0.4072   -8393.8082  0.4534 
   00233    0.4204   -8383.6712  0.4608 
   00234    0.4164   -8414.6007  0.4602 
   00235    0.4128   -8448.9349  0.4675 
   00236    0.3956   -8467.3809  0.4758 
   00237    0.4124   -8491.8289  0.4721 
   00238    0.4180   -8497.2558  0.4724 
   00239    0.4096   -8448.8494  0.4752 
   00240    0.4196   -8489.4287  0.4793 
   00241    0.4076   -8478.7873  0.4817 
   00242    0.4008   -8534.2512  0.4795 
   00243    0.4236   -8501.4328  0.4827 
   00244    0.4192   -8520.1329  0.4791 
   00245    0.4184   -8484.1779  0.4771 
   00246    0.4228   -8420.5684  0.4751 
   00247    0.4096   -8376.1887  0.4811 
   00248    0.4100   -8398.3539  0.4812 
   00249    0.4144   -8456.5837  0.4831 
   00250    0.4236   -8441.5777  0.4838 
   00251    0.4156   -8463.4085  0.4868 
   00252    0.4224   -8447.1226  0.4882 
   00253    0.4148   -8455.1245  0.4819 
   00254    0.4200   -8462.4353  0.4779 
   00255    0.4216   -8451.3097  0.4721 
   00256    0.4372   -8457.0064  0.4743 
   00257    0.4304   -8449.4114  0.4782 
   00258    0.3928   -8458.6984  0.4791 
   00259    0.4096   -8453.8824  0.4822 
   00260    0.4068   -8474.3567  0.4782 
   00261    0.4056   -8487.6753  0.4804 
   00262    0.4100   -8432.5176  0.4798 
   00263    0.4172   -8433.5269  0.4808 
   00264    0.4204   -8440.3259  0.4800 
   00265    0.4168   -8449.3329  0.4776 
   00266    0.4224   -8466.2117  0.4819 
   00267    0.4100   -8486.3160  0.4886 
   00268    0.3872   -8490.5672  0.4895 
   00269    0.4236   -8492.5457  0.4881 
   00270    0.4152   -8556.1172  0.4872 
   00271    0.4176   -8514.3984  0.4915 
   00272    0.4228   -8520.1965  0.4905 
   00273    0.4272   -8504.5468  0.4956 
   00274    0.4124   -8525.9578  0.5026 
   00275    0.4280   -8529.7408  0.5095 
   00276    0.4116   -8504.1810  0.5090 
   00277    0.4108   -8488.3697  0.5018 
   00278    0.4260   -8478.4798  0.5054 
   00279    0.4216   -8497.4416  0.5066 
   00280    0.4040   -8481.5068  0.5057 
   00281    0.3972   -8449.0283  0.5015 
   00282    0.4160   -8446.2486  0.4958 
   00283    0.4036   -8396.4581  0.4962 
   00284    0.4344   -8448.5915  0.4955 
   00285    0.4120   -8479.4292  0.5051 
   00286    0.4132   -8520.0059  0.5088 
   00287    0.4008   -8519.9363  0.5098 
   00288    0.4108   -8511.2455  0.5134 
   00289    0.4060   -8535.9864  0.5170 
   00290    0.4084   -8528.3201  0.5126 
   00291    0.4052   -8486.5659  0.5073 
   00292    0.4176   -8509.0290  0.5043 
   00293    0.4272   -8512.6376  0.5080 
   00294    0.4128   -8495.1965  0.5122 
   00295    0.4176   -8488.0556  0.5123 
   00296    0.4032   -8542.1897  0.5062 
   00297    0.4284   -8508.6140  0.5042 
   00298    0.4136   -8500.9012  0.5058 
   00299    0.4260   -8506.3104  0.5001 
   00300    0.4008   -8521.4524  0.4998 
   00301    0.4040   -8548.1173  0.5028 
   00302    0.4168   -8538.9153  0.5103 
   00303    0.4144   -8523.4442  0.5071 
   00304    0.3928   -8470.5471  0.5082 
   00305    0.4044   -8466.5941  0.5047 
   00306    0.4200   -8456.3943  0.5005 
   00307    0.4264   -8460.5589  0.4982 
   00308    0.4080   -8473.2253  0.5003 
   00309    0.4008   -8473.2722  0.4988 
   00310    0.4232   -8494.5171  0.5104 
   00311    0.4164   -8522.0721  0.5150 
   00312    0.4208   -8529.7498  0.5167 
   00313    0.4116   -8525.8203  0.5219 
   00314    0.4144   -8550.4056  0.5220 
   00315    0.4152   -8539.3283  0.5207 
   00316    0.4160   -8458.2839  0.5250 
   00317    0.4060   -8483.8177  0.5246 
   00318    0.4276   -8459.1870  0.5274 
   00319    0.4248   -8477.1173  0.5295 
   00320    0.4112   -8480.8035  0.5267 
   00321    0.4172   -8504.2614  0.5195 
   00322    0.4180   -8484.7443  0.5172 
   00323    0.4144   -8478.3697  0.5199 
   00324    0.4132   -8462.9827  0.5203 
   00325    0.4196   -8472.1531  0.5176 
   00326    0.4168   -8443.4423  0.5173 
   00327    0.4352   -8485.8385  0.5264 
   00328    0.4148   -8470.8155  0.5249 
   00329    0.4004   -8438.6982  0.5279 
   00330    0.4076   -8451.9986  0.5267 
   00331    0.4292   -8431.9064  0.5268 
   00332    0.4028   -8472.6691  0.5262 
   00333    0.4032   -8397.9004  0.5240 
   00334    0.4060   -8429.9934  0.5261 
   00335    0.4224   -8456.7035  0.5258 
   00336    0.4044   -8453.6026  0.5272 
   00337    0.4292   -8488.9397  0.5341 
   00338    0.4200   -8484.0428  0.5292 
   00339    0.4176   -8488.1079  0.5353 
   00340    0.4128   -8488.0699  0.5329 
   00341    0.4192   -8468.9767  0.5286 
   00342    0.4288   -8465.0213  0.5278 
   00343    0.4276   -8467.8153  0.5330 
   00344    0.4280   -8494.7321  0.5287 
   00345    0.4240   -8452.0291  0.5266 
   00346    0.4304   -8468.1326  0.5266 
   00347    0.4144   -8476.3505  0.5209 
   00348    0.4148   -8483.2312  0.5222 
   00349    0.4088   -8474.1568  0.5251 
   00350    0.4032   -8581.7392  0.5251 
   00351    0.4036   -8556.6331  0.5230 
   00352    0.4260   -8553.2788  0.5285 
   00353    0.4024   -8556.9657  0.5300 
   00354    0.4296   -8557.7929  0.5284 
   00355    0.4092   -8546.3012  0.5265 
   00356    0.4080   -8561.2207  0.5242 
   00357    0.4276   -8518.4898  0.5255 
   00358    0.4092   -8541.8705  0.5240 
   00359    0.4052   -8547.2529  0.5229 
   00360    0.4208   -8519.0914  0.5222 
   00361    0.4196   -8514.0224  0.5246 
   00362    0.4064   -8521.7787  0.5243 
   00363    0.4116   -8452.2770  0.5281 
   00364    0.4132   -8504.6722  0.5272 
   00365    0.3992   -8527.3144  0.5303 
   00366    0.3980   -8529.3832  0.5276 
   00367    0.4068   -8539.6053  0.5276 
   00368    0.3912   -8509.7182  0.5245 
   00369    0.4228   -8518.8123  0.5223 
   00370    0.4032   -8513.5150  0.5196 
   00371    0.4120   -8515.9535  0.5190 
   00372    0.4168   -8559.3148  0.5221 
   00373    0.4124   -8542.3806  0.5178 
   00374    0.3996   -8587.4169  0.5192 
   00375    0.4036   -8549.6399  0.5269 
   00376    0.4056   -8521.1054  0.5294 
   00377    0.3924   -8561.0080  0.5307 
   00378    0.4116   -8556.2430  0.5293 
   00379    0.4040   -8591.8625  0.5314 
   00380    0.4132   -8586.0831  0.5364 
   00381    0.4128   -8579.3707  0.5388 
   00382    0.4140   -8577.8442  0.5385 
   00383    0.4096   -8535.2093  0.5357 
   00384    0.4112   -8572.0417  0.5377 
   00385    0.4044   -8571.0193  0.5393 
   00386    0.4132   -8551.9798  0.5415 
   00387    0.4288   -8556.9881  0.5333 
   00388    0.4064   -8553.9418  0.5282 
   00389    0.4072   -8515.9041  0.5254 
   00390    0.4060   -8464.6086  0.5200 
   00391    0.4216   -8475.4772  0.5199 
   00392    0.4068   -8495.9577  0.5177 
   00393    0.4044   -8551.6258  0.5184 
   00394    0.4276   -8568.8558  0.5180 
   00395    0.4144   -8519.6012  0.5118 
   00396    0.3912   -8487.2716  0.5136 
   00397    0.4092   -8503.5005  0.5135 
   00398    0.4144   -8515.4045  0.5181 
   00399    0.4196   -8513.2455  0.5231 
   00400    0.4100   -8496.2960  0.5243 
   00401    0.4060   -8477.8614  0.5224 
   00402    0.4052   -8474.2718  0.5181 
   00403    0.4128   -8448.4787  0.5186 
   00404    0.4028   -8469.0810  0.5214 
   00405    0.4216   -8474.1597  0.5247 
   00406    0.4080   -8475.0505  0.5243 
   00407    0.3980   -8486.9246  0.5270 
   00408    0.4160   -8517.6968  0.5286 
   00409    0.4008   -8496.3539  0.5298 
   00410    0.4088   -8467.8762  0.5291 
   00411    0.4312   -8454.4869  0.5344 
   00412    0.4228   -8503.6181  0.5360 
   00413    0.4164   -8509.5101  0.5432 
   00414    0.4072   -8503.2995  0.5485 
   00415    0.4224   -8529.8369  0.5498 
   00416    0.3836   -8532.4739  0.5448 
   00417    0.4016   -8498.8397  0.5442 
   00418    0.4112   -8540.6594  0.5431 
   00419    0.4200   -8546.8186  0.5402 
   00420    0.4028   -8537.4169  0.5397 
   00421    0.4256   -8528.0217  0.5344 
   00422    0.4152   -8533.6368  0.5321 
   00423    0.4028   -8486.9136  0.5276 
   00424    0.3972   -8453.3130  0.5222 
   00425    0.4004   -8510.8111  0.5272 
   00426    0.3896   -8496.0956  0.5279 
   00427    0.4036   -8506.1660  0.5292 
   00428    0.4052   -8523.7318  0.5322 
   00429    0.4092   -8515.7304  0.5326 
   00430    0.4260   -8495.1410  0.5291 
   00431    0.4224   -8489.9491  0.5309 
   00432    0.4220   -8452.5793  0.5325 
   00433    0.4388   -8457.7039  0.5281 
   00434    0.4336   -8412.8935  0.5292 
   00435    0.4212   -8437.3505  0.5359 
   00436    0.4188   -8446.7449  0.5368 
   00437    0.4104   -8478.6032  0.5377 
   00438    0.3988   -8504.9867  0.5330 
   00439    0.4236   -8481.8276  0.5408 
   00440    0.4312   -8491.7459  0.5396 
   00441    0.3984   -8481.4649  0.5379 
   00442    0.4236   -8491.3323  0.5413 
   00443    0.4052   -8520.9846  0.5484 
   00444    0.4240   -8515.8669  0.5444 
   00445    0.3992   -8552.8807  0.5445 
   00446    0.4220   -8536.1523  0.5412 
   00447    0.3960   -8547.1783  0.5444 
   00448    0.4252   -8591.5119  0.5456 
   00449    0.4264   -8596.9084  0.5438 
   00450    0.4072   -8592.7609  0.5447 
   00451    0.4260   -8557.5077  0.5456 
   00452    0.4092   -8485.9641  0.5410 
   00453    0.4104   -8469.4501  0.5445 
   00454    0.4212   -8506.9427  0.5443 
   00455    0.4252   -8533.2801  0.5482 
   00456    0.4160   -8520.0400  0.5447 
   00457    0.4084   -8490.4030  0.5422 
   00458    0.4120   -8463.6396  0.5443 
   00459    0.4320   -8451.4772  0.5494 
   00460    0.4272   -8425.0206  0.5473 
   00461    0.4228   -8417.3501  0.5499 
   00462    0.4184   -8447.3553  0.5523 
   00463    0.4060   -8497.8492  0.5526 
   00464    0.4224   -8473.3535  0.5514 
   00465    0.4192   -8527.1076  0.5520 
   00466    0.4140   -8535.1273  0.5533 
   00467    0.4188   -8552.4574  0.5554 
   00468    0.4104   -8549.7102  0.5511 
   00469    0.4036   -8487.2980  0.5478 
   00470    0.4044   -8512.6840  0.5493 
   00471    0.4100   -8535.2415  0.5457 
   00472    0.4168   -8533.3636  0.5491 
   00473    0.4088   -8555.1660  0.5480 
   00474    0.4076   -8587.3914  0.5442 
   00475    0.4196   -8576.0989  0.5480 
   00476    0.4008   -8562.9390  0.5464 
   00477    0.4084   -8494.2191  0.5450 
   00478    0.4284   -8478.1240  0.5483 
   00479    0.4080   -8578.2611  0.5475 
   00480    0.4084   -8608.6591  0.5510 
   00481    0.4160   -8576.8102  0.5562 
   00482    0.4044   -8498.5603  0.5526 
   00483    0.4204   -8510.2081  0.5510 
   00484    0.4080   -8489.0153  0.5553 
   00485    0.3988   -8525.7522  0.5613 
   00486    0.4088   -8532.4506  0.5561 
   00487    0.4176   -8543.8612  0.5517 
   00488    0.4216   -8556.1900  0.5502 
   00489    0.4180   -8504.1512  0.5430 
   00490    0.4096   -8554.1099  0.5436 
   00491    0.4056   -8568.7998  0.5374 
   00492    0.3936   -8590.2097  0.5439 
   00493    0.3968   -8480.4760  0.5439 
   00494    0.4008   -8489.8771  0.5420 
   00495    0.4132   -8523.7405  0.5489 
   00496    0.4024   -8486.5203  0.5509 
   00497    0.3872   -8502.9881  0.5605 
   00498    0.4100   -8514.6453  0.5596 
   00499    0.4056   -8518.4583  0.5580 
   00500    0.3992   -8523.5243  0.5566 
   00501    0.3960   -8519.8116  0.5612 
   00502    0.4024   -8551.1490  0.5595 
   00503    0.4128   -8550.3670  0.5570 
   00504    0.4116   -8575.2304  0.5562 
   00505    0.4188   -8563.3429  0.5516 
   00506    0.4116   -8521.6620  0.5448 
   00507    0.4132   -8490.2641  0.5357 
   00508    0.4196   -8459.9864  0.5391 
   00509    0.4096   -8423.0476  0.5382 
   00510    0.3948   -8465.6688  0.5401 
   00511    0.4036   -8504.6633  0.5441 
   00512    0.4104   -8496.4589  0.5433 
   00513    0.4104   -8496.3569  0.5502 
   00514    0.4052   -8472.2301  0.5496 
   00515    0.4192   -8433.1676  0.5525 
   00516    0.4196   -8418.5846  0.5535 
   00517    0.4012   -8460.7907  0.5557 
   00518    0.4032   -8477.2006  0.5575 
   00519    0.4212   -8463.4999  0.5560 
   00520    0.4128   -8473.3929  0.5581 
   00521    0.4076   -8475.1891  0.5634 
   00522    0.4036   -8450.5612  0.5634 
   00523    0.4096   -8493.0452  0.5581 
   00524    0.4116   -8432.5693  0.5570 
   00525    0.4004   -8427.5212  0.5508 
   00526    0.4232   -8426.9729  0.5548 
   00527    0.4344   -8446.6253  0.5561 
   00528    0.4124   -8441.1635  0.5531 
   00529    0.4244   -8464.5090  0.5483 
   00530    0.4068   -8501.1816  0.5524 
   00531    0.4032   -8522.8986  0.5526 
   00532    0.4136   -8496.1512  0.5496 
   00533    0.4096   -8499.2703  0.5517 
   00534    0.3956   -8530.2743  0.5528 
   00535    0.4140   -8498.6748  0.5506 
   00536    0.4200   -8496.3435  0.5517 
   00537    0.4108   -8535.7967  0.5526 
   00538    0.3960   -8514.2838  0.5523 
   00539    0.4012   -8477.9788  0.5576 
   00540    0.4372   -8527.7683  0.5595 
   00541    0.4096   -8501.4454  0.5512 
   00542    0.4096   -8482.1249  0.5551 
   00543    0.4200   -8487.8446  0.5520 
   00544    0.4336   -8489.3994  0.5471 
   00545    0.4128   -8467.4855  0.5508 
   00546    0.4248   -8496.6086  0.5508 
   00547    0.4356   -8539.0844  0.5576 
   00548    0.4316   -8519.6420  0.5619 
   00549    0.4192   -8552.9977  0.5694 
   00550    0.4028   -8560.5533  0.5737 
   00551    0.4132   -8582.0737  0.5731 
   00552    0.4040   -8611.8160  0.5723 
   00553    0.3916   -8583.2926  0.5734 
   00554    0.4336   -8549.4512  0.5753 
   00555    0.3996   -8527.4656  0.5753 
   00556    0.3980   -8517.4314  0.5751 
   00557    0.4216   -8570.8024  0.5702 
   00558    0.4140   -8582.5166  0.5752 
   00559    0.4000   -8566.6087  0.5695 
   00560    0.4220   -8564.8248  0.5728 
   00561    0.4100   -8558.5933  0.5741 
   00562    0.4040   -8565.2556  0.5784 
   00563    0.4088   -8524.7178  0.5678 
   00564    0.4120   -8540.1940  0.5678 
   00565    0.4208   -8578.6598  0.5598 
   00566    0.4148   -8543.0365  0.5632 
   00567    0.4076   -8465.6253  0.5655 
   00568    0.4104   -8466.4979  0.5641 
   00569    0.4180   -8469.1752  0.5620 
   00570    0.4312   -8456.5528  0.5641 
   00571    0.4012   -8497.8424  0.5640 
   00572    0.3924   -8507.0342  0.5721 
   00573    0.4168   -8555.1298  0.5703 
   00574    0.4128   -8550.5431  0.5758 
   00575    0.4032   -8553.7663  0.5739 
   00576    0.4108   -8555.2733  0.5735 
   00577    0.4164   -8518.4614  0.5770 
   00578    0.4056   -8497.7208  0.5796 
   00579    0.4028   -8467.2611  0.5854 
   00580    0.4220   -8480.0007  0.5912 
   00581    0.4184   -8481.5033  0.5951 
   00582    0.4188   -8528.4928  0.5971 
   00583    0.4144   -8544.1764  0.5973 
   00584    0.4160   -8509.9293  0.5963 
   00585    0.3912   -8546.5775  0.5953 
   00586    0.4080   -8526.3594  0.5932 
   00587    0.4024   -8463.4038  0.5857 
   00588    0.4260   -8487.2933  0.5801 
   00589    0.4144   -8494.7979  0.5796 
   00590    0.4060   -8512.1384  0.5811 
   00591    0.4140   -8505.4879  0.5834 
   00592    0.4216   -8496.3984  0.5846 
   00593    0.4080   -8479.1365  0.5888 
   00594    0.4100   -8453.6624  0.5871 
   00595    0.4012   -8455.5867  0.5886 
   00596    0.4168   -8491.7742  0.5855 
   00597    0.4096   -8490.3299  0.5829 
   00598    0.4120   -8505.4390  0.5826 
   00599    0.4072   -8486.8517  0.5812 
   00600    0.4092   -8499.7723  0.5777 
   00601    0.4096   -8467.5362  0.5795 
   00602    0.4024   -8516.9523  0.5797 
   00603    0.4052   -8550.8023  0.5838 
   00604    0.4204   -8554.0880  0.5855 
   00605    0.4152   -8545.8250  0.5926 
   00606    0.4136   -8581.4822  0.5988 
   00607    0.4092   -8593.6313  0.5987 
   00608    0.4076   -8527.4887  0.5965 
   00609    0.4160   -8538.0035  0.5955 
   00610    0.4188   -8546.3728  0.6033 
   00611    0.4104   -8510.8534  0.6026 
   00612    0.4116   -8542.0841  0.6005 
   00613    0.4068   -8584.1409  0.5995 
   00614    0.4044   -8551.0049  0.6007 
   00615    0.4060   -8582.5015  0.6016 
   00616    0.4184   -8585.1644  0.6001 
   00617    0.4280   -8537.1058  0.5963 
   00618    0.4076   -8531.5188  0.5956 
   00619    0.4084   -8525.9316  0.5966 
   00620    0.4052   -8555.6123  0.6026 
   00621    0.3976   -8548.2735  0.6031 
   00622    0.4164   -8500.6023  0.6037 
   00623    0.4140   -8470.1609  0.6037 
   00624    0.3992   -8507.8122  0.5986 
   00625    0.4040   -8494.1391  0.5972 
   00626    0.4204   -8490.9125  0.5957 
   00627    0.4128   -8487.6327  0.5920 
   00628    0.4136   -8496.6754  0.5976 
   00629    0.4032   -8463.8527  0.5966 
   00630    0.4156   -8468.1701  0.5954 
   00631    0.4232   -8452.9610  0.5961 
   00632    0.4160   -8394.5410  0.5981 
   00633    0.4152   -8415.3697  0.5935 
   00634    0.4080   -8373.9173  0.6002 
   00635    0.4168   -8439.2719  0.6005 
   00636    0.3916   -8445.5234  0.6000 
   00637    0.3996   -8450.6060  0.5982 
   00638    0.4260   -8472.1700  0.6042 
   00639    0.3852   -8544.9345  0.6080 
   00640    0.4068   -8562.1857  0.6144 
   00641    0.4072   -8541.6512  0.6189 
   00642    0.4180   -8540.7084  0.6188 
   00643    0.4224   -8517.0813  0.6207 
   00644    0.4172   -8509.3649  0.6227 
   00645    0.4164   -8536.7861  0.6263 
   00646    0.4184   -8517.3743  0.6206 
   00647    0.4188   -8571.2229  0.6154 
   00648    0.4304   -8552.7047  0.6109 
   00649    0.4056   -8537.9086  0.6069 
   00650    0.4008   -8509.6128  0.6090 
   00651    0.4260   -8476.8209  0.6056 
   00652    0.3968   -8486.6355  0.6060 
   00653    0.4124   -8491.6502  0.6093 
   00654    0.4276   -8519.7750  0.6103 
   00655    0.4260   -8448.2178  0.6051 
   00656    0.4128   -8446.5615  0.6016 
   00657    0.4120   -8491.8040  0.5956 
   00658    0.3948   -8488.2978  0.5982 
   00659    0.4096   -8471.1169  0.5979 
   00660    0.4096   -8502.1694  0.5928 
   00661    0.4280   -8479.1646  0.5921 
   00662    0.4124   -8511.0128  0.5844 
   00663    0.4068   -8510.9629  0.5850 
   00664    0.4244   -8549.9689  0.5874 
   00665    0.4128   -8547.8458  0.5947 
   00666    0.4208   -8514.7157  0.5985 
   00667    0.4228   -8510.3376  0.6012 
   00668    0.4040   -8532.9147  0.6030 
   00669    0.4248   -8516.3014  0.6110 
   00670    0.4112   -8518.8310  0.6120 
   00671    0.4176   -8542.1150  0.6182 
   00672    0.3968   -8500.2158  0.6170 
   00673    0.4132   -8542.3875  0.6211 
   00674    0.4068   -8527.8293  0.6230 
   00675    0.4180   -8497.5983  0.6234 
   00676    0.4124   -8539.4278  0.6265 
   00677    0.3908   -8536.1028  0.6252 
   00678    0.4024   -8542.8382  0.6271 
   00679    0.4100   -8556.1597  0.6237 
   00680    0.4084   -8555.8112  0.6222 
   00681    0.3992   -8560.7916  0.6224 
   00682    0.4228   -8568.0604  0.6209 
   00683    0.4124   -8580.3142  0.6163 
   00684    0.4104   -8621.3526  0.6233 
   00685    0.4012   -8519.4991  0.6225 
   00686    0.4112   -8556.3809  0.6156 
   00687    0.4172   -8555.8072  0.6183 
   00688    0.3928   -8525.5913  0.6158 
   00689    0.4044   -8549.7584  0.6135 
   00690    0.4044   -8533.9074  0.6153 
   00691    0.4088   -8467.4579  0.6179 
   00692    0.4140   -8448.7069  0.6123 
   00693    0.4096   -8420.3853  0.6087 
   00694    0.4020   -8433.7668  0.6046 
   00695    0.4080   -8467.0638  0.6054 
   00696    0.4104   -8479.3603  0.6026 
   00697    0.4152   -8492.0777  0.6021 
   00698    0.3920   -8516.1152  0.6023 
   00699    0.4024   -8501.2854  0.6057 
   00700    0.4164   -8531.6679  0.6007 
   00701    0.4040   -8483.5364  0.5976 
   00702    0.4064   -8515.9422  0.5959 
   00703    0.4200   -8526.9879  0.5972 
   00704    0.4008   -8497.0997  0.5952 
   00705    0.4056   -8488.4238  0.5964 
   00706    0.4060   -8500.5552  0.5952 
   00707    0.4000   -8495.6142  0.5942 
   00708    0.4172   -8460.2215  0.5912 
   00709    0.3980   -8507.1959  0.5918 
   00710    0.4240   -8508.3110  0.5909 
   00711    0.4152   -8491.4392  0.5955 
   00712    0.4016   -8466.0115  0.5895 
   00713    0.4160   -8437.1050  0.5862 
   00714    0.4032   -8427.1222  0.5887 
   00715    0.4312   -8415.3678  0.5919 
   00716    0.4084   -8448.0889  0.5935 
   00717    0.4076   -8432.2540  0.5878 
   00718    0.4176   -8524.6595  0.5855 
   00719    0.4044   -8499.4702  0.5893 
   00720    0.4220   -8500.8858  0.5877 
   00721    0.4188   -8432.8079  0.5808 
   00722    0.4248   -8432.4342  0.5831 
   00723    0.4128   -8438.3773  0.5760 
   00724    0.4140   -8475.7135  0.5773 
   00725    0.4004   -8517.1456  0.5739 
   00726    0.4100   -8494.3399  0.5716 
   00727    0.3912   -8532.7680  0.5792 
   00728    0.4220   -8500.7862  0.5749 
   00729    0.4212   -8508.3649  0.5752 
   00730    0.4116   -8526.4793  0.5790 
   00731    0.4152   -8525.2153  0.5747 
   00732    0.4228   -8517.5636  0.5810 
   00733    0.4020   -8516.9527  0.5804 
   00734    0.4048   -8533.0931  0.5788 
   00735    0.4104   -8506.8599  0.5789 
   00736    0.3964   -8485.1133  0.5792 
   00737    0.4168   -8487.7805  0.5783 
   00738    0.4112   -8489.5220  0.5804 
   00739    0.4224   -8515.7046  0.5795 
   00740    0.4196   -8528.5554  0.5784 
   00741    0.4256   -8499.3369  0.5788 
   00742    0.4084   -8497.4836  0.5780 
   00743    0.4216   -8492.6766  0.5877 
   00744    0.4240   -8518.0513  0.5902 
   00745    0.4068   -8545.0361  0.5863 
   00746    0.4164   -8555.8482  0.5921 
   00747    0.4192   -8558.6637  0.5867 
   00748    0.4312   -8574.7495  0.5863 
   00749    0.4028   -8567.3093  0.5860 
   00750    0.4020   -8524.0838  0.5808 
   00751    0.3924   -8523.6626  0.5816 
   00752    0.4280   -8521.4265  0.5784 
   00753    0.4252   -8561.9226  0.5792 
   00754    0.4132   -8563.7996  0.5807 
   00755    0.4112   -8580.9885  0.5820 
   00756    0.4116   -8527.3519  0.5808 
   00757    0.4124   -8520.8609  0.5769 
   00758    0.4076   -8529.3417  0.5734 
   00759    0.4196   -8520.1873  0.5736 
   00760    0.4148   -8541.8232  0.5720 
   00761    0.4096   -8504.4227  0.5698 
   00762    0.4096   -8476.4531  0.5757 
   00763    0.4000   -8505.2930  0.5740 
   00764    0.4116   -8509.0064  0.5753 
   00765    0.4076   -8537.3377  0.5789 
   00766    0.4072   -8481.5445  0.5742 
   00767    0.4084   -8466.9504  0.5711 
   00768    0.4092   -8508.0354  0.5680 
   00769    0.4248   -8493.4932  0.5757 
   00770    0.3980   -8487.0143  0.5757 
   00771    0.4088   -8499.7863  0.5787 
   00772    0.4140   -8502.5735  0.5778 
   00773    0.4108   -8512.0514  0.5785 
   00774    0.4208   -8463.2488  0.5824 
   00775    0.4144   -8476.4105  0.5846 
   00776    0.4120   -8469.7678  0.5883 
   00777    0.4108   -8468.2473  0.5888 
   00778    0.4216   -8498.1717  0.5861 
   00779    0.4160   -8548.9886  0.5891 
   00780    0.4292   -8546.4331  0.5913 
   00781    0.4068   -8573.5869  0.5935 
   00782    0.4276   -8603.1581  0.5969 
   00783    0.4028   -8611.2917  0.5985 
   00784    0.4276   -8579.3338  0.5964 
   00785    0.3920   -8561.9276  0.5986 
   00786    0.4032   -8568.9973  0.6008 
   00787    0.4068   -8512.9814  0.5937 
   00788    0.4208   -8564.4632  0.5947 
   00789    0.4156   -8590.2549  0.5941 
   00790    0.4144   -8557.5137  0.5995 
   00791    0.4160   -8575.7132  0.6014 
   00792    0.3916   -8547.8698  0.6055 
   00793    0.4208   -8559.3926  0.6047 
   00794    0.4220   -8582.5139  0.6091 
   00795    0.3964   -8590.2688  0.6034 
   00796    0.4028   -8583.5473  0.6040 
   00797    0.4168   -8553.8903  0.6065 
   00798    0.4120   -8535.5666  0.6071 
   00799    0.4232   -8557.8193  0.6082 
   00800    0.4016   -8536.6437  0.6031 
   00801    0.4140   -8547.5790  0.6056 
   00802    0.4120   -8528.1473  0.6012 
   00803    0.4144   -8551.4463  0.6021 
   00804    0.3948   -8543.9811  0.6037 
   00805    0.4188   -8525.9232  0.6050 
   00806    0.4260   -8503.8394  0.6039 
   00807    0.4000   -8519.7380  0.5937 
   00808    0.4248   -8506.2646  0.5971 
   00809    0.4108   -8527.4886  0.5965 
   00810    0.4208   -8537.9841  0.5974 
   00811    0.4040   -8537.0289  0.5924 
   00812    0.3924   -8528.7780  0.5971 
   00813    0.4160   -8516.7592  0.5976 
   00814    0.4076   -8485.7475  0.5939 
   00815    0.4268   -8519.1016  0.5947 
   00816    0.3900   -8523.4526  0.5892 
   00817    0.3932   -8502.8216  0.5886 
   00818    0.4200   -8504.7419  0.5785 
   00819    0.4028   -8514.8383  0.5829 
   00820    0.4124   -8524.8472  0.5883 
   00821    0.4072   -8507.0316  0.5813 
   00822    0.3972   -8524.2457  0.5903 
   00823    0.4196   -8482.9921  0.5883 
   00824    0.4336   -8522.4061  0.5918 
   00825    0.4024   -8489.3856  0.5898 
   00826    0.4052   -8463.0487  0.5891 
   00827    0.4348   -8482.6431  0.5821 
   00828    0.4140   -8517.6189  0.5834 
   00829    0.4040   -8531.7071  0.5839 
   00830    0.4216   -8523.4182  0.5839 
   00831    0.4232   -8505.6978  0.5845 
   00832    0.4224   -8537.4364  0.5809 
   00833    0.3984   -8526.7232  0.5790 
   00834    0.4204   -8546.9221  0.5843 
   00835    0.4108   -8566.7204  0.5814 
   00836    0.3936   -8581.2949  0.5849 
   00837    0.3992   -8573.0540  0.5789 
   00838    0.4000   -8579.5924  0.5806 
   00839    0.4044   -8523.1928  0.5782 
   00840    0.3988   -8516.0385  0.5832 
   00841    0.4044   -8504.2965  0.5780 
   00842    0.4052   -8471.6764  0.5757 
   00843    0.4136   -8476.5509  0.5728 
   00844    0.4088   -8497.8032  0.5665 
   00845    0.4140   -8500.9564  0.5734 
   00846    0.4072   -8495.5373  0.5771 
   00847    0.4096   -8505.4935  0.5736 
   00848    0.4068   -8549.0791  0.5759 
   00849    0.4232   -8509.2893  0.5773 
   00850    0.4216   -8532.7150  0.5836 
   00851    0.4108   -8505.2049  0.5805 
   00852    0.4076   -8531.1071  0.5801 
   00853    0.4060   -8508.4107  0.5802 
   00854    0.4164   -8508.2670  0.5808 
   00855    0.4164   -8531.4571  0.5833 
   00856    0.4164   -8556.9930  0.5881 
   00857    0.4140   -8544.4387  0.5919 
   00858    0.4404   -8560.5400  0.5842 
   00859    0.4232   -8557.2139  0.5808 
   00860    0.4076   -8543.7335  0.5788 
   00861    0.4336   -8584.5630  0.5770 
   00862    0.4052   -8595.3141  0.5812 
   00863    0.4120   -8595.9757  0.5825 
   00864    0.4076   -8574.2189  0.5812 
   00865    0.4244   -8532.9674  0.5862 
   00866    0.4260   -8568.2835  0.5855 
   00867    0.4332   -8580.6644  0.5859 
   00868    0.4180   -8571.8134  0.5851 
   00869    0.3976   -8541.3401  0.5831 
   00870    0.4196   -8514.3506  0.5793 
   00871    0.4160   -8496.1987  0.5745 
   00872    0.3996   -8472.5697  0.5753 
   00873    0.4148   -8500.4507  0.5770 
   00874    0.4132   -8518.5412  0.5733 
   00875    0.4260   -8490.0071  0.5722 
   00876    0.4152   -8470.6566  0.5673 
   00877    0.4108   -8512.8043  0.5762 
   00878    0.4260   -8535.9698  0.5807 
   00879    0.4012   -8562.3737  0.5830 
   00880    0.3988   -8554.4529  0.5785 
   00881    0.3880   -8569.7358  0.5804 
   00882    0.4036   -8550.9616  0.5705 
   00883    0.4072   -8581.8217  0.5796 
   00884    0.4120   -8600.2836  0.5799 
   00885    0.4140   -8604.7959  0.5795 
   00886    0.3892   -8590.3538  0.5750 
   00887    0.4084   -8523.9246  0.5756 
   00888    0.4064   -8485.8845  0.5781 
   00889    0.4300   -8487.6883  0.5806 
   00890    0.4264   -8503.1832  0.5795 
   00891    0.4108   -8495.8127  0.5769 
   00892    0.4032   -8450.8310  0.5713 
   00893    0.3984   -8501.1201  0.5722 
   00894    0.4080   -8540.2964  0.5710 
   00895    0.4160   -8548.5139  0.5687 
   00896    0.3996   -8529.1292  0.5629 
   00897    0.4084   -8543.3802  0.5663 
   00898    0.4228   -8517.0011  0.5656 
   00899    0.4240   -8516.4347  0.5623 
   00900    0.4180   -8491.0367  0.5665 
   00901    0.4192   -8472.2374  0.5723 
   00902    0.4188   -8469.0945  0.5728 
   00903    0.3988   -8522.9591  0.5699 
   00904    0.4020   -8514.7706  0.5692 
   00905    0.4156   -8551.9485  0.5669 
   00906    0.4044   -8541.5853  0.5715 
   00907    0.4040   -8566.5819  0.5691 
   00908    0.4200   -8560.8607  0.5674 
   00909    0.4124   -8547.4867  0.5694 
   00910    0.4152   -8521.2487  0.5675 
   00911    0.4000   -8541.8294  0.5633 
   00912    0.4256   -8526.8005  0.5641 
   00913    0.4196   -8550.2214  0.5663 
   00914    0.4116   -8547.9993  0.5646 
   00915    0.4160   -8550.3535  0.5655 
   00916    0.4184   -8486.2379  0.5586 
   00917    0.4144   -8564.9338  0.5569 
   00918    0.4196   -8565.1047  0.5577 
   00919    0.4100   -8544.2154  0.5590 
   00920    0.4188   -8515.2113  0.5608 
   00921    0.4188   -8503.7879  0.5622 
   00922    0.4080   -8560.0052  0.5602 
   00923    0.4112   -8547.3222  0.5638 
   00924    0.4232   -8520.6193  0.5619 
   00925    0.4236   -8501.2912  0.5585 
   00926    0.3988   -8504.7951  0.5586 
   00927    0.4052   -8503.5456  0.5532 
   00928    0.3948   -8461.6786  0.5490 
   00929    0.4124   -8468.8443  0.5470 
   00930    0.4084   -8511.2169  0.5381 
   00931    0.4104   -8482.0964  0.5392 
   00932    0.4088   -8470.6181  0.5329 
   00933    0.4116   -8472.9142  0.5381 
   00934    0.4012   -8470.4728  0.5371 
   00935    0.4204   -8471.9765  0.5302 
   00936    0.4148   -8532.0951  0.5279 
   00937    0.4136   -8501.2999  0.5263 
   00938    0.4032   -8509.0577  0.5346 
   00939    0.4452   -8444.2778  0.5351 
   00940    0.4296   -8518.2590  0.5368 
   00941    0.4116   -8504.4133  0.5397 
   00942    0.4192   -8525.1007  0.5376 
   00943    0.4184   -8552.4542  0.5425 
   00944    0.4076   -8531.3406  0.5440 
   00945    0.3988   -8534.0381  0.5420 
   00946    0.4024   -8541.8096  0.5351 
   00947    0.3984   -8517.3034  0.5374 
   00948    0.3956   -8556.6867  0.5413 
   00949    0.4040   -8519.6118  0.5429 
   00950    0.4144   -8484.3454  0.5449 
   00951    0.3996   -8477.2666  0.5443 
   00952    0.4200   -8487.0844  0.5437 
   00953    0.4156   -8489.3140  0.5418 
   00954    0.4024   -8463.0948  0.5404 
   00955    0.3984   -8435.4473  0.5397 
   00956    0.4072   -8441.7585  0.5314 
   00957    0.4272   -8429.4744  0.5277 
   00958    0.4088   -8503.0018  0.5259 
   00959    0.4200   -8465.9100  0.5310 
   00960    0.4032   -8475.4298  0.5355 
   00961    0.4112   -8498.5507  0.5342 
   00962    0.4104   -8465.1513  0.5271 
   00963    0.4200   -8435.4427  0.5283 
   00964    0.4188   -8442.8617  0.5259 
   00965    0.4144   -8435.1219  0.5233 
   00966    0.4276   -8418.6361  0.5179 
   00967    0.4116   -8483.5566  0.5182 
   00968    0.4168   -8473.5592  0.5183 
   00969    0.4224   -8472.2996  0.5088 
   00970    0.4160   -8462.9081  0.5079 
   00971    0.4200   -8449.4793  0.5166 
   00972    0.4264   -8437.9588  0.5122 
   00973    0.4228   -8439.7413  0.5051 
   00974    0.4236   -8463.2751  0.5102 
   00975    0.4172   -8486.6061  0.5084 
   00976    0.4152   -8428.2483  0.5106 
   00977    0.4140   -8426.4046  0.5082 
   00978    0.4060   -8464.3330  0.5089 
   00979    0.4232   -8436.2434  0.5055 
   00980    0.4300   -8445.7314  0.5065 
   00981    0.4220   -8452.7316  0.5013 
   00982    0.4092   -8453.9834  0.4981 
   00983    0.4092   -8475.2096  0.5022 
   00984    0.4124   -8490.9868  0.5004 
   00985    0.4000   -8461.5676  0.4936 
   00986    0.4080   -8484.6550  0.4910 
   00987    0.4304   -8469.6078  0.4893 
   00988    0.3932   -8454.6041  0.4925 
   00989    0.4100   -8459.1358  0.4896 
   00990    0.4280   -8509.7998  0.4918 
   00991    0.4152   -8491.2583  0.4905 
   00992    0.4156   -8457.1807  0.4828 
   00993    0.4056   -8486.9487  0.4813 
   00994    0.4068   -8537.9601  0.4822 
   00995    0.4004   -8578.5787  0.4797 
   00996    0.3908   -8547.0972  0.4788 
   00997    0.4068   -8563.4090  0.4759 
   00998    0.4216   -8548.8583  0.4820 
   00999    0.4036   -8521.8642  0.4782 
   01000    0.4232   -8511.7094  0.4784 
