#=====================================================
# File created:        Wed-29-Oct-2025-at-10-06-34PM
# Size of lattice:     50x50
# Number of MC steps:  1000
# Reduced temperature: 0.500
# Run time (s):        33.037550
#=====================================================
# MC step:  Ratio:     Energy:   Order:
#=====================================================
   00000    0.5000   -2521.6167  0.2573 
   00001    0.6828   -3727.7924  0.2713 
   00002    0.6280   -4433.9482  0.2769 
   00003    0.5932   -5023.6488  0.2786 
   00004    0.5452   -5453.2845  0.2791 
   00005    0.5348   -5821.5778  0.2958 
   00006    0.5292   -6093.6918  0.3001 
   00007    0.5172   -6337.6314  0.3070 
   00008    0.5060   -6572.6240  0.3226 
   00009    0.4848   -6719.7447  0.3256 
   00010    0.4756   -6873.2449  0.3332 
   00011    0.4780   -6934.3044  0.3376 
   00012    0.4696   -7085.5692  0.3424 
   00013    0.4892   -7143.2661  0.3431 
   00014    0.4700   -7241.3424  0.3410 
   00015    0.4476   -7323.1016  0.3450 
   00016    0.4580   -7347.1690  0.3484 
   00017    0.4556   -7366.5699  0.3548 
   00018    0.4480   -7440.5621  0.3581 
   00019    0.4432   -7503.2791  0.3560 
   00020    0.4508   -7564.4293  0.3666 
   00021    0.4344   -7567.7569  0.3706 
   00022    0.4328   -7624.3862  0.3770 
   00023    0.4440   -7665.0840  0.3847 
   00024    0.4544   -7692.8687  0.3848 
   00025    0.4452   -7726.4523  0.3861 
   00026    0.4456   -7758.9481  0.3899 
   00027    0.4344   -7760.9775  0.3909 
   00028    0.4444   -7775.4301  0.3918 
   00029    0.4364   -7760.0820  0.3970 
   00030    0.4680   -7775.5614  0.4085 
   00031    0.4520   -7801.9713  0.4067 
   00032    0.4324   -7811.9163  0.4017 
   00033    0.4384   -7839.1157  0.4053 
   00034    0.4468   -7863.6889  0.4074 
   00035    0.4284   -7911.3481  0.4039 
   00036    0.4436   -7926.9855  0.4019 
   00037    0.4304   -7962.1221  0.3996 
   00038    0.4352   -7931.9631  0.4023 
   00039    0.4276   -7944.4834  0.4062 
   00040    0.4248   -7966.2509  0.4011 
   00041    0.4228   -7983.9521  0.4031 
   00042    0.4252   -7997.2505  0.3996 
   00043    0.4264   -7992.7093  0.4002 
   00044    0.4296   -8013.1234  0.4010 
   00045    0.4272   -8004.6147  0.4046 
   00046    0.4400   -8022.1595  0.4065 
   00047    0.4312   -8009.8795  0.4008 
   00048    0.4340   -8042.5934  0.4036 
   00049    0.4132   -8026.1984  0.4084 
   00050    0.4256   -8008.2874  0.4073 
   00051    0.4076   -8044.2541  0.4081 
   00052    0.4328   -8032.9906  0.4038 
   00053    0.4184   -8037.6250  0.4062 
   00054    0.4292   -8067.2595  0.4047 
   00055    0.4040   -8090.3567  0.4015 
   00056    0.4368   -8104.0298  0.3975 
   00057    0.4380   -8130.9873  0.3919 
   00058    0.4256   -8085.4229  0.3956 
   00059    0.4328   -8113.8136  0.4009 
   00060    0.4244   -8070.7533  0.3982 
   00061    0.4312   -8051.8752  0.3932 
   00062    0.4336   -8084.1425  0.3974 
   00063    0.4372   -8102.8661  0.3918 
   00064    0.4296   -8091.3176  0.3941 
   00065    0.4128   -8115.5854  0.3896 
   00066    0.4412   -8127.7908  0.3863 
   00067    0.4288   -8157.5385  0.3908 
   00068    0.4156   -8156.1196  0.3961 
   00069    0.4124   -8147.0891  0.3920 
   00070    0.4272   -8177.7147  0.3804 
   00071    0.4084   -8188.9451  0.3866 
   00072    0.4212   -8211.0897  0.3846 
   00073    0.4180   -8207.6574  0.3832 
   00074    0.4268   -8175.9245  0.3917 
   00075    0.4092   -8214.5976  0.3939 
   00076    0.4056   -8228.5372  0.3964 
   00077    0.4268   -8232.7689  0.3947 
   00078    0.4088   -8256.1977  0.3952 
   00079    0.4244   -8245.3132  0.3965 
   00080    0.4272   -8270.8488  0.3964 
   00081    0.4152   -8300.1677  0.4010 
   00082    0.4192   -8276.1943  0.4094 
   00083    0.4160   -8236.0769  0.4125 
   00084    0.4212   -8242.5412  0.4138 
   00085    0.4172   -8254.2718  0.4102 
   00086    0.4272   -8222.4852  0.4134 
   00087    0.4364   -8250.9583  0.4116 
   00088    0.4152   -8239.8257  0.4073 
   00089    0.4292   -8208.1135  0.4111 
   00090    0.4156   -8214.5536  0.4055 
   00091    0.4244   -8209.6791  0.4153 
   00092    0.4316   -8209.0588  0.4210 
   00093    0.4292   -8206.0242  0.4269 
   00094    0.4104   -8244.2898  0.4262 
   00095    0.4420   -8266.7669  0.4293 
   00096    0.4140   -8220.2517  0.4289 
   00097    0.4156   -8239.9352  0.4345 
   00098    0.4216   -8265.7908  0.4360 
   00099    0.4112   -8296.4721  0.4403 
   00100    0.4280   -8300.3115  0.4411 
   00101    0.4264   -8310.5547  0.4449 
   00102    0.4208   -8298.2513  0.4449 
   00103    0.4288   -8313.1728  0.4482 
   00104    0.4188   -8357.6599  0.4471 
   00105    0.4136   -8340.0542  0.4414 
   00106    0.4108   -8309.9968  0.4375 
   00107    0.4232   -8298.9889  0.4400 
   00108    0.4216   -8355.0889  0.4380 
   00109    0.4000   -8345.3452  0.4387 
   00110    0.4204   -8326.1448  0.4417 
   00111    0.4200   -8286.4966  0.4476 
   00112    0.4144   -8290.2259  0.4559 
   00113    0.4128   -8325.4252  0.4600 
   00114    0.4152   -8374.0534  0.4629 
   00115    0.4148   -8390.0859  0.4574 
   00116    0.4076   -8397.2302  0.4630 
   00117    0.4144   -8377.8404  0.4660 
   00118    0.4192   -8444.5185  0.4690 
   00119    0.4112   -8413.3632  0.4661 
   00120    0.4008   -8403.9425  0.4664 
   00121    0.4136   -8372.2823  0.4690 
   00122    0.4068   -8308.0473  0.4643 
   00123    0.4084   -8310.3587  0.4650 
   00124    0.4176   -8333.6279  0.4666 
   00125    0.4380   -8311.0117  0.4648 
   00126    0.4212   -8345.3725  0.4665 
   00127    0.4112   -8354.2267  0.4696 
   00128    0.4076   -8360.2248  0.4708 
   00129    0.4244   -8340.8042  0.4767 
   00130    0.4260   -8358.7892  0.4771 
   00131    0.4388   -8369.4018  0.4706 
   00132    0.4120   -8363.4857  0.4745 
   00133    0.4088   -8368.0265  0.4726 
   00134    0.4164   -8408.3022  0.4751 
   00135    0.4108   -8375.2253  0.4840 
   00136    0.4204   -8355.3091  0.4832 
   00137    0.4156   -8344.6859  0.4803 
   00138    0.4080   -8372.2587  0.4803 
   00139    0.4080   -8363.3296  0.4822 
   00140    0.4124   -8362.3121  0.4791 
   00141    0.4172   -8308.6204  0.4813 
   00142    0.4200   -8281.9808  0.4857 
   00143    0.4296   -8369.9475  0.4854 
   00144    0.4140   -8371.2658  0.4908 
   00145    0.4028   -8346.4153  0.4818 
   00146    0.4192   -8337.0182  0.4862 
   00147    0.4204   -8321.7871  0.4885 
   00148    0.4176   -8365.8399  0.4894 
   00149    0.4296   -8374.5807  0.4920 
   00150    0.4200   -8380.7961  0.4889 
   00151    0.4244   -8384.7311  0.4891 
   00152    0.4108   -8359.1057  0.4895 
   00153    0.4152   -8337.0623  0.4954 
   00154    0.4168   -8350.7031  0.4895 
   00155    0.4148   -8369.8913  0.4927 
   00156    0.4120   -8361.0429  0.4912 
   00157    0.4140   -8331.5648  0.4974 
   00158    0.4228   -8400.0443  0.5071 
   00159    0.4232   -8382.2530  0.5113 
   00160    0.3928   -8364.2133  0.5059 
   00161    0.4204   -8368.4405  0.5022 
   00162    0.4016   -8372.0291  0.5050 
   00163    0.4252   -8364.2997  0.5139 
   00164    0.4248   -8379.1823  0.5096 
   00165    0.4148   -8383.4154  0.5107 
   00166    0.4124   -8384.1739  0.5099 
   00167    0.4124   -8390.0610  0.5160 
   00168    0.4140   -8435.2260  0.5214 
   00169    0.4228   -8463.7392  0.5281 
   00170    0.3964   -8429.3282  0.5279 
   00171    0.4064   -8412.7208  0.5251 
   00172    0.4052   -8420.6935  0.5210 
   00173    0.4136   -8442.6117  0.5238 
   00174    0.4076   -8471.1805  0.5206 
   00175    0.4188   -8466.2303  0.5162 
   00176    0.3908   -8469.9859  0.5171 
   00177    0.4044   -8478.5736  0.5158 
   00178    0.4088   -8440.9725  0.5154 
   00179    0.4228   -8440.8881  0.5232 
   00180    0.4212   -8432.7205  0.5292 
   00181    0.4132   -8403.7796  0.5273 
   00182    0.4248   -8400.5818  0.5319 
   00183    0.4204   -8394.1682  0.5269 
   00184    0.4044   -8373.2710  0.5276 
   00185    0.4192   -8408.4564  0.5342 
   00186    0.4128   -8407.5031  0.5359 
   00187    0.4248   -8379.0371  0.5219 
   00188    0.4148   -8371.8223  0.5276 
   00189    0.4164   -8412.0798  0.5330 
   00190    0.4108   -8450.6944  0.5316 
   00191    0.4328   -8514.6177  0.5369 
   00192    0.4228   -8502.2476  0.5269 
   00193    0.4104   -8522.2266  0.5264 
   00194    0.4148   -8455.7312  0.5283 
   00195    0.3944   -8504.2889  0.5287 
   00196    0.4172   -8490.2632  0.5282 
   00197    0.4208   -8460.9284  0.5290 
   00198    0.4140   -8467.8075  0.5300 
   00199    0.4068   -8443.5497  0.5301 
   00200    0.4128   -8470.7664  0.5361 
   00201    0.3992   -8454.3441  0.5328 
   00202    0.4052   -8497.2210  0.5304 
   00203    0.3956   -8507.3645  0.5337 
   00204    0.4112   -8484.9116  0.5277 
   00205    0.4084   -8495.7723  0.5363 
   00206    0.4172   -8495.1680  0.5372 
   00207    0.4224   -8522.0542  0.5372 
   00208    0.4028   -8521.0850  0.5466 
   00209    0.4184   -8468.7573  0.5374 
   00210    0.4160   -8422.8911  0.5409 
   00211    0.4140   -8480.6422  0.5430 
   00212    0.4024   -8443.8071  0.5482 
   00213    0.4088   -8457.8621  0.5501 
   00214    0.4216   -8455.3050  0.5509 
   00215    0.4256   -8429.8216  0.5450 
   00216    0.4184   -8453.6351  0.5447 
   00217    0.4208   -8401.0203  0.5429 
   00218    0.4264   -8408.7965  0.5393 
   00219    0.4180   -8429.8000  0.5387 
   00220    0.4188   -8475.5449  0.5446 
   00221    0.4232   -8441.5234  0.5395 
   00222    0.4176   -8411.1888  0.5337 
   00223    0.4028   -8414.9065  0.5365 
   00224    0.4320   -8402.9369  0.5373 
   00225    0.4052   -8412.8774  0.5395 
   00226    0.4220   -8421.3536  0.5425 
   00227    0.4172   -8482.5864  0.5444 
   00228    0.4152   -8495.7613  0.5443 
   00229    0.4108   -8485.1180  0.5465 
   00230    0.4196   -8509.8033  0.5544 
   00231    0.4152   -8528.5693  0.5505 
   00232    0.3956   -8477.5460  0.5500 
   00233    0.4144   -8507.1671  0.5474 
   00234    0.4112   -8518.2831  0.5453 
   00235    0.4200   -8506.2187  0.5468 
   00236    0.4040   -8467.3122  0.5458 
   00237    0.4040   -8503.1689  0.5499 
   00238    0.3964   -8482.8528  0.5507 
   00239    0.4068   -8482.2743  0.5522 
   00240    0.4084   -8499.5061  0.5485 
   00241    0.4148   -8481.6014  0.5485 
   00242    0.4072   -8476.3943  0.5485 
   00243    0.3956   -8436.5808  0.5420 
   00244    0.4076   -8448.1510  0.5397 
   00245    0.4216   -8470.9762  0.5379 
   00246    0.4056   -8469.3933  0.5383 
   00247    0.4176   -8452.3428  0.5445 
   00248    0.3964   -8464.2870  0.5377 
   00249    0.4244   -8494.8613  0.5404 
   00250    0.4064   -8550.0126  0.5384 
   00251    0.4084   -8540.6546  0.5369 
   00252    0.4128   -8561.7641  0.5406 
   00253    0.4176   -8547.8721  0.5390 
   00254    0.4228   -8542.2643  0.5385 
   00255    0.4132   -8509.6596  0.5317 
   00256    0.4236   -8539.2877  0.5281 
   00257    0.4152   -8563.0563  0.5297 
   00258    0.4044   -8538.6685  0.5314 
   00259    0.4076   -8496.1479  0.5261 
   00260    0.3936   -8522.2252  0.5267 
   00261    0.3912   -8520.4752  0.5261 
   00262    0.4292   -8533.5416  0.5275 
   00263    0.4136   -8530.6532  0.5286 
   00264    0.3928   -8528.6810  0.5287 
   00265    0.4300   -8508.2877  0.5211 
   00266    0.4072   -8517.3997  0.5275 
   00267    0.4212   -8444.4249  0.5303 
   00268    0.4092   -8483.0143  0.5347 
   00269    0.4100   -8489.2020  0.5385 
   00270    0.4056   -8483.5656  0.5411 
   00271    0.4100   -8500.7614  0.5414 
   00272    0.4036   -8501.7301  0.5443 
   00273    0.4180   -8506.2978  0.5448 
   00274    0.4048   -8485.2652  0.5448 
   00275    0.3964   -8516.0682  0.5415 
   00276    0.4028   -8502.8766  0.5475 
   00277    0.3972   -8539.2884  0.5539 
   00278    0.4104   -8549.0762  0.5551 
   00279    0.4000   -8518.8578  0.5582 
   00280    0.4200   -8528.4599  0.5567 
   00281    0.3972   -8529.3544  0.5584 
   00282    0.4052   -8511.0603  0.5597 
   00283    0.4124   -8527.4657  0.5587 
   00284    0.4180   -8513.1181  0.5645 
   00285    0.4156   -8532.7439  0.5657 
   00286    0.3992   -8529.2375  0.5624 
   00287    0.4136   -8498.6435  0.5611 
   00288    0.4016   -8479.2625  0.5604 
   00289    0.4220   -8506.3362  0.5659 
   00290    0.4128   -8523.9929  0.5650 
   00291    0.4004   -8528.9091  0.5649 
   00292    0.4032   -8496.3248  0.5621 
   00293    0.4176   -8506.4481  0.5623 
   00294    0.4164   -8531.1130  0.5618 
   00295    0.4052   -8553.6398  0.5621 
   00296    0.4100   -8580.9621  0.5650 
   00297    0.4060   -8552.1194  0.5598 
   00298    0.4156   -8511.9845  0.5541 
   00299    0.4052   -8512.8900  0.5613 
   00300    0.4212   -8459.9258  0.5558 
   00301    0.3976   -8451.1705  0.5581 
   00302    0.4040   -8466.8662  0.5580 
   00303    0.4264   -8430.9846  0.5562 
   00304    0.4204   -8475.9107  0.5668 
   00305    0.4212   -8471.5915  0.5629 
   00306    0.4120   -8495.4472  0.5672 
   00307    0.4056   -8532.3928  0.5717 
   00308    0.4168   -8541.5559  0.5718 
   00309    0.4152   -8525.9596  0.5827 
   00310    0.4252   -8515.6944  0.5814 
   00311    0.4060   -8501.8314  0.5874 
   00312    0.4048   -8474.4718  0.5864 
   00313    0.4132   -8475.1128  0.5841 
   00314    0.4024   -8550.6244  0.5861 
   00315    0.4172   -8524.8609  0.5911 
   00316    0.4340   -8539.6960  0.5897 
   00317    0.4092   -8541.2615  0.5850 
   00318    0.3936   -8533.3086  0.5802 
   00319    0.4196   -8585.9159  0.5808 
   00320    0.4180   -8526.0469  0.5777 
   00321    0.4156   -8514.0620  0.5743 
   00322    0.4128   -8492.4958  0.5771 
   00323    0.3896   -8528.3265  0.5804 
   00324    0.4060   -8549.0812  0.5850 
   00325    0.4256   -8484.7807  0.5834 
   00326    0.4180   -8454.2947  0.5807 
   00327    0.4120   -8463.4095  0.5785 
   00328    0.3972   -8427.5901  0.5769 
   00329    0.3952   -8423.4907  0.5828 
   00330    0.4248   -8429.5018  0.5838 
   00331    0.4300   -8420.9932  0.5845 
   00332    0.4160   -8512.4927  0.5905 
   00333    0.4256   -8470.3521  0.5891 
   00334    0.3976   -8428.0823  0.5811 
   00335    0.4072   -8458.2393  0.5849 
   00336    0.4104   -8486.8842  0.5869 
   00337    0.4076   -8501.0453  0.5918 
   00338    0.3980   -8484.3681  0.5926 
   00339    0.4056   -8481.5698  0.5885 
   00340    0.4152   -8521.2439  0.5879 
   00341    0.4084   -8512.5919  0.5919 
   00342    0.4136   -8466.2927  0.5907 
   00343    0.4068   -8522.4065  0.5915 
   00344    0.4192   -8560.9262  0.5963 
   00345    0.4164   -8574.0217  0.5997 
   00346    0.4076   -8567.5032  0.6005 
   00347    0.4156   -8529.1097  0.6018 
   00348    0.4096   -8514.7821  0.6036 
   00349    0.4148   -8485.9479  0.6050 
   00350    0.4140   -8522.2981  0.6002 
   00351    0.4224   -8481.5748  0.6043 
   00352    0.4140   -8478.5214  0.6007 
   00353    0.4088   -8500.7318  0.6015 
   00354    0.4076   -8500.4755  0.6011 
   00355    0.3936   -8554.7041  0.6006 
   00356    0.3860   -8570.2292  0.6075 
   00357    0.4048   -8589.2380  0.6101 
   00358    0.3948   -8583.7016  0.6138 
   00359    0.3904   -8587.0331  0.6059 
   00360    0.4304   -8546.0461  0.6050 
   00361    0.4108   -8552.7302  0.6044 
   00362    0.4100   -8526.5498  0.6087 
   00363    0.3972   -8497.0686  0.6042 
   00364    0.4116   -8499.5357  0.6043 
   00365    0.4264   -8433.4153  0.6026 
   00366    0.4236   -8478.4870  0.6023 
   00367    0.4240   -8463.5961  0.6041 
   00368    0.4272   -8447.3172  0.6057 
   00369    0.4140   -8437.2673  0.6057 
   00370    0.3932   -8430.5780  0.6149 
   00371    0.4168   -8438.0756  0.6111 
   00372    0.4144   -8454.4308  0.6095 
   00373    0.4068   -8499.6556  0.6117 
   00374    0.4260   -8504.4838  0.6112 
   00375    0.4152   -8521.7657  0.6123 
   00376    0.4144   -8477.6235  0.6121 
   00377    0.4216   -8494.7343  0.6129 
   00378    0.4140   -8514.5926  0.6104 
   00379    0.4180   -8528.4831  0.6096 
   00380    0.4096   -8527.4881  0.6116 
   00381    0.4140   -8531.7487  0.6070 
   00382    0.4048   -8508.5111  0.6087 
   00383    0.4140   -8505.3499  0.6026 
   00384    0.4172   -8522.7622  0.5985 
   00385    0.4116   -8496.4850  0.6016 
   00386    0.3992   -8523.1427  0.6003 
   00387    0.4032   -8493.6353  0.5969 
   00388    0.4228   -8468.7746  0.5951 
   00389    0.4236   -8464.8494  0.5969 
   00390    0.4152   -8475.2085  0.5940 
   00391    0.4116   -8454.7677  0.5889 
   00392    0.4132   -8481.0234  0.5894 
   00393    0.4160   -8506.6573  0.5913 
   00394    0.4216   -8542.2248  0.5900 
   00395    0.4300   -8550.2268  0.5924 
   00396    0.4108   -8533.9597  0.5875 
   00397    0.4160   -8520.3910  0.5889 
   00398    0.4016   -8513.6033  0.5950 
   00399    0.4116   -8533.8852  0.5917 
   00400    0.4136   -8554.5167  0.5930 
   00401    0.3964   -8547.7615  0.5898 
   00402    0.4052   -8540.0340  0.5902 
   00403    0.4164   -8554.2069  0.5869 
   00404    0.4248   -8583.1836  0.5870 
   00405    0.3976   -8545.5643  0.5853 
   00406    0.4192   -8539.5613  0.5878 
   00407    0.4184   -8491.8892  0.5883 
   00408    0.4064   -8477.4154  0.5875 
   00409    0.4252   -8467.7906  0.5857 
   00410    0.4096   -8508.9326  0.5873 
   00411    0.4096   -8510.0943  0.5839 
   00412    0.3996   -8543.1961  0.5869 
   00413    0.4060   -8506.9542  0.5807 
   00414    0.4148   -8506.5599  0.5810 
   00415    0.4040   -8497.0106  0.5784 
   00416    0.4176   -8471.4215  0.5808 
   00417    0.4192   -8468.6279  0.5803 
   00418    0.4304   -8483.9562  0.5848 
   00419    0.4156   -8507.2819  0.5836 
   00420    0.4112   -8546.8549  0.5862 
   00421    0.4292   -8516.0340  0.5883 
   00422    0.4004   -8512.5689  0.5896 
   00423    0.4072   -8467.2502  0.5858 
   00424    0.4272   -8468.7208  0.5836 
   00425    0.4132   -8470.6389  0.5801 
   00426    0.4144   -8499.8279  0.5821 
   00427    0.4132   -8563.1074  0.5837 
   00428    0.4004   -8554.0963  0.5827 
   00429    0.4228   -8524.8775  0.5833 
   00430    0.4080   -8538.2953  0.5836 
   00431    0.4088   -8536.4716  0.5888 
   00432    0.4036   -8529.0221  0.5900 
   00433    0.4368   -8540.7621  0.5927 
   00434    0.4108   -8526.5034  0.5934 
   00435    0.4164   -8533.5954  0.5952 
   00436    0.3884   -8530.7310  0.6027 
   00437    0.4032   -8551.9291  0.6045 
   00438    0.4112   -8575.6665  0.6048 
   00439    0.4192   -8573.2354  0.6017 
   00440    0.4116   -8506.0219  0.5990 
   00441    0.4204   -8495.6359  0.6001 
   00442    0.4276   -8523.0162  0.6036 
   00443    0.4036   -8522.0848  0.6046 
   00444    0.4060   -8487.5896  0.6021 
   00445    0.4040   -8505.0793  0.6081 
   00446    0.4188   -8507.0030  0.6129 
   00447    0.3996   -8502.6197  0.6123 
   00448    0.4096   -8567.6773  0.6114 
   00449    0.4308   -8585.9817  0.6085 
   00450    0.4180   -8540.3081  0.6108 
   00451    0.3952   -8506.9358  0.6075 
   00452    0.4140   -8492.1356  0.6072 
   00453    0.4116   -8530.7291  0.6066 
   00454    0.3960   -8528.5903  0.6088 
   00455    0.4056   -8521.5158  0.6084 
   00456    0.4196   -8540.9200  0.6099 
   00457    0.4108   -8523.2312  0.6140 
   00458    0.4092   -8531.5495  0.6228 
   00459    0.4208   -8529.4345  0.6195 
   00460    0.3800   -8555.9076  0.6242 
   00461    0.4184   -8558.5135  0.6261 
   00462    0.4096   -8558.3359  0.6289 
   00463    0.4120   -8544.4848  0.6279 
   00464    0.4068   -8536.4386  0.6276 
   00465    0.4192   -8574.9746  0.6312 
   00466    0.4220   -8590.7815  0.6317 
   00467    0.4232   -8534.2866  0.6270 
   00468    0.4076   -8490.9478  0.6299 
   00469    0.3976   -8507.5901  0.6276 
   00470    0.4332   -8506.5758  0.6254 
   00471    0.4200   -8479.8091  0.6248 
   00472    0.4088   -8495.0886  0.6234 
   00473    0.4080   -8541.9859  0.6207 
   00474    0.4256   -8547.6917  0.6232 
   00475    0.3896   -8583.7457  0.6255 
   00476    0.4052   -8548.2386  0.6271 
   00477    0.4036   -8512.2726  0.6279 
   00478    0.4084   -8515.2377  0.6311 
   00479    0.4068   -8551.2527  0.6323 
   00480    0.4196   -8471.5218  0.6404 
   00481    0.4116   -8528.6860  0.6434 
   00482    0.4024   -8512.4742  0.6413 
   00483    0.3876   -8485.1454  0.6380 
   00484    0.4116   -8489.1463  0.6381 
   00485    0.4100   -8531.4519  0.6463 
   00486    0.4096   -8571.0302  0.6484 
   00487    0.3872   -8543.2296  0.6473 
   00488    0.4264   -8546.1068  0.6461 
   00489    0.4144   -8510.3323  0.6446 
   00490    0.4240   -8491.1794  0.6381 
   00491    0.4192   -8504.8243  0.6372 
   00492    0.4124   -8477.8710  0.6372 
   00493    0.4128   -8501.9996  0.6417 
   00494    0.4092   -8552.5982  0.6477 
   00495    0.4040   -8569.1228  0.6496 
   00496    0.3968   -8562.5944  0.6493 
   00497    0.4132   -8587.8285  0.6525 
   00498    0.3900   -8611.4374  0.6552 
   00499    0.3996   -8622.5892  0.6598 
   00500    0.4120   -8611.8228  0.6649 
   00501    0.4100   -8575.9932  0.6578 
   00502    0.4092   -8528.3138  0.6544 
   00503    0.4096   -8518.8683  0.6506 
   00504    0.4104   -8512.7586  0.6483 
   00505    0.4052   -8490.3781  0.6474 
   00506    0.3984   -8519.0238  0.6497 
   00507    0.4096   -8493.0299  0.6455 
   00508    0.4188   -8474.1107  0.6428 
   00509    0.4256   -8507.0825  0.6450 
   00510    0.4112   -8572.7185  0.6517 
   00511    0.4168   -8569.0415  0.6498 
   00512    0.4068   -8576.1737  0.6486 
   00513    0.4228   -8513.3350  0.6468 
   00514    0.4356   -8472.8128  0.6474 
   00515    0.4212   -8543.4976  0.6491 
   00516    0.4160   -8572.6333  0.6505 
   00517    0.4024   -8531.5336  0.6486 
   00518    0.4244   -8577.5191  0.6535 
   00519    0.4040   -8577.6757  0.6553 
   00520    0.4056   -8545.5610  0.6524 
   00521    0.4116   -8547.1091  0.6497 
   00522    0.4076   -8566.3160  0.6482 
   00523    0.4024   -8500.8628  0.6472 
   00524    0.4120   -8493.8760  0.6453 
   00525    0.4064   -8549.0897  0.6520 
   00526    0.4228   -8544.7058  0.6513 
   00527    0.4004   -8526.9845  0.6487 
   00528    0.4040   -8491.9974  0.6465 
   00529    0.4076   -8537.1599  0.6415 
   00530    0.4084   -8577.3523  0.6423 
   00531    0.4092   -8572.3815  0.6402 
   00532    0.3892   -8565.5739  0.6375 
   00533    0.4152   -8542.1035  0.6379 
   00534    0.4048   -8564.8748  0.6423 
   00535    0.4156   -8561.0145  0.6402 
   00536    0.4068   -8554.1626  0.6399 
   00537    0.3992   -8551.8559  0.6432 
   00538    0.4156   -8534.7754  0.6408 
   00539    0.4276   -8566.3116  0.6383 
   00540    0.4188   -8528.7566  0.6326 
   00541    0.4208   -8534.6476  0.6332 
   00542    0.3876   -8550.6100  0.6339 
   00543    0.4260   -8556.7253  0.6288 
   00544    0.4292   -8562.3920  0.6237 
   00545    0.4000   -8555.7675  0.6251 
   00546    0.4008   -8554.2733  0.6324 
   00547    0.4092   -8535.8063  0.6316 
   00548    0.4080   -8548.2726  0.6342 
   00549    0.4004   -8534.9515  0.6324 
   00550    0.4320   -8512.7008  0.6370 
   00551    0.4056   -8507.0973  0.6330 
   00552    0.4216   -8512.1414  0.6365 
   00553    0.3980   -8520.0774  0.6424 
   00554    0.4176   -8521.8917  0.6453 
   00555    0.4168   -8530.5110  0.6476 
   00556    0.3948   -8543.6384  0.6462 
   00557    0.3972   -8524.6787  0.6450 
   00558    0.4076   -8547.8356  0.6445 
   00559    0.4092   -8535.7684  0.6459 
   00560    0.4192   -8540.6242  0.6455 
   00561    0.4024   -8525.7877  0.6475 
   00562    0.4244   -8485.3135  0.6478 
   00563    0.4012   -8503.0042  0.6522 
   00564    0.4184   -8503.2970  0.6507 
   00565    0.4056   -8478.8745  0.6524 
   00566    0.4192   -8529.2701  0.6587 
   00567    0.4188   -8538.5466  0.6581 
   00568    0.4012   -8584.2532  0.6573 
   00569    0.4068   -8560.9815  0.6587 
   00570    0.3976   -8571.0609  0.6554 
   00571    0.4276   -8515.0129  0.6486 
   00572    0.4008   -8524.9671  0.6451 
   00573    0.4140   -8500.3140  0.6445 
   00574    0.4100   -8537.4925  0.6453 
   00575    0.4088   -8518.6192  0.6488 
   00576    0.4088   -8544.7818  0.6513 
   00577    0.4100   -8554.3822  0.6523 
   00578    0.4140   -8570.1325  0.6566 
   00579    0.4000   -8619.6398  0.6628 
   00580    0.4044   -8550.1083  0.6591 
   00581    0.4168   -8551.9733  0.6575 
   00582    0.4192   -8554.2886  0.6603 
   00583    0.3968   -8586.9617  0.6610 
   00584    0.4128   -8575.3439  0.6631 
   00585    0.4028   -8586.9499  0.6640 
   00586    0.4116   -8570.2045  0.6637 
   00587    0.4004   -8571.2239  0.6629 
   00588    0.4032   -8513.5891  0.6574 
   00589    0.3960   -8531.0924  0.6613 
   00590    0.4040   -8567.9112  0.6602 
   00591    0.4112   -8592.7183  0.6577 
   00592    0.4028   -8501.1506  0.6552 
   00593    0.4152   -8535.8861  0.6605 
   00594    0.4092   -8527.8589  0.6596 
   00595    0.4028   -8517.2751  0.6628 
   00596    0.4200   -8540.4710  0.6628 
   00597    0.4040   -8526.4324  0.6652 
   00598    0.4224   -8575.7777  0.6653 
   00599    0.4024   -8569.8932  0.6673 
   00600    0.4008   -8590.9998  0.6652 
   00601    0.4160   -8551.8384  0.6603 
   00602    0.4272   -8500.3743  0.6591 
   00603    0.4124   -8522.1292  0.6584 
   00604    0.4040   -8551.3113  0.6583 
   00605    0.4048   -8521.0103  0.6572 
   00606    0.3984   -8478.0343  0.6580 
   00607    0.4116   -8530.3310  0.6589 
   00608    0.4108   -8501.9443  0.6541 
   00609    0.3880   -8502.7732  0.6575 
   00610    0.4124   -8516.1131  0.6674 
   00611    0.4024   -8524.6754  0.6615 
   00612    0.4284   -8515.8419  0.6533 
   00613    0.4016   -8501.6775  0.6539 
   00614    0.4188   -8519.5162  0.6601 
   00615    0.4216   -8544.6505  0.6598 
   00616    0.4132   -8540.7467  0.6630 
   00617    0.4232   -8577.3081  0.6652 
   00618    0.4028   -8594.0932  0.6614 
   00619    0.4020   -8581.2757  0.6661 
   00620    0.4064   -8608.1943  0.6694 
   00621    0.4132   -8563.4386  0.6671 
   00622    0.4264   -8572.1164  0.6674 
   00623    0.4168   -8556.2633  0.6652 
   00624    0.4040   -8554.2474  0.6642 
   00625    0.4128   -8547.1575  0.6669 
   00626    0.4032   -8538.3435  0.6615 
   00627    0.4176   -8559.9452  0.6597 
   00628    0.4212   -8556.5011  0.6582 
   00629    0.4276   -8514.3460  0.6630 
   00630    0.4116   -8501.9679  0.6585 
   00631    0.4136   -8507.1730  0.6618 
   00632    0.4288   -8505.2804  0.6616 
   00633    0.4332   -8489.1255  0.6530 
   00634    0.4096   -8551.8600  0.6573 
   00635    0.4140   -8538.8896  0.6584 
   00636    0.4192   -8541.7821  0.6616 
   00637    0.4036   -8517.4413  0.6595 
   00638    0.4180   -8502.6721  0.6595 
   00639    0.4176   -8596.0297  0.6654 
   00640    0.4036   -8582.6344  0.6653 
   00641    0.4132   -8570.6276  0.6712 
   00642    0.4060   -8589.3906  0.6726 
   00643    0.4188   -8598.8917  0.6762 
   00644    0.4112   -8584.2903  0.6766 
   00645    0.4264   -8542.7984  0.6753 
   00646    0.4128   -8516.6854  0.6692 
   00647    0.4164   -8554.0884  0.6742 
   00648    0.3992   -8541.1554  0.6753 
   00649    0.4240   -8548.8484  0.6745 
   00650    0.3904   -8558.8241  0.6731 
   00651    0.4060   -8557.1265  0.6784 
   00652    0.4100   -8572.2972  0.6761 
   00653    0.4120   -8520.7817  0.6725 
   00654    0.3968   -8570.3032  0.6756 
   00655    0.4080   -8537.1878  0.6711 
   00656    0.4148   -8531.3763  0.6701 
   00657    0.4208   -8579.5056  0.6702 
   00658    0.4032   -8587.2736  0.6683 
   00659    0.4108   -8597.2653  0.6703 
   00660    0.3940   -8617.9317  0.6723 
   00661    0.4264   -8563.4633  0.6626 
   00662    0.4140   -8547.8596  0.6647 
   00663    0.3892   -8509.3118  0.6586 
   00664    0.4096   -8531.9201  0.6550 
   00665    0.4300   -8505.8374  0.6519 
   00666    0.4068   -8511.6751  0.6468 
   00667    0.4056   -8487.2121  0.6468 
   00668    0.4144   -8466.1307  0.6456 
   00669    0.4112   -8470.7750  0.6447 
   00670    0.4292   -8523.2421  0.6508 
   00671    0.3976   -8566.2118  0.6488 
   00672    0.4020   -8564.8451  0.6462 
   00673    0.4092   -8606.1004  0.6445 
   00674    0.4168   -8572.3762  0.6471 
   00675    0.4036   -8552.8855  0.6506 
   00676    0.4044   -8571.6462  0.6549 
   00677    0.3924   -8568.9122  0.6529 
   00678    0.4140   -8521.1006  0.6475 
   00679    0.4040   -8546.3035  0.6529 
   00680    0.3980   -8528.7960  0.6476 
   00681    0.4164   -8526.0251  0.6433 
   00682    0.4012   -8510.0256  0.6378 
   00683    0.4052   -8528.9601  0.6409 
   00684    0.4100   -8565.4441  0.6462 
   00685    0.4128   -8584.5367  0.6400 
   00686    0.3992   -8616.1984  0.6435 
   00687    0.3952   -8594.5654  0.6396 
   00688    0.4132   -8590.6316  0.6408 
   00689    0.4112   -8552.0339  0.6414 
   00690    0.4216   -8568.4379  0.6414 
   00691    0.4080   -8590.3039  0.6421 
   00692    0.3960   -8604.3534  0.6405 
   00693    0.3968   -8595.0465  0.6410 
   00694    0.4068   -8533.3700  0.6424 
   00695    0.4228   -8557.1132  0.6403 
   00696    0.4096   -8552.3932  0.6425 
   00697    0.4168   -8506.2556  0.6410 
   00698    0.4192   -8572.4501  0.6446 
   00699    0.4008   -8501.4550  0.6432 
   00700    0.4152   -8498.9853  0.6465 
   00701    0.4216   -8546.7595  0.6414 
   00702    0.3964   -8578.7275  0.6437 
   00703    0.4040   -8545.4465  0.6472 
   00704    0.4092   -8554.5676  0.6494 
   00705    0.4188   -8529.0918  0.6453 
   00706    0.3952   -8499.6444  0.6454 
   00707    0.4244   -8494.7023  0.6409 
   00708    0.4012   -8509.6515  0.6422 
   00709    0.4164   -8537.3014  0.6450 
   00710    0.4180   -8554.1533  0.6450 
   00711    0.4276   -8513.0993  0.6421 
   00712    0.3996   -8506.2621  0.6346 
   00713    0.3992   -8479.8623  0.6313 
   00714    0.4132   -8532.8079  0.6301 
   00715    0.4104   -8540.9031  0.6304 
   00716    0.4132   -8546.1200  0.6275 
   00717    0.4308   -8553.8246  0.6269 
   00718    0.3976   -8487.0182  0.6241 
   00719    0.4108   -8521.5487  0.6269 
   00720    0.4048   -8567.7653  0.6300 
   00721    0.4132   -8544.4546  0.6295 
   00722    0.4012   -8559.7395  0.6280 
   00723    0.4024   -8560.4338  0.6302 
   00724    0.4120   -8565.1903  0.6315 
   00725    0.4120   -8562.1956  0.6297 
   00726    0.4380   -8511.7510  0.6271 
   00727    0.4072   -8537.6381  0.6222 
   00728    0.4184   -8551.6263  0.6223 
   00729    0.4208   -8558.3690  0.6248 
   00730    0.4028   -8556.6224  0.6246 
   00731    0.4056   -8493.3421  0.6244 
   00732    0.4208   -8485.0274  0.6238 
   00733    0.4288   -8481.9041  0.6319 
   00734    0.4128   -8555.0219  0.6323 
   00735    0.3960   -8554.4325  0.6278 
   00736    0.4028   -8575.0975  0.6300 
   00737    0.4016   -8614.8348  0.6314 
   00738    0.4108   -8556.8939  0.6285 
   00739    0.4064   -8537.6257  0.6330 
   00740    0.4108   -8585.6957  0.6378 
   00741    0.4124   -8539.8065  0.6335 
   00742    0.4172   -8514.1484  0.6303 
   00743    0.4140   -8544.9263  0.6301 
   00744    0.3956   -8533.5695  0.6313 
   00745    0.4140   -8536.2324  0.6347 
   00746    0.4096   -8502.0596  0.6346 
   00747    0.4064   -8488.7956  0.6347 
   00748    0.4180   -8492.8511  0.6319 
   00749    0.4096   -8544.5433  0.6366 
   00750    0.4308   -8565.0030  0.6364 
   00751    0.4064   -8576.8625  0.6400 
   00752    0.4044   -8596.9302  0.6446 
   00753    0.4188   -8628.6727  0.6460 
   00754    0.4132   -8598.8573  0.6411 
   00755    0.4120   -8584.6013  0.6353 
   00756    0.4164   -8570.6067  0.6326 
   00757    0.4160   -8531.4042  0.6320 
   00758    0.3912   -8548.2135  0.6326 
   00759    0.3984   -8539.7167  0.6307 
   00760    0.4188   -8493.1407  0.6266 
   00761    0.4132   -8528.3716  0.6266 
   00762    0.4028   -8536.8718  0.6286 
   00763    0.4040   -8551.7071  0.6333 
   00764    0.4016   -8524.7429  0.6289 
   00765    0.4012   -8511.2134  0.6242 
   00766    0.4248   -8504.8448  0.6278 
   00767    0.4124   -8486.9939  0.6294 
   00768    0.4092   -8536.7974  0.6308 
   00769    0.4144   -8507.9439  0.6328 
   00770    0.4224   -8497.4814  0.6319 
   00771    0.4080   -8526.4689  0.6315 
   00772    0.4188   -8557.2657  0.6317 
   00773    0.4076   -8569.4156  0.6334 
   00774    0.4180   -8560.0916  0.6385 
   00775    0.4048   -8567.9977  0.6332 
   00776    0.4228   -8565.0267  0.6415 
   00777    0.4076   -8536.3112  0.6429 
   00778    0.4140   -8576.6026  0.6440 
   00779    0.4188   -8546.8773  0.6467 
   00780    0.4220   -8551.0027  0.6409 
   00781    0.4008   -8539.0643  0.6386 
   00782    0.4248   -8563.9853  0.6384 
   00783    0.4056   -8555.5614  0.6342 
   00784    0.4084   -8539.0418  0.6381 
   00785    0.4208   -8546.5892  0.6351 
   00786    0.4180   -8554.0682  0.6358 
   00787    0.3996   -8527.5900  0.6327 
   00788    0.4028   -8510.2142  0.6339 
   00789    0.4096   -8509.2923  0.6332 
   00790    0.4060   -8526.0802  0.6338 
   00791    0.4096   -8556.1077  0.6372 
   00792    0.4188   -8514.4113  0.6363 
   00793    0.4132   -8499.5864  0.6308 
   00794    0.4012   -8517.7018  0.6328 
   00795    0.3944   -8507.2901  0.6322 
   00796    0.4072   -8512.5660  0.6365 
   00797    0.4068   -8513.6561  0.6376 
   00798    0.4064   -8544.4020  0.6355 
   00799    0.4040   -8548.0570  0.6322 
   00800    0.4228   -8527.8103  0.6364 
   00801    0.3964   -8547.7367  0.6362 
   00802    0.4168   -8511.6712  0.6315 
   00803    0.4156   -8536.0620  0.6304 
   00804    0.3888   -8564.9335  0.6371 
   00805    0.4100   -8583.1636  0.6314 
   00806    0.4188   -8550.3001  0.6282 
   00807    0.4000   -8580.9045  0.6271 
   00808    0.4152   -8543.5657  0.6231 
   00809    0.4084   -8513.5420  0.6187 
   00810    0.3940   -8535.8134  0.6239 
   00811    0.4000   -8512.6283  0.6255 
   00812    0.4084   -8525.8994  0.6228 
   00813    0.4196   -8557.0400  0.6205 
   00814    0.4276   -8571.4590  0.6189 
   00815    0.4072   -8558.1051  0.6113 
   00816    0.4116   -8562.3021  0.6081 
   00817    0.3960   -8559.0917  0.5964 
   00818    0.4052   -8556.0463  0.6003 
   00819    0.3976   -8493.5856  0.5988 
   00820    0.4056   -8492.8406  0.5981 
   00821    0.4080   -8480.0124  0.5924 
   00822    0.3948   -8469.3945  0.5907 
   00823    0.3804   -8482.6662  0.5881 
   00824    0.4060   -8514.2932  0.5972 
   00825    0.4028   -8530.3517  0.5960 
   00826    0.3928   -8517.5165  0.5973 
   00827    0.4152   -8497.7016  0.5913 
   00828    0.4164   -8565.4789  0.5899 
   00829    0.4064   -8565.9563  0.5918 
   00830    0.3996   -8557.7840  0.5885 
   00831    0.3988   -8523.3329  0.5873 
   00832    0.4100   -8527.7883  0.5849 
   00833    0.4200   -8508.0518  0.5876 
   00834    0.4136   -8554.0908  0.5853 
   00835    0.4216   -8551.0018  0.5785 
   00836    0.3980   -8567.2114  0.5753 
   00837    0.4000   -8547.4640  0.5765 
   00838    0.4148   -8547.3578  0.5749 
   00839    0.4020   -8541.7285  0.5724 
   00840    0.4076   -8560.0587  0.5743 
   00841    0.4148   -8552.0415  0.5726 
   00842    0.4076   -8536.4352  0.5767 
   00843    0.3992   -8534.7536  0.5811 
   00844    0.3988   -8519.6059  0.5830 
   00845    0.4100   -8512.9861  0.5808 
   00846    0.4136   -8525.0221  0.5803 
   00847    0.4256   -8502.4979  0.5858 
   00848    0.4072   -8499.8114  0.5869 
   00849    0.4168   -8507.2326  0.5813 
   00850    0.4124   -8512.5434  0.5774 
   00851    0.4040   -8474.8482  0.5825 
   00852    0.4036   -8474.4675  0.5787 
   00853    0.4288   -8476.5146  0.5781 
   00854    0.4192   -8537.2980  0.5802 
   00855    0.4096   -8511.2480  0.5864 
   00856    0.4124   -8500.1140  0.5882 
   00857    0.4100   -8550.6178  0.5850 
   00858    0.4036   -8513.2950  0.5862 
   00859    0.4176   -8482.5027  0.5904 
   00860    0.4100   -8501.9103  0.5966 
   00861    0.4204   -8510.8428  0.5991 
   00862    0.4036   -8561.1131  0.5950 
   00863    0.4068   -8556.7626  0.6014 
   00864    0.4012   -8564.4414  0.5978 
   00865    0.4028   -8548.0908  0.6029 
   00866    0.4072   -8557.5800  0.6074 
   00867    0.4256   -8530.0515  0.6057 
   00868    0.4344   -8561.6466  0.6052 
   00869    0.3988   -8528.8531  0.6057 
   00870    0.4056   -8512.7622  0.6058 
   00871    0.4200   -8502.2369  0.6053 
   00872    0.4072   -8551.1263  0.6087 
   00873    0.4032   -8578.7911  0.6082 
   00874    0.4036   -8564.0195  0.6067 
   00875    0.3988   -8542.8772  0.6073 
   00876    0.4212   -8534.0198  0.6080 
   00877    0.4144   -8568.6097  0.6115 
   00878    0.4200   -8579.0142  0.6157 
   00879    0.4052   -8573.0347  0.6150 
   00880    0.4116   -8540.1431  0.6100 
   00881    0.4352   -8519.9106  0.6125 
   00882    0.4104   -8520.9452  0.6097 
   00883    0.4148   -8517.8171  0.6106 
   00884    0.3896   -8535.9048  0.6121 
   00885    0.4052   -8506.8940  0.6123 
   00886    0.3916   -8552.2423  0.6139 
   00887    0.4012   -8580.9625  0.6212 
   00888    0.3952   -8593.5012  0.6172 
   00889    0.4140   -8572.1303  0.6180 
   00890    0.3948   -8580.4016  0.6280 
   00891    0.4072   -8589.3613  0.6283 
   00892    0.4172   -8595.0776  0.6294 
   00893    0.4076   -8573.0511  0.6304 
   00894    0.3996   -8604.4132  0.6305 
   00895    0.4140   -8545.5051  0.6319 
   00896    0.4088   -8531.5384  0.6300 
   00897    0.4372   -8538.3803  0.6319 
   00898    0.4120   -8555.8220  0.6334 
   00899    0.4008   -8507.1703  0.6320 
   00900    0.4048   -8569.9413  0.6307 
   00901    0.4164   -8611.1020  0.6356 
   00902    0.4064   -8587.9275  0.6302 
   00903    0.4092   -8581.1078  0.6278 
   00904    0.3988   -8548.6776  0.6298 
   00905    0.4096   -8607.8694  0.6316 
   00906    0.3996   -8621.8639  0.6350 
   00907    0.4264   -8620.3292  0.6373 
   00908    0.4180   -8587.1636  0.6362 
   00909    0.3916   -8593.0201  0.6338 
   00910    0.4052   -8577.7554  0.6309 
   00911    0.4188   -8571.1739  0.6303 
   00912    0.4228   -8522.6200  0.6346 
   00913    0.4092   -8516.8626  0.6305 
   00914    0.3948   -8564.5963  0.6324 
   00915    0.4032   -8563.3327  0.6352 
   00916    0.4060   -8571.7898  0.6325 
   00917    0.4092   -8618.1613  0.6325 
   00918    0.4100   -8594.3133  0.6316 
   00919    0.4104   -8627.1484  0.6305 
   00920    0.3888   -8567.2400  0.6242 
   00921    0.4128   -8574.0844  0.6225 
   00922    0.4052   -8578.8902  0.6217 
   00923    0.3880   -8545.5803  0.6242 
   00924    0.4168   -8528.7369  0.6301 
   00925    0.4116   -8512.4817  0.6317 
   00926    0.3992   -8520.9374  0.6305 
   00927    0.4000   -8512.4894  0.6304 
   00928    0.4028   -8506.1757  0.6309 
   00929    0.4116   -8537.9234  0.6332 
   00930    0.4096   -8552.2841  0.6320 
   00931    0.4024   -8484.7234  0.6288 
   00932    0.4008   -8509.3413  0.6267 
   00933    0.4176   -8536.1515  0.6239 
   00934    0.4136   -8502.4713  0.6264 
   00935    0.4140   -8510.4496  0.6233 
   00936    0.4052   -8546.7432  0.6265 
   00937    0.4088   -8492.6625  0.6232 
   00938    0.4252   -8482.5600  0.6223 
   00939    0.4068   -8515.3599  0.6206 
   00940    0.4168   -8513.1236  0.6234 
   00941    0.4176   -8474.9257  0.6287 
   00942    0.4008   -8491.7781  0.6268 
   00943    0.4100   -8520.1797  0.6262 
   00944    0.4024   -8514.9845  0.6261 
   00945    0.4348   -8538.8174  0.6257 
   00946    0.3976   -8509.5093  0.6220 
   00947    0.4116   -8518.8731  0.6247 
   00948    0.4152   -8552.5909  0.6219 
   00949    0.4272   -8507.5723  0.6155 
   00950    0.4160   -8535.6329  0.6116 
   00951    0.4064   -8509.2251  0.6080 
   00952    0.4064   -8587.2479  0.6111 
   00953    0.4196   -8571.4520  0.6084 
   00954    0.4180   -8546.1752  0.6083 
   00955    0.3968   -8545.1851  0.6122 
   00956    0.3980   -8525.9298  0.6102 
   00957    0.4200   -8537.7584  0.6050 
   00958    0.4216   -8587.1449  0.6107 
   00959    0.4084   -8524.7576  0.6055 
   00960    0.4060   -8510.1647  0.6082 
   00961    0.4168   -8553.1244  0.6091 
   00962    0.3996   -8519.1314  0.6127 
   00963    0.3924   -8539.0913  0.6129 
   00964    0.4056   -8549.4171  0.6081 
   00965    0.4124   -8543.2196  0.6068 
   00966    0.4044   -8493.6020  0.6087 
   00967    0.3944   -8525.9732  0.6052 
   00968    0.3960   -8539.4318  0.6092 
   00969    0.4092   -8534.2360  0.6057 
   00970    0.3976   -8538.2632  0.6091 
   00971    0.4260   -8556.1653  0.6087 
   00972    0.4052   -8475.3840  0.6037 
   00973    0.4064   -8503.2217  0.6062 
   00974    0.4148   -8536.4019  0.6021 
   00975    0.3972   -8567.9508  0.6082 
   00976    0.4036   -8542.4326  0.6131 
   00977    0.4268   -8548.0142  0.6157 
   00978    0.4096   -8565.0474  0.6194 
   00979    0.4088   -8549.5954  0.6191 
   00980    0.3932   -8553.0340  0.6179 
   00981    0.4096   -8555.9315  0.6179 
   00982    0.4068   -8569.3709  0.6214 
   00983    0.4076   -8512.9856  0.6155 
   00984    0.4064   -8447.4082  0.6140 
   00985    0.4200   -8496.0756  0.6122 
   00986    0.4092   -8515.3226  0.6206 
   00987    0.4144   -8553.0595  0.6228 
   00988    0.4216   -8586.5364  0.6215 
   00989    0.3936   -8550.2962  0.6228 
   00990    0.3956   -8557.7104  0.6233 
   00991    0.3872   -8548.7897  0.6247 
   00992    0.4256   -8524.6725  0.6264 
   00993    0.4080   -8515.8145  0.6265 
   00994    0.4128   -8533.1939  0.6261 
   00995    0.4132   -8546.9247  0.6290 
   00996    0.4212   -8538.5267  0.6291 
   00997    0.4060   -8542.8076  0.6302 
   00998    0.4244   -8536.1749  0.6303 
   00999    0.4036   -8549.8234  0.6391 
   01000    0.4060   -8531.7362  0.6369 
